 3.33600 0.11199 -0.09323 -0.06205
 6.67100 0.07517 -0.07226 0.02069
 10.00700 0.08087 -0.05186 -0.06205
 13.34300 0.20072 -0.11361 -0.16547
 16.67800 0.15294 -0.13463 -0.07256
 20.01400 0.09520 0.02068 -0.09293
 23.35000 0.11577 0.02068 -0.11391
 26.68500 0.13454 0.05187 -0.12414
 30.02100 0.19661 0.01019 -0.19634
 33.35700 0.22776 0.01049 -0.22752
 36.69300 0.12410 0.00000 -0.12410
 40.02800 0.08276 0.00000 -0.08276
 43.36400 0.18076 -0.04137 -0.17596
 46.70000 0.25845 -0.20683 -0.15498
 50.03500 0.27946 0.00000 -0.27946
 53.37100 0.26023 0.03088 -0.25839
 56.70700 0.28459 0.09323 -0.26888
 60.04200 0.32218 0.23778 -0.21739
 63.37800 0.15752 0.06205 -0.14478
 66.71400 0.29124 0.03118 -0.28957
 70.04900 0.20306 0.05157 -0.19640
 73.38500 0.11700 0.08273 -0.08273
 76.72100 0.18730 0.02068 -0.18615
 80.05600 0.27867 0.14483 -0.23808
 83.39200 0.22129 0.13459 -0.17566
 86.72800 0.11391 0.00000 -0.11391
 90.06300 0.25019 0.03088 -0.24828
 93.39900 0.18630 0.06205 -0.17566
 96.73500 0.12060 0.10342 -0.06205
 100.07100 0.00000 0.00000 0.00000
 103.40600 0.01049 0.00000 -0.01049
 106.74200 0.21938 0.15528 -0.15498
 110.07800 0.02306 0.01019 -0.02068
 113.41300 0.13248 0.10345 -0.08276
 116.74900 0.20960 0.07254 -0.19664
 120.08500 0.10547 0.02068 -0.10342
 123.42000 0.20598 0.06207 -0.19640
 126.75600 0.18285 0.13429 -0.12410
 130.09200 0.27309 0.24820 -0.11391
 133.42700 0.19246 0.15532 -0.11364
 136.76300 0.28615 0.18615 -0.21733
 140.09900 0.28213 0.27908 -0.04137
 143.43400 0.27965 0.27946 -0.01019
 146.77000 0.08528 0.08273 0.02068
 150.10600 0.25584 0.24820 0.06205
 153.44100 0.26176 0.25847 0.04138
 156.77700 0.19773 0.19664 0.02068
 160.11300 0.28665 0.25839 -0.12410
 163.44900 0.23801 0.23801 0.00000
 166.78400 0.31649 0.31034 -0.06207
 170.12000 0.16838 0.16547 -0.03118
 173.45600 0.19743 0.19634 -0.02068
 176.79100 0.15508 0.12414 -0.09295
 180.12700 0.10984 -0.07224 0.08273
 183.46300 0.19005 0.17566 -0.07254
 186.79800 0.13463 0.13463 0.00000
 190.13400 0.02306 -0.02068 -0.01019
 193.47000 0.07458 0.06205 -0.04137
 196.80500 0.16552 0.16552 0.00000
 200.14100 0.05262 0.05156 -0.01049
 203.47700 0.00000 0.00000 0.00000
 206.81200 0.12520 0.11394 0.05187
 210.14800 0.10801 -0.03118 0.10342
 213.48400 0.00000 0.00000 0.00000
 216.81900 0.08833 0.08276 0.03088
 220.15500 0.30172 0.25869 0.15528
 223.49100 0.21306 0.19634 0.08273
 226.82700 0.22675 0.20683 0.09293
 230.16200 0.31188 0.31034 -0.03088
 233.49800 0.00000 0.00000 0.00000
 236.83400 0.33158 0.33094 0.02068
 240.16900 0.01049 0.01049 0.00000
 243.50500 0.35223 0.35162 0.02068
 246.84100 0.26574 0.25839 0.06205
 250.17600 0.12122 0.11394 0.04138
 253.51200 0.10342 0.08273 -0.06205
 256.84800 0.15498 0.15498 0.00000
 260.18300 0.38937 0.37241 0.11364
 263.51900 0.28266 0.25869 0.11391
 266.85500 0.22846 -0.02068 0.22752
 270.19000 0.40232 0.36192 0.17571
 273.52600 0.38075 0.25869 0.27938
 276.86200 0.19854 0.12410 0.15498
 280.19700 0.20078 0.11364 0.16552
 283.53300 0.32884 0.07254 0.32074
 286.86900 0.07296 0.01019 0.07224
 290.20500 0.38279 0.00000 0.38279
 293.54000 0.28385 -0.15502 0.23778
 296.87600 0.27860 -0.10342 0.25869
 300.21200 0.11003 -0.07254 0.08273
 303.54700 0.20926 -0.11364 0.17571
 306.88300 0.06541 -0.02068 0.06205
 310.21900 0.02925 -0.02068 0.02068
 313.55400 0.15294 -0.13463 0.07256
 316.89000 0.29251 -0.28957 0.04137
 320.22600 0.34364 -0.32044 0.12410
 323.56100 0.30011 -0.21739 0.20690
 326.89700 0.19513 -0.10342 0.16547
 330.23300 0.09293 0.00000 0.09293
 333.56800 0.08895 -0.07226 0.05187
 336.90400 0.15363 -0.10342 0.11361
 340.24000 0.25951 -0.10342 0.23801
 343.57500 0.12619 -0.10345 0.07226
 346.91100 0.22964 -0.03118 0.22752
 350.24700 0.10547 -0.02068 0.10342
 353.58300 0.14514 -0.01019 0.14478
 356.91800 0.23620 -0.11394 0.20690
 360.25400 0.16069 -0.04137 0.15528
 363.59000 0.21801 0.02068 0.21703
 366.92500 0.17618 -0.11364 0.13463
 370.26100 0.08273 0.00000 0.08273
 373.59700 0.22883 -0.07254 0.21703
 376.93200 0.12636 -0.10345 0.07256
 380.26800 0.12442 -0.08273 0.09293
 383.60400 0.03716 0.02068 -0.03088
 386.93900 0.20926 -0.11364 0.17571
 390.27500 0.04137 -0.04137 0.00000
 393.61100 0.09381 -0.01049 0.09323
 396.94600 0.17556 -0.12414 0.12414
 400.28200 0.08068 -0.05156 0.06205
 403.61800 0.12410 0.00000 0.12410
 406.95300 0.09805 -0.03118 0.09295
 410.28900 0.07334 0.05186 0.05186
 413.62500 0.08528 0.02068 0.08273
 416.96100 0.06541 0.02068 0.06205
 420.29600 0.07517 0.02069 0.07226
 423.63200 0.03118 0.00000 0.03118
 426.96800 0.07224 0.00000 0.07224
 430.30300 0.04626 0.02069 0.04138
 433.63900 0.09748 0.05156 -0.08273
 436.97500 0.27056 -0.19634 -0.18615
 440.31000 0.17225 0.14483 0.09325
 443.64600 0.21594 0.06205 0.20683
 446.98200 0.18500 0.08273 0.16547
 450.31700 0.10987 0.08276 0.07226
 453.65300 0.12503 0.05156 0.11391
 456.98900 0.09250 0.04137 0.08273
 460.32400 0.21601 0.20690 0.06207
 463.66000 0.06051 0.05186 -0.03118
 466.99600 0.14478 0.14478 0.00000
 470.33100 0.16681 0.14483 0.08276
 473.66700 0.01019 0.01019 0.00000
 477.00300 0.07313 0.05186 -0.05156
 480.33900 0.13875 0.06205 -0.12410
 483.67400 0.05163 0.03088 -0.04138
 487.01000 0.09830 0.09323 -0.03118
 490.34600 0.17595 0.17566 -0.01019
 493.68100 0.09833 0.03118 -0.09325
 497.01700 0.14052 0.13429 -0.04137
 500.35300 0.09250 0.08273 -0.04137
 503.68800 0.03717 -0.03088 -0.02069
 507.02400 0.09792 0.03088 -0.09293
 510.36000 0.14078 0.11391 -0.08273
 513.69500 0.17870 0.03088 -0.17601
 517.03100 0.15808 0.03118 -0.15498
 520.36700 0.17610 0.13429 -0.11391
 523.70200 0.07226 0.00000 -0.07226
 527.03800 0.12442 -0.09293 -0.08273
 530.37400 0.35003 -0.28957 -0.19664
 533.70900 0.15062 -0.14483 -0.04138
 537.04500 0.18055 -0.16547 -0.07224
 540.38100 0.33050 -0.31025 -0.11391
 543.71700 0.30156 -0.25869 -0.15498
 547.05200 0.19628 -0.18621 -0.06207
 550.38800 0.09764 -0.08273 -0.05186
 553.72400 0.12410 -0.12410 0.00000
 557.05900 0.55055 -0.54813 -0.05157
 560.39500 0.12581 -0.12410 -0.02068
 563.73100 0.26603 -0.25869 -0.06205
 567.06600 0.17117 -0.15502 -0.07256
 570.40200 0.17204 -0.14478 -0.09293
 573.73800 0.03118 -0.03118 0.00000
 577.07300 0.05257 -0.01019 0.05157
 580.40900 0.12945 0.06205 -0.11361
 583.74500 0.15665 0.02068 -0.15528
 587.08000 0.24828 0.00000 -0.24828
 590.41600 0.07514 0.02068 -0.07224
 593.75200 0.23401 0.16547 -0.16547
 597.08700 0.27952 0.17571 -0.21739
 600.42300 0.11436 0.11391 -0.01019
 603.75900 0.42590 0.37230 -0.20683
 607.09500 0.11199 0.06205 -0.09323
 610.43000 0.18637 0.10345 -0.15502
 613.76600 0.15773 0.13429 -0.08273
 617.10200 0.23880 0.22752 -0.07254
 620.43700 0.11177 0.06207 -0.09295
 623.77300 0.14078 0.08273 -0.11391
 627.10900 0.21758 0.21733 0.01049
 630.44400 0.12414 0.12414 0.00000
 633.78000 0.13429 0.13429 0.00000
 637.11600 0.12581 0.12410 0.02068
 640.45100 0.00000 0.00000 0.00000
 643.78700 0.01441 -0.01019 0.01019
 647.12300 0.02068 0.00000 0.02068
 650.45800 0.11413 0.11364 0.01049
 653.79400 0.31451 0.31025 0.05156
 657.13000 0.34424 0.28957 0.18615
 660.46500 0.16377 0.09325 0.13463
 663.80100 0.36716 0.31025 0.19634
 667.13700 0.10238 0.07224 0.07254
 670.47300 0.11138 0.10342 0.04137
 673.80800 0.15813 0.03118 0.15502
 677.14400 0.07254 0.00000 0.07254
 680.48000 0.06288 0.01019 0.06205
 683.81500 0.10805 0.03118 0.10345
 687.15100 0.08831 0.03088 0.08273
 690.48700 0.02925 -0.02068 0.02068
 693.82200 0.10395 -0.01019 0.10345
 697.15800 0.33807 0.13429 0.31025
 700.49400 0.19622 0.06205 0.18615
 703.82900 0.11364 0.00000 0.11364
 707.16500 0.08273 0.00000 0.08273
 710.50100 0.13459 0.00000 0.13459
 713.83600 0.20690 0.00000 0.20690
 717.17200 0.03280 0.03118 0.01019
 720.50800 0.21919 0.20683 0.07254
 723.84300 0.08327 0.07226 -0.04138
 727.17900 0.07458 0.06205 -0.04137
 730.51500 0.12971 0.11391 0.06205
 733.85100 0.25584 0.24820 0.06205
 737.18600 0.19749 0.19640 0.02069
 740.52200 0.14625 0.14478 -0.02068
 743.85800 0.07254 0.07254 0.00000
 747.19300 0.19019 0.13433 -0.13463
 750.52900 0.09546 0.07254 -0.06205
 753.86500 0.06610 0.04137 -0.05156
 757.20000 0.07546 0.02069 -0.07256
 760.53600 0.11770 0.09293 -0.07224
 763.87200 0.12464 0.09323 -0.08273
 767.20700 0.35207 0.35172 -0.01559
 770.54300 0.09856 0.06954 0.06984
 773.87900 0.10217 0.10102 0.01529
 777.21400 0.13285 0.13193 0.01559
 780.55000 0.43406 0.41097 0.13969
 783.88600 0.13343 0.07764 0.10851
 787.22100 0.10080 0.09295 0.03898
 790.55700 0.08844 0.06984 0.05426
 793.89300 0.18680 0.18615 -0.01559
 797.22900 0.01743 0.00779 0.01559
 800.56400 0.10190 0.10075 0.01529
 803.90000 0.06984 0.06984 0.00000
 807.23600 0.23813 0.22512 0.07764
 810.57100 0.23056 0.21709 0.07766
 813.90700 0.13724 0.09323 -0.10072
 817.24300 0.06269 0.03088 -0.05456
 820.57800 0.17425 -0.06207 -0.16282
 823.91400 0.01102 0.00779 -0.00779
 827.25000 0.19394 0.19394 0.00000
 830.58500 0.13011 0.12414 0.03898
 833.92100 0.19455 0.19394 0.01529
 837.25700 0.00000 0.00000 0.00000
 840.59200 0.19829 0.17061 0.10105
 843.92800 0.03867 0.00000 0.03867
 847.26400 0.08389 0.04646 0.06984
 850.59900 0.19109 0.17091 0.08546
 853.93500 0.06243 0.05426 0.03088
 857.27100 0.10543 0.10072 0.03118
 860.60700 0.04503 0.03867 0.02308
 863.94200 0.03118 0.03118 0.00000
 867.27800 0.06984 0.06984 0.00000
 870.61400 0.18256 0.17836 0.03897
 873.94900 0.07000 -0.00780 0.06957
 877.28500 0.00000 0.00000 0.00000
 880.62100 0.09343 0.06984 0.06205
 883.95600 0.05427 0.05427 0.00000
 887.29200 0.14925 0.13189 0.06984
 890.62800 0.05908 0.02338 0.05426
 893.96300 0.05910 0.05427 0.02339
 897.29900 0.03879 0.02308 0.03118
 900.63500 0.07770 0.04676 0.06205
 903.97000 0.04159 0.03868 0.01529
 907.30600 0.00779 0.00000 0.00779
 910.64200 0.06205 0.00000 0.06205
 913.97700 0.02339 0.00000 0.02339
 917.31300 0.08513 0.00000 0.08513
 920.64900 0.04741 0.00779 0.04676
 923.98500 0.07983 0.03867 0.06984
 927.32000 0.17062 0.10855 0.13163
 930.65600 0.11035 0.08543 0.06984
 933.99200 0.04197 0.01559 0.03897
 937.32700 0.14723 0.14723 0.00000
 940.66300 0.09821 0.09323 0.03088
 943.99900 0.19457 0.19394 0.01559
 947.33400 0.08111 0.07766 0.02339
 950.67000 0.20517 0.20144 -0.03897
 954.00600 0.17157 0.17086 -0.01559
 957.34100 0.24875 0.24828 -0.01529
 960.67700 0.06064 0.04646 -0.03897
 964.01300 0.24770 0.23261 -0.08513
 967.34800 0.24249 0.24048 -0.03118
 970.68400 0.18769 0.16307 -0.09293
 974.02000 0.24278 0.21703 -0.10881
 977.35500 0.23738 0.18621 -0.14723
 980.69100 0.16721 0.15528 -0.06205
 984.02700 0.13182 0.11631 -0.06205
 987.36300 0.28217 0.27128 -0.07764
 990.69800 0.34446 0.20180 -0.27916
 994.03400 0.17080 0.10851 -0.13189
 997.37000 0.19849 0.17086 -0.10102
 1000.70500 0.10941 0.07736 -0.07736
 1004.04100 0.14925 0.06984 -0.13189
 1007.37700 0.11855 -0.06205 -0.10102
 1010.71200 0.10547 0.03118 -0.10075
 1014.04800 0.11631 0.00000 -0.11631
 1017.38400 0.08579 -0.00779 -0.08543
 1020.71900 0.08391 0.04648 -0.06987
 1024.05500 0.16291 0.06984 -0.14718
 1027.39100 0.13251 0.04646 -0.12410
 1030.72600 0.11123 0.04648 -0.10105
 1034.06200 0.22183 0.13189 -0.17836
 1037.39800 0.14158 -0.02308 -0.13969
 1040.73300 0.06207 0.00000 -0.06207
 1044.06900 0.12504 0.01529 -0.12410
 1047.40500 0.12041 0.03118 -0.11631
 1050.74100 0.21278 0.03867 -0.20923
 1054.07600 0.25320 -0.22489 -0.11634
 1057.41200 0.18131 0.03088 -0.17866
 1060.74800 0.13251 0.01559 -0.13159
 1064.08300 0.17091 0.00000 -0.17091
 1067.41900 0.13961 -0.00779 -0.13939
 1070.75500 0.14827 -0.01529 -0.14748
 1074.09000 0.13995 -0.00780 -0.13973
 1077.42600 0.19019 -0.03897 -0.18615
 1080.76200 0.11858 -0.02308 -0.11631
 1084.09700 0.14932 0.02309 -0.14753
 1087.43300 0.48971 -0.09293 -0.48082
 1090.76900 0.39868 -0.24041 -0.31805
 1094.10400 0.19860 -0.12414 -0.15502
 1097.44000 0.35597 -0.12410 -0.33363
 1100.77600 0.23124 -0.17836 -0.14718
 1104.11100 0.18291 -0.03898 -0.17871
 1107.44700 0.18759 -0.11631 -0.14718
 1110.78300 0.20313 -0.14748 -0.13969
 1114.11900 0.24927 -0.02308 -0.24820
 1117.45400 0.02205 -0.01559 -0.01559
 1120.79000 0.18631 -0.00779 -0.18615
 1124.12600 0.24826 -0.15498 -0.19394
 1127.46100 0.06400 -0.01559 -0.06207
 1130.79700 0.22482 0.00000 -0.22482
 1134.13300 0.16694 -0.06205 -0.15498
 1137.46800 0.07314 -0.03868 -0.06207
 1140.80400 0.14925 -0.06984 -0.13189
 1144.14000 0.18439 -0.04676 -0.17836
 1147.47500 0.14310 -0.10855 -0.09325
 1150.81100 0.26931 -0.05426 -0.26379
 1154.14700 0.20279 -0.02338 -0.20144
 1157.48200 0.07329 0.03898 -0.06207
 1160.81800 0.08243 0.05426 -0.06205
 1164.15400 0.12435 0.00779 -0.12410
 1167.48900 0.08546 0.00000 -0.08546
 1170.82500 0.00779 -0.00779 0.00000
 1174.16100 0.22812 0.22482 0.03867
 1177.49700 0.31948 0.27938 -0.15498
 1180.83200 0.15986 0.13973 -0.07766
 1184.16800 0.08647 0.07734 -0.03867
 1187.50400 0.22183 0.17836 -0.13189
 1190.83900 0.21525 0.09325 -0.19400
 1194.17500 0.13207 0.08543 -0.10072
 1197.51100 0.12788 0.03088 -0.12410
 1200.84600 0.12721 0.10075 -0.07766
 1204.18200 0.04711 0.00779 -0.04646
 1207.51800 0.09343 0.06984 -0.06205
 1210.85300 0.12909 0.10855 -0.06987
 1214.18900 0.14925 0.13189 -0.06984
 1217.52500 0.26928 0.20174 -0.17836
 1220.86000 0.28768 -0.01559 -0.28726
 1224.19600 0.25011 -0.03088 -0.24820
 1227.53200 0.11092 -0.04646 -0.10072
 1230.86700 0.17104 -0.10885 -0.13193
 1234.20300 0.16359 -0.08513 -0.13969
 1237.53900 0.08844 -0.05426 -0.06984
 1240.87500 0.14898 -0.06984 -0.13159
 1244.21000 0.10562 -0.06207 -0.08546
 1247.54600 0.42930 -0.12410 -0.41097
 1250.88200 0.32621 -0.01559 -0.32584
 1254.21700 0.47751 -0.06207 -0.47346
 1257.55300 0.22482 0.00000 -0.22482
 1260.88900 0.26482 -0.02338 -0.26379
 1264.22400 0.32601 0.01559 -0.32564
 1267.56000 0.26168 -0.05426 -0.25600
 1270.89600 0.09094 -0.03118 -0.08543
 1274.23100 0.08579 -0.00750 -0.08546
 1277.56700 0.00000 0.00000 0.00000
 1280.90300 0.02794 -0.02338 -0.01529
 1284.23800 0.09380 -0.03868 -0.08546
 1287.57400 0.11735 0.11631 -0.01559
 1290.91000 0.06391 0.01529 -0.06205
 1294.24500 0.12702 -0.07736 -0.10075
 1297.58100 0.12041 -0.11631 -0.03118
 1300.91700 0.00779 -0.00779 0.00000
 1304.25300 0.05426 -0.05426 0.00000
 1307.58800 0.04678 -0.04678 0.00000
 1310.92400 0.12623 -0.12410 -0.02308
 1314.26000 0.10879 -0.10851 -0.00779
 1317.59500 0.37077 0.35682 -0.10075
 1320.93100 0.07327 -0.06205 -0.03897
 1324.26700 0.34025 -0.31025 -0.13969
 1327.60200 0.19429 -0.17061 -0.09295
 1330.93800 0.12623 -0.09293 -0.08543
