0.0 0.0
3.336 0.117128
6.671 0.011834000000000327
10.007 0.04019300000000052
13.343 0.00598599999999988
16.678 0.00598599999999988
20.014 0.04019300000000052
23.35 0.011834000000000327
26.685 0.04040000000000004
30.021 0.13425699999999974
33.357 0.13425699999999974
36.693 0.00245000000000002
40.028 0.1057600000000001
43.364 0.5292820000000016
46.7 0.2674960000000012
50.035 0.2674960000000012
53.371 0.23974100000000106
56.707 0.4109300000000023
60.042 0.3863140000000005
63.378 0.3633890000000027
66.714 0.18648999999999996
70.049 0.05923699999999976
73.385 0.04400500000000023
76.721 0.01197199999999976
80.056 0.03468999999999989
83.392 0.12378599999999909
86.728 0.12378599999999909
90.063 0.1380689999999987
93.399 0.4888999999999989
96.735 0.2601650000000003
100.071 0.3047039999999996
103.406 0.04053800000000033
106.742 0.18200500000000006
110.078 0.24389799999999912
113.413 0.19043999999999922
116.749 0.3744979999999991
120.085 0.3744979999999991
123.42 1.3734969999999984
126.756 2.823272999999999
130.092 6.149952999999995
133.427 10.890304999999994
136.763 13.925925000000003
140.099 14.885076999999988
143.434 16.76581
146.77 19.258245
150.106 22.601485000000007
153.441 27.09008999999999
156.777 27.09008999999999
160.113 28.148602
163.449 29.218256999999998
166.784 33.731685
170.12 35.102853
173.456 35.429413000000004
176.791 39.928213
180.127 39.928213
183.463 40.738272999999985
186.798 41.002457
190.134 42.40146599999999
193.47 42.40146599999999
196.805 42.40146599999999
200.141 40.76635599999999
203.477 41.966196999999994
206.812 45.52770099999999
210.148 46.51497
213.484 45.71821
216.819 47.18390799999999
220.155 45.884845
223.491 45.71821
226.827 47.18390799999999
230.162 49.31304099999999
233.498 52.474620999999985
236.834 50.711049999999986
240.169 50.985548999999985
243.505 47.41802499999999
246.841 45.253305
250.176 39.546004999999994
253.512 42.79916499999999
256.848 43.54410599999999
260.183 44.510588999999996
263.519 51.27648799999999
266.855 55.085287999999984
270.19 56.870145
273.526 60.573565
276.862 64.525833
280.197 64.658365
283.533 64.658365
286.869 64.658365
290.205 66.45760899999999
293.54 70.434234
296.876 74.15994099999999
300.212 76.56340100000001
303.547 79.56540100000001
306.883 72.03393
310.219 72.54265000000001
313.554 73.102033
316.89 71.07087999999999
320.226 75.0577
323.561 77.32164200000001
326.897 82.3653
330.233 84.10306500000003
333.568 89.23747599999999
336.904 88.93399700000005
340.24 93.30131699999998
343.575 88.71176499999997
346.911 91.43024400000003
350.247 89.67819600000004
353.583 94.87843299999997
356.918 95.85636999999994
360.254 97.84272499999997
363.59 99.86989299999995
366.925 99.73342799999996
370.261 95.50010600000007
373.597 95.38296100000007
376.932 97.62049300000002
380.268 97.62049300000002
383.604 102.32408499999995
386.939 101.92642099999996
390.275 106.00366500000005
393.611 102.47636800000001
396.946 102.01110100000004
400.282 105.72889000000005
403.618 105.72889000000005
406.953 107.88602000000009
410.289 109.30805799999999
413.625 88.96704800000005
416.961 88.87012000000006
420.296 88.87012000000006
423.632 89.530605
426.968 89.530605
430.303 96.00556499999996
433.639 105.81798600000005
436.975 105.81798600000005
440.31 112.74536199999994
443.646 114.502361
446.982 114.930644
450.317 117.863092
453.653 119.55317800000005
456.989 123.338466
460.324 123.83361000000001
463.66 132.77378499999998
466.996 132.77378499999998
470.331 132.77378499999998
473.667 137.0007080000001
477.003 141.64332099999996
480.339 148.17541299999993
483.674 152.859961
487.01 154.53107200000005
490.346 155.02628499999994
493.681 167.77764000000008
497.017 169.8416200000001
500.353 170.0867250000001
503.688 185.09322499999996
507.024 188.23322500000006
510.36 192.64910400000002
513.695 194.71280800000002
517.031 191.1564099999999
520.367 199.289561
523.702 199.289561
527.038 213.714632
530.374 221.6363839999999
533.709 221.401525
537.045 221.76737999999997
540.381 228.05802400000007
543.717 244.56404900000007
547.052 245.39239400000005
550.388 258.76468000000006
553.724 266.111869
557.059 255.74663700000005
560.395 258.6413249999999
563.731 277.1904400000001
567.066 280.14200099999994
570.402 285.06506499999995
573.738 325.4593730000001
577.073 325.4593730000001
580.409 325.4593730000001
583.745 328.86433300000004
587.08 328.86433300000004
590.416 328.86433300000004
593.752 326.60285799999997
597.087 342.26501300000007
600.423 342.26501300000007
603.759 360.2774799999999
607.095 367.36828199999997
610.43 392.5135210000001
613.766 409.8268799999999
617.102 422.98309299999994
620.437 422.98309299999994
623.773 421.71183700000006
627.109 444.8323400000001
630.444 459.26625999999993
633.78 471.25520000000006
637.116 478.656657
640.451 478.656657
643.787 478.656657
647.123 478.656657
650.458 481.36566600000015
653.794 490.864258
657.13 497.75778900000006
660.465 497.75778900000006
663.801 497.75778900000006
667.137 497.75778900000006
670.473 501.16283599999997
673.808 514.42605
677.144 544.224442
680.48 545.6915370000002
683.815 580.865805
687.151 601.9094250000002
690.487 610.1742969999999
693.822 638.7452820000002
697.158 646.5676050000001
700.494 663.1257249999999
703.829 699.376617
707.165 738.1970180000002
710.501 746.618485
713.836 765.2909200000001
717.172 804.1995540000001
720.508 844.042138
723.843 851.2263489999999
727.179 860.2281410000002
730.515 898.7438719999999
733.851 922.9387219999999
737.186 956.9791130000001
740.522 1032.0419699999998
743.858 1027.225477
747.193 1028.195082
750.529 1042.188265
753.865 1042.188265
757.2 1042.188265
760.536 1043.342066
763.872 1059.22402
767.207 1059.22402
770.543 1199.3530320000002
773.879 1193.001858
777.214 1210.4538730000004
780.55 1225.7908650000002
783.886 1212.664788
787.221 1202.938945
790.557 1199.4514090000002
793.893 1207.859266
797.229 1207.859266
800.564 1217.5626500000003
803.9 1219.773565
807.236 1219.773565
810.571 1238.074245
813.907 1238.074245
817.243 1238.074245
820.578 1238.074245
823.914 1237.02253
827.25 1220.6662180000003
830.585 1199.4514090000002
833.921 1199.4514090000002
837.257 1213.12714
840.592 1209.836754
843.928 1202.648386
847.264 1191.815645
850.599 1191.815645
853.935 1191.815645
857.271 1191.815645
860.607 1191.815645
863.942 1199.3530320000002
867.278 1202.4054370000003
870.614 1203.680781
873.949 1203.680781
877.285 1203.680781
880.621 1216.72116
883.956 1220.913721
887.292 1220.913721
890.628 1220.913721
893.963 1220.913721
897.299 1220.913721
900.635 1220.913721
903.97 1220.913721
907.306 1220.913721
910.642 1220.913721
913.977 1220.913721
917.313 1220.913721
920.649 1220.913721
923.985 1220.913721
927.32 1223.9803399999998
930.656 1224.2470250000001
933.992 1225.2842500000002
937.327 1228.350869
940.663 1224.2470250000001
943.999 1215.267848
947.334 1215.267848
950.67 1215.267848
954.006 1197.161437
957.341 1197.161437
960.677 1197.161437
964.013 1197.161437
967.348 1198.1666810000002
970.684 1189.086781
974.02 1212.8009769999999
977.355 1215.81074
980.691 1215.81074
984.027 1197.4279840000002
987.363 1214.81488
990.698 1223.4294089999999
994.034 1288.3949619999999
997.37 1319.5444770000006
1000.705 1331.2946250000002
1004.041 1361.3044850000003
1007.377 1382.3663379999998
1010.712 1361.3044850000003
1014.048 1433.6227810000005
1017.384 1460.1174009999995
1020.719 1516.7879459999997
1024.055 1621.6577170000003
1027.391 1669.2512260000005
1030.726 1699.7668210000002
1034.062 1767.06466
1037.398 1799.372392
1040.733 1844.0816839999993
1044.069 1929.3464499999995
1047.405 1955.8076049999995
1050.741 2047.4462289999994
1054.076 2052.7003890000005
1057.412 2052.7003890000005
1060.748 2117.6354959999994
1064.083 2179.346612
1067.419 2223.2803089999998
1070.755 2280.528522
1074.09 2283.5372499999994
1077.426 2324.2148890000008
1080.762 2343.969986
1084.097 2409.6865000000003
1087.433 2448.90265
1090.769 2443.9165199999998
1094.104 2435.0134499999995
1097.44 2479.4586099999997
1100.776 2526.1614500000005
1104.111 2546.0744529999993
1107.447 2574.7311969999996
1110.783 2658.972857
1114.119 2704.801225
1117.454 2780.7236500000004
1120.79 2829.200444999999
1124.126 2872.0827719999997
1127.461 2863.3403169999997
1130.797 2866.331588
1134.133 2894.600629
1137.468 2928.243149
1140.804 2999.2252770000005
1144.14 3032.2856610000003
1147.475 3114.0986850000004
1150.811 3137.181514
1154.147 3174.7557920000004
1157.482 3225.0775089999993
1160.818 3275.03137
1164.154 3390.4017850000005
1167.489 3439.9505299999996
1170.825 3515.99593
1174.161 3597.880697
1177.497 3725.9304999999995
1180.832 3691.5183369999995
1184.168 3719.412225
1187.504 3744.6984999999995
1190.839 3812.9710159999995
1194.175 3880.671953
1197.511 3916.2462479999995
1200.846 3980.658421
1204.182 4019.2699929999994
1207.518 4091.746765000001
1210.853 4154.941226
1214.189 4197.409001
1217.525 4238.776449999999
1220.86 4273.1125059999995
1224.196 4392.147028
1227.532 4418.413465
1230.867 4437.337697999999
1234.203 4445.702741
1237.539 4476.602268999999
1240.875 4569.744869
1244.21 4665.4419689999995
1247.546 4739.739219999999
1250.882 4835.339945000001
1254.217 4900.883338000001
1257.553 4973.959529999999
1260.889 5057.234181
1264.224 5112.50965
1267.56 5283.865284999999
1270.896 5463.8472999999985
1274.231 5464.505905
1277.567 5530.831171999998
1280.903 5600.284156999999
1284.238 5747.940844999999
1287.574 5874.9839379999985
1290.91 5953.929028999999
1294.245 5979.1148570000005
1297.581 6095.995285
1300.917 6139.4059449999995
1304.253 6269.022944999998
1307.588 6349.521709000001
1310.924 6455.477005000001
1314.26 6509.072565
1317.595 6530.614417000001
1320.931 6537.848049
1324.267 6619.639666
1327.602 6656.0541570000005
1330.938 6645.032442000001
