0.000 23.767
3.336 23.372
6.671 23.861
10.007 23.902
13.343 23.932
16.678 24.206
20.014 23.424
23.350 23.395
26.685 23.875
30.021 23.866
33.357 24.406
36.693 24.737
40.028 26.227
43.364 27.154
46.700 27.397
50.035 27.602
53.371 27.721
56.707 28.901
60.042 29.176
63.378 29.176
66.714 28.751
70.049 29.279
73.385 29.963
76.721 30.791
80.056 31.331
83.392 31.331
86.728 31.770
90.063 32.018
93.399 32.090
96.735 32.108
100.071 32.066
103.406 32.126
106.742 32.002
110.078 31.914
113.413 31.974
116.749 31.974
120.085 31.849
123.420 31.893
126.756 31.940
130.092 32.240
133.427 32.284
136.763 32.587
140.099 32.971
143.434 33.435
146.770 33.729
150.106 34.066
153.441 34.347
156.777 34.756
160.113 35.291
163.449 35.453
166.784 35.602
170.120 36.374
173.456 36.795
176.791 36.758
180.127 36.768
183.463 36.807
186.798 36.787
190.134 36.567
193.470 36.471
196.805 35.984
200.141 36.041
203.477 35.868
206.812 34.935
210.148 34.628
213.484 35.097
216.819 34.541
220.155 33.920
223.491 33.274
226.827 32.392
230.162 31.965
233.498 31.526
236.834 30.309
240.169 29.055
243.505 28.654
246.841 27.853
250.176 27.118
253.512 27.001
256.848 27.088
260.183 26.659
263.519 26.499
266.855 26.169
270.190 25.470
273.526 25.365
276.862 24.568
280.197 24.308
283.533 24.007
286.869 23.530
290.205 22.758
293.540 22.573
296.876 21.911
300.212 21.340
303.547 21.340
306.883 21.569
310.219 21.569
313.554 21.602
316.890 21.700
320.226 22.301
323.561 22.301
326.897 22.301
330.233 22.552
333.568 22.629
336.904 22.618
340.240 22.835
343.575 23.129
346.911 23.129
350.247 23.871
353.583 24.067
356.918 24.352
360.254 24.679
363.590 24.297
366.925 24.078
370.261 24.013
373.597 23.457
376.932 23.262
380.268 23.011
383.604 22.202
386.939 21.504
390.275 21.286
393.611 21.231
396.946 20.839
400.282 20.262
403.618 19.933
406.953 19.851
410.289 19.688
413.625 19.526
416.961 19.434
420.296 18.460
423.632 17.345
426.968 17.053
430.303 16.735
433.639 16.266
436.975 15.931
440.310 16.023
443.646 15.989
446.982 15.789
450.317 15.179
453.653 15.405
456.989 15.338
460.324 14.869
463.660 14.578
466.996 13.365
470.331 12.988
473.667 12.024
477.003 10.888
480.339 10.888
483.674 10.757
487.010 10.660
490.346 10.465
493.681 10.347
497.017 10.282
500.353 9.820
503.688 9.127
507.024 8.525
510.360 6.833
513.695 5.415
517.031 4.663
520.367 3.940
523.702 3.478
527.038 3.478
530.374 3.459
533.709 3.441
537.045 3.603
540.381 3.603
543.717 4.081
547.052 3.478
550.388 3.430
553.724 3.530
557.059 3.944
560.395 3.530
563.731 3.530
567.066 3.577
570.402 3.489
573.738 4.030
577.073 4.308
580.409 4.523
583.745 4.206
587.080 3.491
590.416 3.020
593.752 3.020
597.087 3.193
600.423 2.904
603.759 2.419
607.095 2.277
610.430 2.223
613.766 2.147
617.102 2.176
620.437 2.322
623.773 2.853
627.109 3.513
630.444 4.084
633.780 4.810
637.116 5.113
640.451 5.581
643.787 5.756
647.123 5.497
650.458 6.594
653.794 6.661
657.130 6.788
660.465 5.731
663.801 5.572
667.137 5.764
670.473 5.790
673.808 5.715
677.144 5.340
680.480 4.605
683.815 4.700
687.151 4.723
690.487 4.918
693.822 5.898
697.158 6.051
700.494 6.822
703.829 7.683
707.165 8.181
710.501 8.542
713.836 8.542
717.172 8.693
720.508 9.095
723.843 8.746
727.179 9.213
730.515 9.505
733.851 9.973
737.186 10.415
740.522 10.515
743.858 10.355
747.193 11.052
750.529 11.502
753.865 11.434
757.200 11.666
760.536 11.767
763.872 11.767
767.207 11.933
770.543 11.676
773.879 11.933
777.214 11.558
780.550 11.558
783.886 12.091
787.221 11.368
790.557 11.359
793.893 11.359
797.229 11.733
800.564 12.040
803.900 11.373
807.236 11.377
810.571 11.742
813.907 12.275
817.243 11.676
820.578 11.875
823.914 11.875
827.250 11.875
830.585 11.410
833.921 11.809
837.257 11.800
840.592 11.673
843.928 11.918
847.264 11.927
850.599 12.025
853.935 12.025
857.271 12.025
860.607 11.662
863.942 11.590
867.278 11.377
870.614 11.676
873.949 11.676
877.285 11.751
880.621 11.742
883.956 11.742
887.292 11.691
890.628 11.719
893.963 11.719
897.299 11.719
900.635 11.719
903.970 11.709
907.306 11.555
910.642 11.521
913.977 11.555
917.313 11.488
920.649 11.781
923.985 11.781
927.320 12.090
930.656 12.336
933.992 12.444
937.327 12.444
940.663 12.435
943.999 12.435
947.334 12.747
950.670 12.932
954.006 13.065
957.341 13.567
960.677 14.060
964.013 14.601
967.348 14.903
970.684 15.183
974.020 15.183
977.355 15.183
980.691 15.226
984.027 14.574
987.363 14.574
990.698 14.574
994.034 14.466
997.370 14.673
1000.705 14.180
1004.041 14.051
1007.377 14.271
1010.712 14.932
1014.048 14.776
1017.384 14.942
1020.719 15.055
1024.055 15.055
1027.391 15.150
1030.726 15.150
1034.062 15.456
1037.398 15.456
1040.733 15.456
1044.069 15.456
1047.405 15.456
1050.741 15.456
1054.076 15.447
1057.412 15.093
1060.748 15.093
1064.083 15.093
1067.419 14.926
1070.755 14.926
1074.090 14.894
1077.426 14.761
1080.762 14.591
1084.097 14.657
1087.433 14.724
1090.769 14.743
1094.104 14.827
1097.440 14.856
1100.776 14.558
1104.111 14.588
1107.447 14.426
1110.783 14.209
1114.119 14.772
1117.454 14.971
1120.790 15.001
1124.126 15.001
1127.461 15.001
1130.797 14.957
1134.133 15.206
1137.468 15.192
1140.804 15.192
1144.140 15.214
1147.475 15.149
1150.811 15.128
1154.147 14.979
1157.482 14.979
1160.818 14.965
1164.154 14.965
1167.489 14.965
1170.825 15.214
1174.161 15.214
1177.497 15.214
1180.832 15.214
1184.168 15.214
1187.504 15.214
1190.839 15.242
1194.175 14.639
1197.511 15.043
1200.846 15.164
1204.182 15.465
1207.518 15.438
1210.853 14.894
1214.189 15.242
1217.525 15.214
1220.860 15.214
1224.196 15.007
1227.532 15.007
1230.867 15.007
1234.203 14.822
1237.539 14.957
1240.875 14.993
1244.210 15.036
1247.546 15.036
1250.882 15.128
1254.217 15.128
1257.553 15.214
1260.889 15.214
1264.224 15.214
1267.560 15.156
1270.896 15.341
1274.231 15.341
1277.567 15.341
1280.903 15.341
1284.238 15.391
1287.574 15.325
1290.910 15.242
1294.245 15.242
1297.581 15.242
1300.917 15.192
1304.253 15.192
1307.588 15.100
1310.924 15.085
1314.260 15.292
1317.595 15.007
1320.931 15.007
1324.267 15.007
1327.602 15.007
1330.938 14.979
