0.000 46.274
3.336 46.241
6.672 46.288
10.008 46.288
13.344 46.283
16.680 46.283
20.016 46.283
23.352 46.283
26.688 46.283
30.024 46.283
33.360 46.283
36.696 46.283
40.031 46.283
43.367 46.339
46.703 46.339
50.039 46.403
53.375 46.403
56.711 46.403
60.047 46.325
63.383 46.319
66.719 46.355
70.055 46.355
73.391 46.371
76.727 46.465
80.063 46.443
83.399 46.443
86.735 46.443
90.071 46.443
93.407 46.443
96.743 46.312
100.079 46.312
103.415 46.325
106.751 46.355
110.087 46.257
113.423 46.257
116.759 46.339
120.094 46.345
123.430 46.345
126.766 46.393
130.102 46.298
133.438 46.310
136.774 46.310
140.110 46.325
143.446 46.325
146.782 46.325
150.118 46.355
153.454 46.378
156.790 46.378
160.126 46.378
163.462 46.378
166.798 46.378
170.134 46.378
173.470 46.378
176.806 46.352
180.142 46.368
183.478 46.321
186.814 46.336
190.150 46.336
193.486 46.336
196.821 46.336
200.157 46.336
203.493 46.336
206.829 46.336
210.165 46.336
213.501 46.361
216.837 46.336
220.173 46.336
223.509 46.343
226.845 46.343
230.181 46.343
233.517 46.343
236.853 46.420
240.189 46.420
243.525 46.271
246.861 46.271
250.197 46.318
253.533 46.381
256.869 46.301
260.205 46.398
263.541 46.398
266.877 46.398
270.213 46.398
273.549 46.398
276.884 46.398
280.220 46.398
283.556 46.398
286.892 46.398
290.228 46.398
293.564 46.340
296.900 46.416
300.236 46.405
303.572 46.430
306.908 46.430
310.244 46.430
313.580 46.372
316.916 46.331
320.252 46.336
323.588 46.388
326.924 46.362
330.260 46.370
333.596 46.318
336.932 46.318
340.268 46.369
343.604 46.369
346.940 46.345
350.276 46.345
353.611 46.345
356.947 46.345
360.283 46.345
363.619 46.345
366.955 46.369
370.291 46.362
373.627 46.369
376.963 46.369
380.299 46.369
383.635 46.352
386.971 46.362
390.307 46.362
393.643 46.362
396.979 46.400
400.315 46.426
403.651 46.471
406.987 46.441
410.323 46.390
413.659 46.450
416.995 46.450
420.331 46.421
423.667 46.421
427.003 46.421
430.339 46.433
433.674 46.433
437.010 46.334
440.346 46.348
443.682 46.348
447.018 46.314
450.354 46.326
453.690 46.314
457.026 46.309
460.362 46.323
463.698 46.323
467.034 46.323
470.370 46.323
473.706 46.311
477.042 46.378
480.378 46.378
483.714 46.378
487.050 46.378
490.386 46.378
493.722 46.426
497.058 46.426
500.394 46.402
503.730 46.426
507.066 46.426
510.401 46.450
513.737 46.450
517.073 46.524
520.409 46.489
523.745 46.489
527.081 46.489
530.417 46.489
533.753 46.489
537.089 46.489
540.425 46.489
543.761 46.489
547.097 46.489
550.433 46.489
553.769 46.489
557.105 46.489
560.441 46.489
563.777 46.489
567.113 46.489
570.449 46.489
573.785 46.489
577.121 46.489
580.457 46.489
583.793 46.489
587.129 46.489
590.464 46.489
593.800 46.489
597.136 46.489
600.472 46.489
603.808 46.489
607.144 46.489
610.480 46.489
613.816 46.489
617.152 46.489
620.488 46.489
623.824 46.489
627.160 46.489
630.496 46.489
633.832 46.489
637.168 46.489
640.504 46.489
643.840 46.388
647.176 46.408
650.512 46.408
653.848 46.408
657.184 46.408
660.520 46.408
663.856 46.408
667.191 46.408
670.527 46.258
673.863 46.389
677.199 46.389
680.535 46.359
683.871 46.369
687.207 46.298
690.543 46.258
693.879 46.337
697.215 46.337
700.551 46.337
703.887 46.337
707.223 46.337
710.559 46.337
713.895 46.337
717.231 46.337
720.567 46.337
723.903 46.327
727.239 46.256
730.575 46.249
733.911 46.280
737.247 46.234
740.583 46.239
743.918 46.244
747.254 46.244
750.590 46.259
753.926 46.259
757.262 46.353
760.598 46.217
763.934 46.363
767.270 46.244
770.606 46.220
773.942 46.253
777.278 46.210
780.614 46.261
783.950 46.261
787.286 46.261
790.622 46.261
793.958 46.321
797.294 46.321
800.630 46.321
803.966 46.237
807.302 46.326
810.638 46.237
813.974 46.314
817.310 46.295
820.646 46.295
823.981 46.295
827.317 46.295
830.653 46.250
833.989 46.250
837.325 46.250
840.661 46.250
843.997 46.368
847.333 46.380
850.669 46.289
854.005 46.268
857.341 46.268
860.677 46.268
864.013 46.268
867.349 46.268
870.685 46.268
874.021 46.268
877.357 46.268
880.693 46.268
884.029 46.268
887.365 46.268
890.701 46.282
894.037 46.282
897.373 46.241
900.708 46.320
904.044 46.261
907.380 46.225
910.716 46.261
914.052 46.296
917.388 46.296
920.724 46.362
924.060 46.296
927.396 46.362
930.732 46.318
934.068 46.258
937.404 46.258
940.740 46.253
944.076 46.253
947.412 46.253
950.748 46.190
954.084 46.342
957.420 46.146
960.756 46.350
964.092 46.350
967.428 46.326
970.764 46.884
974.100 47.561
977.436 48.135
980.771 48.198
984.107 48.146
987.443 48.119
990.779 48.119
994.115 48.119
997.451 48.130
1000.787 48.130
1004.123 48.158
1007.459 47.144
1010.795 46.891
1014.131 46.745
1017.467 46.855
1020.803 46.658
1024.139 46.421
1027.475 46.291
1030.811 46.200
1034.147 46.190
1037.483 46.384
1040.819 46.293
1044.155 46.293
1047.491 46.632
1050.827 46.479
1054.163 46.551
1057.498 46.551
1060.834 46.522
1064.170 46.522
1067.506 46.522
1070.842 46.522
1074.178 46.522
1077.514 46.476
1080.850 46.407
1084.186 46.233
1087.522 46.276
1090.858 46.276
1094.194 46.419
1097.530 46.439
1100.866 46.403
1104.202 46.384
1107.538 46.330
1110.874 46.330
1114.210 46.330
1117.546 46.330
1120.882 46.330
1124.218 46.330
1127.554 46.330
1130.890 46.330
1134.226 46.330
1137.561 46.330
1140.897 46.268
1144.233 46.268
1147.569 46.253
1150.905 46.253
1154.241 46.253
1157.577 46.253
1160.913 46.253
1164.249 46.253
1167.585 46.295
1170.921 46.295
1174.257 46.307
1177.593 46.307
1180.929 46.307
1184.265 46.307
1187.601 46.307
1190.937 46.217
1194.273 46.217
1197.609 46.297
1200.945 46.297
1204.281 46.297
1207.617 46.317
1210.953 46.317
1214.288 46.266
1217.624 46.246
1220.960 46.246
1224.296 46.340
1227.632 46.340
1230.968 46.293
1234.304 46.293
1237.640 46.293
1240.976 46.603
1244.312 46.259
1247.648 46.259
1250.984 46.259
1254.320 46.259
1257.656 46.392
1260.992 46.392
1264.328 46.349
1267.664 46.396
1271.000 46.366
1274.336 46.330
1277.672 46.162
1281.008 46.234
1284.344 46.234
1287.680 46.234
1291.016 46.234
1294.351 46.234
1297.687 46.234
1301.023 46.234
1304.359 46.217
1307.695 46.159
1311.031 46.173
1314.367 46.185
1317.703 46.185
1321.039 46.185
1324.375 46.185
1327.711 46.185
1331.047 46.185
