1.0000 2.2160
2.0000 2.2952
3.0000 2.2954
4.0000 2.3658
5.0000 2.2878
6.0000 2.1879
7.0000 2.1109
8.0000 2.0535
9.0000 1.9650
10.0000 1.8830
11.0000 1.8808
12.0000 1.9793
13.0000 2.0786
14.0000 2.1708
15.0000 2.2491
16.0000 2.2782
17.0000 2.3291
18.0000 2.2735
19.0000 2.2018
20.0000 2.1694
21.0000 2.1531
22.0000 2.2133
23.0000 2.3010
24.0000 2.2198
25.0000 2.1780
26.0000 2.1453
27.0000 2.1844
28.0000 2.0863
29.0000 2.0725
30.0000 2.0884
31.0000 2.0137
32.0000 1.9360
33.0000 1.8450
34.0000 1.7480
35.0000 1.6626
36.0000 1.5725
37.0000 1.4804
38.0000 1.5677
39.0000 1.6657
40.0000 1.7649
41.0000 1.8575
42.0000 1.7742
43.0000 1.7471
44.0000 1.7465
45.0000 1.6866
46.0000 1.5924
47.0000 1.4956
48.0000 1.3979
49.0000 1.3027
50.0000 1.2052
51.0000 1.1081
52.0000 1.0589
53.0000 0.9790
54.0000 1.0069
55.0000 1.0203
56.0000 1.1202
57.0000 1.2196
58.0000 1.3194
59.0000 1.4151
60.0000 1.5128
61.0000 1.5532
62.0000 1.6211
63.0000 1.6906
64.0000 1.7193
65.0000 1.6743
66.0000 1.6426
67.0000 1.7325
68.0000 1.8118
69.0000 1.8810
70.0000 1.9698
71.0000 1.9955
72.0000 1.9030
73.0000 1.8181
74.0000 1.7181
75.0000 1.6792
76.0000 1.5809
77.0000 1.5532
78.0000 1.6251
79.0000 1.6601
80.0000 1.5606
81.0000 1.4636
82.0000 1.3779
83.0000 1.3259
84.0000 1.2266
85.0000 1.1402
86.0000 1.0595
87.0000 0.9907
88.0000 0.8953
89.0000 0.7955
90.0000 0.6970
91.0000 0.7163
92.0000 0.7267
93.0000 0.8211
94.0000 0.8633
95.0000 0.9633
96.0000 1.0566
97.0000 1.1561
98.0000 1.1481
99.0000 1.0966
100.0000 1.0465
101.0000 1.0208
102.0000 0.9509
103.0000 0.8582
104.0000 0.7652
105.0000 0.6674
106.0000 0.5900
107.0000 0.4968
108.0000 0.4018
109.0000 0.3089
110.0000 0.2135
111.0000 0.1144
112.0000 0.0472
113.0000 0.0675
114.0000 0.1599
115.0000 0.2366
116.0000 0.2889
117.0000 0.3649
118.0000 0.4324
119.0000 0.4689
120.0000 0.5689
121.0000 0.6555
122.0000 0.7015
123.0000 0.7882
124.0000 0.8873
125.0000 0.9212
126.0000 0.9908
127.0000 1.0655
128.0000 1.0806
129.0000 0.9953
130.0000 0.8968
131.0000 0.8825
132.0000 0.9682
133.0000 1.0594
134.0000 1.0976
135.0000 1.1668
136.0000 1.2573
137.0000 1.3406
138.0000 1.4362
139.0000 1.4997
140.0000 1.4377
141.0000 1.4268
142.0000 1.4750
143.0000 1.4061
144.0000 1.3991
145.0000 1.3986
146.0000 1.3206
147.0000 1.2212
148.0000 1.1324
149.0000 1.0332
150.0000 0.9623
