1.0000 2.2343
2.0000 2.1394
3.0000 2.1022
4.0000 2.1317
5.0000 2.1578
6.0000 2.2043
7.0000 2.1044
8.0000 2.0348
9.0000 1.9365
10.0000 1.8475
11.0000 1.7692
12.0000 1.6711
13.0000 1.6269
14.0000 1.5459
15.0000 1.4460
16.0000 1.4476
17.0000 1.4031
18.0000 1.3042
19.0000 1.2063
20.0000 1.1368
21.0000 1.0497
22.0000 1.0342
23.0000 1.0687
24.0000 1.1586
25.0000 1.2586
26.0000 1.3553
27.0000 1.4488
28.0000 1.5387
29.0000 1.6229
30.0000 1.7220
31.0000 1.8159
32.0000 1.9002
33.0000 1.8817
34.0000 1.8598
35.0000 1.8437
36.0000 1.7940
37.0000 1.8363
38.0000 1.7918
39.0000 1.7415
40.0000 1.7561
41.0000 1.7573
42.0000 1.8521
43.0000 1.9521
44.0000 1.9693
45.0000 1.8898
46.0000 1.9081
47.0000 2.0072
48.0000 2.0337
49.0000 2.0615
50.0000 2.0207
51.0000 1.9603
52.0000 1.8684
53.0000 1.7882
54.0000 1.6907
55.0000 1.5948
56.0000 1.4979
57.0000 1.4076
58.0000 1.3082
59.0000 1.2094
60.0000 1.1180
61.0000 1.0378
62.0000 1.0493
63.0000 1.0858
64.0000 1.0971
65.0000 1.0438
66.0000 1.0635
67.0000 1.1576
68.0000 1.2225
69.0000 1.3063
70.0000 1.3689
71.0000 1.4667
72.0000 1.5621
73.0000 1.6183
74.0000 1.5583
75.0000 1.5529
76.0000 1.4553
77.0000 1.3721
78.0000 1.2729
79.0000 1.2783
80.0000 1.2701
81.0000 1.2575
82.0000 1.1938
83.0000 1.1171
84.0000 1.0565
85.0000 1.0964
86.0000 1.1533
87.0000 1.1826
88.0000 1.2814
89.0000 1.3803
90.0000 1.4667
91.0000 1.5301
92.0000 1.5840
93.0000 1.6543
94.0000 1.7157
95.0000 1.7707
96.0000 1.6749
97.0000 1.5949
98.0000 1.6275
99.0000 1.6919
100.0000 1.7523
101.0000 1.8362
102.0000 1.9341
103.0000 1.9603
104.0000 1.9632
105.0000 1.9647
106.0000 2.0439
107.0000 2.0549
108.0000 1.9917
109.0000 2.0173
110.0000 1.9265
111.0000 1.8582
112.0000 1.8014
113.0000 1.7082
114.0000 1.6123
115.0000 1.5327
116.0000 1.4327
117.0000 1.3333
118.0000 1.2518
119.0000 1.1549
120.0000 1.1033
121.0000 1.0187
122.0000 0.9584
123.0000 0.9540
124.0000 0.9552
125.0000 0.9290
126.0000 0.9040
127.0000 0.9241
128.0000 1.0239
129.0000 1.1037
130.0000 1.1888
131.0000 1.2847
132.0000 1.3696
133.0000 1.3642
134.0000 1.3026
135.0000 1.2541
136.0000 1.2127
137.0000 1.3023
138.0000 1.3916
139.0000 1.3860
140.0000 1.4001
141.0000 1.4999
142.0000 1.5788
143.0000 1.6788
144.0000 1.7011
145.0000 1.6382
146.0000 1.5424
147.0000 1.4844
148.0000 1.5330
149.0000 1.5012
150.0000 1.5566
