1.0000 2.1700
2.0000 2.0749
3.0000 2.0281
4.0000 2.0110
5.0000 2.0097
6.0000 2.0371
7.0000 1.9572
8.0000 1.8576
9.0000 1.7639
10.0000 1.6642
11.0000 1.5785
12.0000 1.4824
13.0000 1.3837
14.0000 1.3032
15.0000 1.2041
16.0000 1.1048
17.0000 1.1157
18.0000 1.1367
19.0000 1.2334
20.0000 1.3333
21.0000 1.4207
22.0000 1.3929
23.0000 1.3514
24.0000 1.3164
25.0000 1.2169
26.0000 1.1171
27.0000 1.0209
28.0000 0.9244
29.0000 0.8621
30.0000 0.7621
31.0000 0.6640
32.0000 0.6030
33.0000 0.6672
34.0000 0.7660
35.0000 0.8644
36.0000 0.9644
37.0000 1.0094
38.0000 0.9813
39.0000 0.9392
40.0000 0.8392
41.0000 0.7951
42.0000 0.7978
43.0000 0.8198
44.0000 0.7213
45.0000 0.6668
46.0000 0.6353
47.0000 0.5437
48.0000 0.4765
49.0000 0.5129
50.0000 0.5133
51.0000 0.4898
52.0000 0.5146
53.0000 0.5927
54.0000 0.5968
55.0000 0.6315
56.0000 0.7162
57.0000 0.7969
58.0000 0.8846
59.0000 0.8441
60.0000 0.7699
61.0000 0.6727
62.0000 0.6263
63.0000 0.6289
64.0000 0.5448
65.0000 0.5041
66.0000 0.4125
67.0000 0.5122
68.0000 0.5526
69.0000 0.5797
70.0000 0.6262
71.0000 0.6768
72.0000 0.6750
73.0000 0.6220
74.0000 0.6024
75.0000 0.5388
76.0000 0.6387
77.0000 0.7383
78.0000 0.7974
79.0000 0.8779
80.0000 0.9584
81.0000 1.0580
82.0000 1.1551
83.0000 1.2480
84.0000 1.3476
85.0000 1.4374
86.0000 1.4844
87.0000 1.5808
88.0000 1.6734
89.0000 1.7404
90.0000 1.7889
91.0000 1.8864
92.0000 1.9408
93.0000 1.9099
94.0000 1.9405
95.0000 2.0122
96.0000 2.1120
97.0000 2.2061
98.0000 2.1893
99.0000 2.1508
100.0000 2.0861
101.0000 2.0534
102.0000 1.9995
103.0000 1.9054
104.0000 1.8190
105.0000 1.7310
106.0000 1.6310
107.0000 1.5550
108.0000 1.5729
109.0000 1.5882
110.0000 1.6862
111.0000 1.7740
112.0000 1.8725
113.0000 1.8727
114.0000 1.8422
115.0000 1.8834
116.0000 1.8698
117.0000 1.8602
118.0000 1.8385
119.0000 1.8725
120.0000 1.8646
121.0000 1.8940
122.0000 1.9804
123.0000 2.0769
124.0000 2.1668
125.0000 2.1163
126.0000 2.1608
127.0000 2.2498
128.0000 2.3010
129.0000 2.3319
130.0000 2.3761
131.0000 2.3845
132.0000 2.4808
133.0000 2.5778
134.0000 2.6588
135.0000 2.6266
136.0000 2.5732
137.0000 2.4766
138.0000 2.3810
139.0000 2.3119
140.0000 2.2465
141.0000 2.1587
142.0000 2.0651
143.0000 1.9655
144.0000 1.8808
145.0000 1.8272
146.0000 1.7681
147.0000 1.7881
148.0000 1.7461
149.0000 1.7773
150.0000 1.8432
