1.0000 2.1892
2.0000 2.0936
3.0000 2.0037
4.0000 1.9146
5.0000 1.8908
6.0000 1.9034
7.0000 1.8453
8.0000 1.8868
9.0000 1.9743
10.0000 2.0030
11.0000 2.0235
12.0000 2.0149
13.0000 2.0191
14.0000 2.0904
15.0000 2.0421
16.0000 1.9591
17.0000 1.9464
18.0000 1.9432
19.0000 1.8961
20.0000 1.8988
21.0000 1.9097
22.0000 1.8802
23.0000 1.7843
24.0000 1.7527
25.0000 1.7265
26.0000 1.7276
27.0000 1.8270
28.0000 1.8430
29.0000 1.9421
30.0000 2.0233
31.0000 2.1007
32.0000 2.1892
33.0000 2.2629
34.0000 2.2394
35.0000 2.2731
36.0000 2.3097
37.0000 2.2133
38.0000 2.1182
39.0000 2.0458
40.0000 1.9628
41.0000 1.9405
42.0000 1.9263
43.0000 1.9744
44.0000 1.9805
45.0000 2.0752
46.0000 2.1208
47.0000 2.0800
48.0000 2.0598
49.0000 2.0257
50.0000 1.9943
51.0000 1.9473
52.0000 2.0332
53.0000 2.0940
54.0000 2.0483
55.0000 2.1294
56.0000 2.2279
57.0000 2.3195
58.0000 2.4144
59.0000 2.4112
60.0000 2.3818
61.0000 2.4072
62.0000 2.4911
63.0000 2.5677
64.0000 2.6627
65.0000 2.7561
66.0000 2.7650
67.0000 2.6761
68.0000 2.6802
69.0000 2.7766
70.0000 2.8570
71.0000 2.8165
72.0000 2.7875
73.0000 2.7143
74.0000 2.7624
75.0000 2.8171
76.0000 2.7827
77.0000 2.7756
78.0000 2.7077
79.0000 2.6118
80.0000 2.5549
81.0000 2.4610
82.0000 2.4187
83.0000 2.3659
84.0000 2.4256
85.0000 2.4371
86.0000 2.3634
87.0000 2.2696
88.0000 2.1696
89.0000 2.0748
90.0000 2.0200
91.0000 2.0275
92.0000 1.9458
93.0000 1.8506
94.0000 1.7515
95.0000 1.6561
96.0000 1.6260
97.0000 1.5473
98.0000 1.4590
99.0000 1.4594
100.0000 1.4556
101.0000 1.5329
102.0000 1.6043
103.0000 1.6546
104.0000 1.7295
105.0000 1.7356
106.0000 1.8329
107.0000 1.9326
108.0000 2.0326
109.0000 2.0848
110.0000 1.9851
111.0000 1.9172
112.0000 1.9034
113.0000 1.8934
114.0000 1.8381
115.0000 1.7892
116.0000 1.7588
117.0000 1.6704
118.0000 1.5860
119.0000 1.6659
120.0000 1.7656
121.0000 1.8506
122.0000 1.9411
123.0000 2.0272
124.0000 1.9782
125.0000 1.9958
126.0000 1.9624
127.0000 1.8800
128.0000 1.7843
129.0000 1.6885
130.0000 1.6340
131.0000 1.5361
132.0000 1.4399
133.0000 1.4468
134.0000 1.5263
135.0000 1.5741
136.0000 1.6254
137.0000 1.5885
138.0000 1.6726
139.0000 1.7682
140.0000 1.8655
141.0000 1.9292
142.0000 1.9817
143.0000 1.8993
144.0000 1.8007
145.0000 1.7872
146.0000 1.8780
147.0000 1.9775
148.0000 2.0726
149.0000 2.1334
150.0000 2.0528
