1.0000 2.1809
2.0000 2.1456
3.0000 2.0523
4.0000 1.9639
5.0000 1.8996
6.0000 1.8189
7.0000 1.7778
8.0000 1.7026
9.0000 1.6335
10.0000 1.5441
11.0000 1.4644
12.0000 1.4203
13.0000 1.4568
14.0000 1.5562
15.0000 1.6548
16.0000 1.7535
17.0000 1.8088
18.0000 1.8520
19.0000 1.8665
20.0000 1.8515
21.0000 1.9316
22.0000 2.0268
23.0000 2.1213
24.0000 2.2018
25.0000 2.2698
26.0000 2.3680
27.0000 2.4680
28.0000 2.4637
29.0000 2.4231
30.0000 2.3723
31.0000 2.4153
32.0000 2.4227
33.0000 2.4312
34.0000 2.4861
35.0000 2.5408
36.0000 2.5030
37.0000 2.4509
38.0000 2.3780
39.0000 2.3054
40.0000 2.3681
41.0000 2.3629
42.0000 2.4302
43.0000 2.5208
44.0000 2.6035
45.0000 2.6806
46.0000 2.7315
47.0000 2.7271
48.0000 2.6321
49.0000 2.5742
50.0000 2.5680
51.0000 2.4880
52.0000 2.4137
53.0000 2.3223
54.0000 2.3276
55.0000 2.3503
56.0000 2.2563
57.0000 2.2716
58.0000 2.2252
59.0000 2.1440
60.0000 2.1685
61.0000 2.0970
62.0000 2.0209
63.0000 1.9228
64.0000 1.8540
65.0000 1.8917
66.0000 1.8014
67.0000 1.7258
68.0000 1.7360
69.0000 1.7314
70.0000 1.6807
71.0000 1.6920
72.0000 1.7729
73.0000 1.8633
74.0000 1.9441
75.0000 1.9323
76.0000 2.0043
77.0000 2.0882
78.0000 2.1410
79.0000 2.2409
80.0000 2.3252
81.0000 2.4232
82.0000 2.4927
83.0000 2.5256
84.0000 2.5403
85.0000 2.5036
86.0000 2.4256
87.0000 2.3480
88.0000 2.2962
89.0000 2.3148
90.0000 2.2755
91.0000 2.1830
92.0000 2.0849
93.0000 1.9881
94.0000 1.8928
95.0000 1.8585
96.0000 1.8414
97.0000 1.7644
98.0000 1.7782
99.0000 1.8504
100.0000 1.9349
101.0000 1.9833
102.0000 2.0781
103.0000 2.0815
104.0000 1.9912
105.0000 1.9041
106.0000 1.8047
107.0000 1.7074
108.0000 1.6358
109.0000 1.6974
110.0000 1.6233
111.0000 1.5350
112.0000 1.5295
113.0000 1.5356
114.0000 1.5404
115.0000 1.6376
116.0000 1.7350
117.0000 1.8323
118.0000 1.9088
119.0000 1.8473
120.0000 1.7947
121.0000 1.7172
122.0000 1.7479
123.0000 1.8478
124.0000 1.9422
125.0000 1.9648
126.0000 1.9598
127.0000 1.9510
128.0000 1.9328
129.0000 1.8661
130.0000 1.9315
131.0000 2.0302
132.0000 1.9606
133.0000 1.9295
134.0000 1.8750
135.0000 1.8939
136.0000 1.8819
137.0000 1.7875
138.0000 1.6880
139.0000 1.6389
140.0000 1.5773
141.0000 1.4914
142.0000 1.4412
143.0000 1.4509
144.0000 1.5253
145.0000 1.5602
146.0000 1.6574
147.0000 1.7310
148.0000 1.7240
149.0000 1.6270
150.0000 1.5705
