1.0000 2.1681
2.0000 2.0735
3.0000 1.9859
4.0000 1.9044
5.0000 1.8049
6.0000 1.7292
7.0000 1.6362
8.0000 1.5617
9.0000 1.5911
10.0000 1.5466
11.0000 1.4831
12.0000 1.4150
13.0000 1.3739
14.0000 1.4044
15.0000 1.4311
16.0000 1.4888
17.0000 1.4892
18.0000 1.5822
19.0000 1.6497
20.0000 1.7449
21.0000 1.8449
22.0000 1.9290
23.0000 1.8333
24.0000 1.8130
25.0000 1.8299
26.0000 1.9299
27.0000 2.0009
28.0000 1.9014
29.0000 1.9390
30.0000 1.9980
31.0000 1.9000
32.0000 1.8093
33.0000 1.7352
34.0000 1.6353
35.0000 1.5963
36.0000 1.5452
37.0000 1.5535
38.0000 1.6390
39.0000 1.7383
40.0000 1.8115
41.0000 1.8630
42.0000 1.9300
43.0000 1.9837
44.0000 1.9185
45.0000 1.8465
46.0000 1.9087
47.0000 1.9486
48.0000 2.0000
49.0000 1.9888
50.0000 1.9661
51.0000 1.8800
52.0000 1.8758
53.0000 1.9754
54.0000 1.9876
55.0000 1.9471
56.0000 1.9079
57.0000 1.8486
58.0000 1.8319
59.0000 1.7772
60.0000 1.7722
61.0000 1.7331
62.0000 1.6848
63.0000 1.7265
64.0000 1.7751
65.0000 1.7361
66.0000 1.7853
67.0000 1.7382
68.0000 1.8082
69.0000 1.8063
70.0000 1.7098
71.0000 1.6441
72.0000 1.6101
73.0000 1.6625
74.0000 1.6231
75.0000 1.6156
76.0000 1.6691
77.0000 1.7678
78.0000 1.8324
79.0000 1.8397
80.0000 1.8645
81.0000 1.9221
82.0000 1.9290
83.0000 1.9651
84.0000 1.9252
85.0000 1.9304
86.0000 1.9906
87.0000 2.0897
88.0000 2.1263
89.0000 2.1634
90.0000 2.0652
91.0000 2.0211
92.0000 1.9247
93.0000 1.8254
94.0000 1.7254
95.0000 1.6278
96.0000 1.5478
97.0000 1.4480
98.0000 1.4578
99.0000 1.4968
100.0000 1.4742
101.0000 1.3847
102.0000 1.3844
103.0000 1.4274
104.0000 1.5268
105.0000 1.6138
106.0000 1.6654
107.0000 1.6578
108.0000 1.6268
109.0000 1.6763
110.0000 1.7501
111.0000 1.8356
112.0000 1.8697
113.0000 1.9548
114.0000 2.0467
115.0000 2.1217
116.0000 2.1977
117.0000 2.2480
118.0000 2.2443
119.0000 2.1588
120.0000 2.2203
121.0000 2.1511
122.0000 2.0798
123.0000 2.0740
124.0000 2.0863
125.0000 2.0029
126.0000 1.9062
127.0000 1.9131
128.0000 2.0107
129.0000 2.0986
130.0000 2.1471
131.0000 2.1683
132.0000 2.2258
133.0000 2.3075
134.0000 2.3757
135.0000 2.4001
136.0000 2.4989
137.0000 2.5334
138.0000 2.5123
139.0000 2.5772
140.0000 2.6673
141.0000 2.6163
142.0000 2.5252
143.0000 2.4298
144.0000 2.4081
145.0000 2.3103
146.0000 2.2155
147.0000 2.1964
148.0000 2.1711
149.0000 2.0793
150.0000 2.0821
