1.0000 2.1415
2.0000 2.0988
3.0000 2.0748
4.0000 2.1379
5.0000 2.2346
6.0000 2.2956
7.0000 2.3951
8.0000 2.4859
9.0000 2.4862
10.0000 2.5024
11.0000 2.5975
12.0000 2.6697
13.0000 2.5775
14.0000 2.4971
15.0000 2.4090
16.0000 2.4678
17.0000 2.4596
18.0000 2.3795
19.0000 2.4692
20.0000 2.5460
21.0000 2.6184
22.0000 2.5675
23.0000 2.4870
24.0000 2.4067
25.0000 2.3846
26.0000 2.4770
27.0000 2.5066
28.0000 2.5485
29.0000 2.5961
30.0000 2.5535
31.0000 2.6396
32.0000 2.7375
33.0000 2.7801
34.0000 2.7253
35.0000 2.7285
36.0000 2.6995
37.0000 2.6066
38.0000 2.5107
39.0000 2.4125
40.0000 2.3284
41.0000 2.3040
42.0000 2.2155
43.0000 2.2103
44.0000 2.2479
45.0000 2.3470
46.0000 2.3807
47.0000 2.4488
48.0000 2.4286
49.0000 2.3295
50.0000 2.2457
51.0000 2.1531
52.0000 2.0532
53.0000 1.9541
54.0000 1.8619
55.0000 1.7891
56.0000 1.7316
57.0000 1.6607
58.0000 1.5914
59.0000 1.5805
60.0000 1.4808
61.0000 1.3981
62.0000 1.3193
63.0000 1.2687
64.0000 1.2879
65.0000 1.2389
66.0000 1.1604
67.0000 1.1695
68.0000 1.1272
69.0000 1.0273
70.0000 0.9681
71.0000 1.0482
72.0000 1.0937
73.0000 1.1887
74.0000 1.2876
75.0000 1.3773
76.0000 1.4621
77.0000 1.5616
78.0000 1.6577
79.0000 1.6517
80.0000 1.5517
81.0000 1.4965
82.0000 1.4241
83.0000 1.3632
84.0000 1.3153
85.0000 1.2217
86.0000 1.2313
87.0000 1.3208
88.0000 1.4153
89.0000 1.4743
90.0000 1.5322
91.0000 1.6151
92.0000 1.7147
93.0000 1.7585
94.0000 1.7805
95.0000 1.7603
96.0000 1.6619
97.0000 1.5701
98.0000 1.4865
99.0000 1.4093
100.0000 1.5005
101.0000 1.5800
102.0000 1.6509
103.0000 1.7423
104.0000 1.7990
105.0000 1.8963
106.0000 1.9676
107.0000 2.0673
108.0000 2.1486
109.0000 2.1574
110.0000 2.0577
111.0000 1.9644
112.0000 1.8753
113.0000 1.7968
114.0000 1.7569
115.0000 1.6631
116.0000 1.5634
117.0000 1.4650
118.0000 1.3736
119.0000 1.3297
120.0000 1.2700
121.0000 1.2312
122.0000 1.1386
123.0000 1.0506
124.0000 0.9691
125.0000 0.8710
126.0000 0.7805
127.0000 0.6835
128.0000 0.7325
129.0000 0.8318
130.0000 0.9315
131.0000 1.0111
132.0000 1.1111
133.0000 1.2068
134.0000 1.3041
135.0000 1.3107
136.0000 1.2180
137.0000 1.1230
138.0000 1.0233
139.0000 0.9257
140.0000 0.8338
141.0000 0.7525
142.0000 0.6706
143.0000 0.5831
144.0000 0.4922
145.0000 0.4244
146.0000 0.3689
147.0000 0.3156
148.0000 0.3623
149.0000 0.3491
150.0000 0.4461
