1.0000 2.1361
2.0000 2.1549
3.0000 2.1769
4.0000 2.1385
5.0000 2.1451
6.0000 2.0521
7.0000 2.1307
8.0000 2.2305
9.0000 2.2750
10.0000 2.3403
11.0000 2.2868
12.0000 2.3574
13.0000 2.4501
14.0000 2.5122
15.0000 2.4937
16.0000 2.4236
17.0000 2.3461
18.0000 2.2906
19.0000 2.3273
20.0000 2.4264
21.0000 2.3718
22.0000 2.2719
23.0000 2.1723
24.0000 2.0723
25.0000 1.9728
26.0000 1.8779
27.0000 1.7780
28.0000 1.7023
29.0000 1.6116
30.0000 1.5212
31.0000 1.5462
32.0000 1.5450
33.0000 1.4536
34.0000 1.4067
35.0000 1.3076
36.0000 1.2309
37.0000 1.1911
38.0000 1.0980
39.0000 1.0108
40.0000 0.9445
41.0000 0.9501
42.0000 0.9016
43.0000 0.8797
44.0000 0.9674
45.0000 1.0614
46.0000 1.0978
47.0000 1.1754
48.0000 1.2615
49.0000 1.3517
50.0000 1.3966
51.0000 1.3656
52.0000 1.3934
53.0000 1.3883
54.0000 1.2956
55.0000 1.2333
56.0000 1.1397
57.0000 1.0398
58.0000 0.9733
59.0000 0.8779
60.0000 0.7877
61.0000 0.6887
62.0000 0.5974
63.0000 0.5267
64.0000 0.4900
65.0000 0.5049
66.0000 0.4363
67.0000 0.4292
68.0000 0.5165
69.0000 0.6165
70.0000 0.6950
71.0000 0.6922
72.0000 0.7666
73.0000 0.8186
74.0000 0.7622
75.0000 0.6648
76.0000 0.5816
77.0000 0.4906
78.0000 0.3925
79.0000 0.3735
80.0000 0.4734
81.0000 0.4048
82.0000 0.4963
83.0000 0.5852
84.0000 0.6741
85.0000 0.5899
86.0000 0.5017
87.0000 0.4062
88.0000 0.4402
89.0000 0.5339
90.0000 0.6261
91.0000 0.7028
92.0000 0.8027
93.0000 0.8951
94.0000 0.9943
95.0000 1.0594
96.0000 1.1447
97.0000 1.2170
98.0000 1.1679
99.0000 1.0691
100.0000 0.9700
101.0000 0.9275
102.0000 0.8376
103.0000 0.7770
104.0000 0.8704
105.0000 0.9544
106.0000 0.9068
107.0000 0.9993
108.0000 1.0976
109.0000 1.1338
110.0000 1.0518
111.0000 1.1046
112.0000 1.2037
113.0000 1.2572
114.0000 1.3572
115.0000 1.4561
116.0000 1.5456
117.0000 1.5936
118.0000 1.6826
119.0000 1.7645
120.0000 1.8633
121.0000 1.9620
122.0000 2.0620
123.0000 2.1337
124.0000 2.1885
125.0000 2.2593
126.0000 2.2450
127.0000 2.3340
128.0000 2.4244
129.0000 2.5054
130.0000 2.4807
131.0000 2.4736
132.0000 2.5008
133.0000 2.4401
134.0000 2.4125
135.0000 2.4853
136.0000 2.5006
137.0000 2.4770
138.0000 2.5306
139.0000 2.5687
140.0000 2.6169
141.0000 2.6303
142.0000 2.6002
143.0000 2.5655
144.0000 2.6082
145.0000 2.6374
146.0000 2.5608
147.0000 2.4613
148.0000 2.3711
149.0000 2.3181
150.0000 2.2518
