1.0000 2.1363
2.0000 2.0633
3.0000 2.0161
4.0000 1.9428
5.0000 1.8566
6.0000 1.7766
7.0000 1.7631
8.0000 1.7241
9.0000 1.7555
10.0000 1.8161
11.0000 1.8927
12.0000 1.9094
13.0000 1.9644
14.0000 1.9872
15.0000 1.9498
16.0000 1.8620
17.0000 1.8475
18.0000 1.7904
19.0000 1.7973
20.0000 1.8615
21.0000 1.9492
22.0000 2.0138
23.0000 1.9995
24.0000 1.9036
25.0000 1.8810
26.0000 1.7863
27.0000 1.8265
28.0000 1.9133
29.0000 2.0128
30.0000 2.0527
31.0000 2.0758
32.0000 2.0618
33.0000 2.1398
34.0000 2.1474
35.0000 2.0474
36.0000 2.0880
37.0000 2.0733
38.0000 2.0573
39.0000 1.9577
40.0000 1.8582
41.0000 1.8349
42.0000 1.7362
43.0000 1.6378
44.0000 1.6329
45.0000 1.6264
46.0000 1.7211
47.0000 1.8195
48.0000 1.8852
49.0000 1.8553
50.0000 1.7775
51.0000 1.7931
52.0000 1.8923
53.0000 1.9088
54.0000 1.8210
55.0000 1.7629
56.0000 1.8049
57.0000 1.9043
58.0000 2.0004
59.0000 1.9269
60.0000 1.8315
61.0000 1.7317
62.0000 1.6318
63.0000 1.5469
64.0000 1.5373
65.0000 1.6328
66.0000 1.7264
67.0000 1.8244
68.0000 1.9198
69.0000 2.0046
70.0000 1.9568
71.0000 1.8598
72.0000 1.9339
73.0000 2.0000
74.0000 1.9123
75.0000 1.9426
76.0000 1.9650
77.0000 1.8651
78.0000 1.8352
79.0000 1.8414
80.0000 1.8930
81.0000 1.9152
82.0000 1.8912
83.0000 1.8069
84.0000 1.8689
85.0000 1.8716
86.0000 1.8748
87.0000 1.8013
88.0000 1.7017
89.0000 1.6029
90.0000 1.5633
91.0000 1.4727
92.0000 1.3728
93.0000 1.3063
94.0000 1.2063
95.0000 1.1542
96.0000 1.1030
97.0000 1.0569
98.0000 1.1021
99.0000 1.2018
100.0000 1.1820
101.0000 1.0836
102.0000 1.0251
103.0000 1.0596
104.0000 1.1444
105.0000 1.1375
106.0000 1.0981
107.0000 1.1545
108.0000 1.2544
109.0000 1.2983
110.0000 1.3983
111.0000 1.4780
112.0000 1.5314
113.0000 1.4710
114.0000 1.3966
115.0000 1.3388
116.0000 1.2451
117.0000 1.1648
118.0000 1.0809
119.0000 1.0446
120.0000 0.9464
121.0000 0.8499
122.0000 0.7562
123.0000 0.7165
124.0000 0.7368
125.0000 0.8313
126.0000 0.8938
127.0000 0.9552
128.0000 1.0255
129.0000 1.1245
130.0000 1.1962
131.0000 1.2943
132.0000 1.3542
133.0000 1.3674
134.0000 1.3198
135.0000 1.3661
136.0000 1.3872
137.0000 1.4731
138.0000 1.4185
139.0000 1.4208
140.0000 1.5072
141.0000 1.4537
142.0000 1.3782
143.0000 1.2825
144.0000 1.2181
145.0000 1.1547
146.0000 1.0554
147.0000 0.9555
148.0000 0.8885
149.0000 0.7897
150.0000 0.7708
