1.0000 2.2785
2.0000 2.2806
3.0000 2.2852
4.0000 2.3287
5.0000 2.3231
6.0000 2.4104
7.0000 2.5099
8.0000 2.5755
9.0000 2.5593
10.0000 2.6488
11.0000 2.7212
12.0000 2.6292
13.0000 2.5306
14.0000 2.4310
15.0000 2.3667
16.0000 2.2672
17.0000 2.2987
18.0000 2.3783
19.0000 2.4350
20.0000 2.4688
21.0000 2.4835
22.0000 2.4399
23.0000 2.4043
24.0000 2.3245
25.0000 2.3220
26.0000 2.2944
27.0000 2.2033
28.0000 2.1066
29.0000 2.0732
30.0000 2.0256
31.0000 1.9867
32.0000 2.0026
33.0000 2.0783
34.0000 2.1781
35.0000 2.2557
36.0000 2.3036
37.0000 2.2489
38.0000 2.3236
39.0000 2.2551
40.0000 2.1560
41.0000 2.0580
42.0000 1.9609
43.0000 1.9513
44.0000 1.9431
45.0000 2.0407
46.0000 2.1111
47.0000 2.0623
48.0000 2.0950
49.0000 2.1773
50.0000 2.1309
51.0000 2.0329
52.0000 2.0220
53.0000 2.0047
54.0000 2.0508
55.0000 2.0251
56.0000 1.9289
57.0000 1.8391
58.0000 1.7763
59.0000 1.8703
60.0000 1.8231
61.0000 1.7575
62.0000 1.7714
63.0000 1.8622
64.0000 1.9598
65.0000 1.9923
66.0000 1.9565
67.0000 1.9024
68.0000 1.8105
69.0000 1.7698
70.0000 1.6782
71.0000 1.6020
72.0000 1.5252
73.0000 1.4901
74.0000 1.5547
75.0000 1.6388
76.0000 1.7375
77.0000 1.8132
78.0000 1.8937
79.0000 1.9810
80.0000 1.9878
81.0000 1.9351
82.0000 1.8375
83.0000 1.7444
84.0000 1.6682
85.0000 1.6167
86.0000 1.5482
87.0000 1.5100
88.0000 1.4125
89.0000 1.3132
90.0000 1.2323
91.0000 1.1399
92.0000 1.0846
93.0000 0.9876
94.0000 0.9131
95.0000 0.8133
96.0000 0.7172
97.0000 0.6280
98.0000 0.5754
99.0000 0.4765
100.0000 0.4329
101.0000 0.4406
102.0000 0.5330
103.0000 0.6032
104.0000 0.6736
105.0000 0.7638
106.0000 0.8589
107.0000 0.9309
108.0000 0.9600
109.0000 1.0511
110.0000 1.0655
111.0000 1.0923
112.0000 1.0559
113.0000 1.0124
114.0000 0.9426
115.0000 0.8781
116.0000 0.7788
117.0000 0.6871
118.0000 0.6386
119.0000 0.5612
120.0000 0.5156
121.0000 0.5966
122.0000 0.6627
123.0000 0.6940
124.0000 0.7517
125.0000 0.8237
126.0000 0.9120
127.0000 0.8815
128.0000 0.9536
129.0000 0.9334
130.0000 0.8703
131.0000 0.8481
132.0000 0.7481
133.0000 0.6566
134.0000 0.5567
135.0000 0.4574
136.0000 0.3657
137.0000 0.3285
138.0000 0.2595
139.0000 0.2353
140.0000 0.2986
141.0000 0.2973
142.0000 0.3301
143.0000 0.4226
144.0000 0.5224
145.0000 0.6222
146.0000 0.6659
147.0000 0.7484
148.0000 0.7427
149.0000 0.6468
150.0000 0.5633
