1.0000 2.2687
2.0000 2.2384
3.0000 2.1924
4.0000 2.1253
5.0000 2.1076
6.0000 2.1412
7.0000 2.2250
8.0000 2.2584
9.0000 2.3554
10.0000 2.4545
11.0000 2.5545
12.0000 2.5199
13.0000 2.4759
14.0000 2.3837
15.0000 2.2966
16.0000 2.3178
17.0000 2.3132
18.0000 2.3448
19.0000 2.3008
20.0000 2.3710
21.0000 2.4708
22.0000 2.4763
23.0000 2.4001
24.0000 2.3006
25.0000 2.2314
26.0000 2.2293
27.0000 2.1616
28.0000 2.1427
29.0000 2.1213
30.0000 2.0643
31.0000 1.9649
32.0000 1.8704
33.0000 1.7740
34.0000 1.8070
35.0000 1.8486
36.0000 1.8006
37.0000 1.7723
38.0000 1.6771
39.0000 1.5913
40.0000 1.5913
41.0000 1.4968
42.0000 1.5013
43.0000 1.5610
44.0000 1.6062
45.0000 1.6862
46.0000 1.7325
47.0000 1.8128
48.0000 1.9045
49.0000 1.8935
50.0000 1.8014
51.0000 1.7209
52.0000 1.6369
53.0000 1.5530
54.0000 1.5449
55.0000 1.5225
56.0000 1.4296
57.0000 1.3305
58.0000 1.2315
59.0000 1.1397
60.0000 1.1179
61.0000 1.1077
62.0000 1.1990
63.0000 1.2786
64.0000 1.3660
65.0000 1.3394
66.0000 1.4339
67.0000 1.4315
68.0000 1.3556
69.0000 1.3043
70.0000 1.2540
71.0000 1.2151
72.0000 1.2216
73.0000 1.2600
74.0000 1.3473
75.0000 1.4470
76.0000 1.3960
77.0000 1.2960
78.0000 1.2443
79.0000 1.2997
80.0000 1.3953
81.0000 1.4524
82.0000 1.3922
83.0000 1.3655
84.0000 1.3839
85.0000 1.3322
86.0000 1.4115
87.0000 1.4490
88.0000 1.5471
89.0000 1.6419
90.0000 1.7404
91.0000 1.8181
92.0000 1.9081
93.0000 1.9887
94.0000 2.0624
95.0000 2.1432
96.0000 2.0718
97.0000 2.0408
98.0000 2.0787
99.0000 2.1077
100.0000 2.0158
101.0000 1.9617
102.0000 1.8650
103.0000 1.7967
104.0000 1.7298
105.0000 1.6317
106.0000 1.5378
107.0000 1.4387
108.0000 1.3473
109.0000 1.2476
110.0000 1.1494
111.0000 1.0952
112.0000 1.1066
113.0000 1.1391
114.0000 1.2300
115.0000 1.3235
116.0000 1.3874
117.0000 1.4709
118.0000 1.5324
119.0000 1.6177
120.0000 1.5481
121.0000 1.5048
122.0000 1.4085
123.0000 1.3822
124.0000 1.4150
125.0000 1.3312
126.0000 1.2560
127.0000 1.1712
128.0000 1.0880
129.0000 0.9917
130.0000 0.9622
131.0000 1.0103
132.0000 0.9422
133.0000 0.9465
134.0000 1.0300
135.0000 1.0144
136.0000 0.9815
137.0000 1.0369
138.0000 1.1328
139.0000 1.0947
140.0000 0.9947
141.0000 0.9883
142.0000 0.9873
143.0000 0.8908
144.0000 0.7945
145.0000 0.7185
146.0000 0.7763
147.0000 0.7151
148.0000 0.6761
149.0000 0.6211
150.0000 0.5457
