1.0000 2.1952
2.0000 2.2322
3.0000 2.2113
4.0000 2.2675
5.0000 2.3188
6.0000 2.4165
7.0000 2.5049
8.0000 2.5318
9.0000 2.5969
10.0000 2.6262
11.0000 2.6584
12.0000 2.6478
13.0000 2.6338
14.0000 2.5382
15.0000 2.4544
16.0000 2.3858
17.0000 2.3216
18.0000 2.4201
19.0000 2.3534
20.0000 2.3652
21.0000 2.3749
22.0000 2.3380
23.0000 2.3934
24.0000 2.4297
25.0000 2.5034
26.0000 2.5907
27.0000 2.6432
28.0000 2.6233
29.0000 2.5241
30.0000 2.4761
31.0000 2.5495
32.0000 2.5362
33.0000 2.5122
34.0000 2.5387
35.0000 2.6129
36.0000 2.6354
37.0000 2.5695
38.0000 2.5287
39.0000 2.5335
40.0000 2.5844
41.0000 2.6162
42.0000 2.6068
43.0000 2.5161
44.0000 2.4659
45.0000 2.4746
46.0000 2.5721
47.0000 2.6719
48.0000 2.7480
49.0000 2.7713
50.0000 2.7001
51.0000 2.6048
52.0000 2.5049
53.0000 2.4050
54.0000 2.3053
55.0000 2.2632
56.0000 2.2656
57.0000 2.2495
58.0000 2.1893
59.0000 2.2150
60.0000 2.2967
61.0000 2.3355
62.0000 2.4113
63.0000 2.5030
64.0000 2.6027
65.0000 2.6070
66.0000 2.5250
67.0000 2.4269
68.0000 2.4170
69.0000 2.5151
70.0000 2.5935
71.0000 2.6826
72.0000 2.7333
73.0000 2.6390
74.0000 2.5409
75.0000 2.4559
76.0000 2.3611
77.0000 2.2663
78.0000 2.2184
79.0000 2.2865
80.0000 2.3836
81.0000 2.4587
82.0000 2.4436
83.0000 2.3955
84.0000 2.3862
85.0000 2.4242
86.0000 2.3813
87.0000 2.4761
88.0000 2.4106
89.0000 2.3816
90.0000 2.3384
91.0000 2.2736
92.0000 2.2328
93.0000 2.1588
94.0000 2.0947
95.0000 2.0521
96.0000 2.0301
97.0000 1.9993
98.0000 2.0993
99.0000 2.1986
100.0000 2.2364
101.0000 2.1540
102.0000 2.0617
103.0000 2.0606
104.0000 1.9665
105.0000 2.0613
106.0000 2.1458
107.0000 2.2454
108.0000 2.3100
109.0000 2.3731
110.0000 2.3673
111.0000 2.4194
112.0000 2.4978
113.0000 2.4725
114.0000 2.4168
115.0000 2.4933
116.0000 2.5343
117.0000 2.6140
118.0000 2.6755
119.0000 2.7287
120.0000 2.7673
121.0000 2.7304
122.0000 2.6709
123.0000 2.6193
124.0000 2.5197
125.0000 2.4349
126.0000 2.3493
127.0000 2.2756
128.0000 2.2241
129.0000 2.1490
130.0000 2.0724
131.0000 2.0387
132.0000 1.9467
133.0000 1.9086
134.0000 1.8284
135.0000 1.8494
136.0000 1.8120
137.0000 1.8822
138.0000 1.9821
139.0000 2.0424
140.0000 2.1176
141.0000 2.1935
142.0000 2.2150
143.0000 2.2633
144.0000 2.2971
145.0000 2.2323
146.0000 2.1430
147.0000 2.0622
148.0000 1.9888
149.0000 1.9822
150.0000 1.9943
