1.0000 2.1921
2.0000 2.0986
3.0000 2.0219
4.0000 1.9223
5.0000 1.8378
6.0000 1.9028
7.0000 1.9090
8.0000 1.9081
9.0000 1.9584
10.0000 2.0581
11.0000 2.1440
12.0000 2.1363
13.0000 2.0373
14.0000 1.9422
15.0000 1.8422
16.0000 1.8714
17.0000 1.9712
18.0000 2.0668
19.0000 2.1348
20.0000 2.1816
21.0000 2.1389
22.0000 2.1221
23.0000 2.0221
24.0000 1.9223
25.0000 1.8378
26.0000 1.7523
27.0000 1.8000
28.0000 1.8925
29.0000 1.9912
30.0000 1.9386
31.0000 1.8918
32.0000 1.9811
33.0000 2.0597
34.0000 2.1596
35.0000 2.1425
36.0000 2.0594
37.0000 2.0969
38.0000 2.0742
39.0000 2.0014
40.0000 2.0306
41.0000 2.0766
42.0000 2.0875
43.0000 2.1711
44.0000 2.2703
45.0000 2.2988
46.0000 2.3006
47.0000 2.2072
48.0000 2.1097
49.0000 2.0109
50.0000 1.9124
51.0000 1.8360
52.0000 1.8476
53.0000 1.9059
54.0000 2.0055
55.0000 1.9944
56.0000 2.0443
57.0000 2.1329
58.0000 2.2023
59.0000 2.2736
60.0000 2.2970
61.0000 2.2293
62.0000 2.1820
63.0000 2.1640
64.0000 2.1296
65.0000 2.0453
66.0000 1.9652
67.0000 1.8667
68.0000 1.7907
69.0000 1.6917
70.0000 1.6040
71.0000 1.5986
72.0000 1.5807
73.0000 1.6807
74.0000 1.7778
75.0000 1.8776
76.0000 1.9005
77.0000 1.8153
78.0000 1.7378
79.0000 1.7815
80.0000 1.8605
81.0000 1.9590
82.0000 2.0542
83.0000 2.0979
84.0000 2.0006
85.0000 1.9541
86.0000 1.9421
87.0000 2.0361
88.0000 2.1277
89.0000 2.1902
90.0000 2.2591
91.0000 2.3375
92.0000 2.3842
93.0000 2.3358
94.0000 2.2754
95.0000 2.1878
96.0000 2.0887
97.0000 2.0139
98.0000 1.9292
99.0000 1.9431
100.0000 1.9425
101.0000 1.8447
102.0000 1.7505
103.0000 1.6832
104.0000 1.6294
105.0000 1.6799
106.0000 1.7216
107.0000 1.6636
108.0000 1.5884
109.0000 1.5192
110.0000 1.4408
111.0000 1.4020
112.0000 1.4990
113.0000 1.5770
114.0000 1.5714
115.0000 1.5319
116.0000 1.5051
117.0000 1.4515
118.0000 1.4584
119.0000 1.3964
120.0000 1.4205
121.0000 1.4542
122.0000 1.5535
123.0000 1.6494
124.0000 1.7072
125.0000 1.7989
126.0000 1.8986
127.0000 1.9940
128.0000 2.0593
129.0000 1.9928
130.0000 1.9388
131.0000 1.8812
132.0000 1.8816
133.0000 1.9268
134.0000 1.9648
135.0000 2.0518
136.0000 2.0798
137.0000 2.1265
138.0000 2.2033
139.0000 2.2622
140.0000 2.3436
141.0000 2.4349
142.0000 2.5247
143.0000 2.5365
144.0000 2.5100
145.0000 2.5053
146.0000 2.5311
147.0000 2.5986
148.0000 2.6399
149.0000 2.5443
150.0000 2.4482
