1.0000 2.1732
2.0000 2.0760
3.0000 1.9980
4.0000 1.8981
5.0000 1.8426
6.0000 1.7894
7.0000 1.7373
8.0000 1.7569
9.0000 1.6717
10.0000 1.6576
11.0000 1.6114
12.0000 1.5298
13.0000 1.4797
14.0000 1.5735
15.0000 1.6210
16.0000 1.6044
17.0000 1.7039
18.0000 1.7802
19.0000 1.8484
20.0000 1.8979
21.0000 1.9936
22.0000 1.9955
23.0000 1.9854
24.0000 2.0760
25.0000 2.1750
26.0000 2.2339
27.0000 2.1945
28.0000 2.1215
29.0000 2.0260
30.0000 1.9759
31.0000 1.8861
32.0000 1.9256
33.0000 1.9833
34.0000 2.0676
35.0000 2.1665
36.0000 2.2135
37.0000 2.2191
38.0000 2.1332
39.0000 2.0422
40.0000 2.0858
41.0000 2.1654
42.0000 2.2617
43.0000 2.3590
44.0000 2.4416
45.0000 2.5406
46.0000 2.6220
47.0000 2.6367
48.0000 2.6168
49.0000 2.5916
50.0000 2.6907
51.0000 2.7120
52.0000 2.6133
53.0000 2.6239
54.0000 2.6601
55.0000 2.5638
56.0000 2.5304
57.0000 2.5299
58.0000 2.6189
59.0000 2.6647
60.0000 2.6306
61.0000 2.5403
62.0000 2.5298
63.0000 2.5883
64.0000 2.6431
65.0000 2.6445
66.0000 2.5502
67.0000 2.4557
68.0000 2.3572
69.0000 2.2579
70.0000 2.1967
71.0000 2.0967
72.0000 2.0223
73.0000 2.0729
74.0000 2.1728
75.0000 2.2501
76.0000 2.1707
77.0000 2.2049
78.0000 2.2927
79.0000 2.3464
80.0000 2.4378
81.0000 2.5355
82.0000 2.5841
83.0000 2.5250
84.0000 2.4362
85.0000 2.4160
86.0000 2.3160
87.0000 2.2169
88.0000 2.1755
89.0000 2.1145
90.0000 2.0594
91.0000 2.0879
92.0000 2.0773
93.0000 2.0101
94.0000 2.0311
95.0000 2.1273
96.0000 2.2258
97.0000 2.3076
98.0000 2.4076
99.0000 2.4904
100.0000 2.5240
101.0000 2.4732
102.0000 2.3838
103.0000 2.2900
104.0000 2.1935
105.0000 2.0947
106.0000 2.1536
107.0000 2.2388
108.0000 2.2486
109.0000 2.1876
110.0000 2.2666
111.0000 2.2628
112.0000 2.3492
113.0000 2.4222
114.0000 2.4860
115.0000 2.4764
116.0000 2.5573
117.0000 2.6173
118.0000 2.6798
119.0000 2.7234
120.0000 2.7146
121.0000 2.7631
122.0000 2.6715
123.0000 2.7705
124.0000 2.7991
125.0000 2.7068
126.0000 2.6308
127.0000 2.6622
128.0000 2.7580
129.0000 2.8539
130.0000 2.8195
131.0000 2.7833
132.0000 2.8832
133.0000 2.8838
134.0000 2.7989
135.0000 2.7696
136.0000 2.8169
137.0000 2.7741
138.0000 2.7674
139.0000 2.6886
140.0000 2.5986
141.0000 2.5820
142.0000 2.5508
143.0000 2.5660
144.0000 2.6432
145.0000 2.6468
146.0000 2.6491
147.0000 2.5887
148.0000 2.4991
149.0000 2.4169
150.0000 2.3975
