1.0000 2.1475
2.0000 2.0518
3.0000 1.9777
4.0000 1.9315
5.0000 1.8575
6.0000 1.8031
7.0000 1.8586
8.0000 1.8881
9.0000 1.9024
10.0000 1.9723
11.0000 1.9661
12.0000 1.8765
13.0000 1.8294
14.0000 1.8393
15.0000 1.7996
16.0000 1.7136
17.0000 1.6243
18.0000 1.6555
19.0000 1.7145
20.0000 1.6334
21.0000 1.5429
22.0000 1.4756
23.0000 1.4256
24.0000 1.4576
25.0000 1.5123
26.0000 1.5174
27.0000 1.5831
28.0000 1.6634
29.0000 1.7216
30.0000 1.6381
31.0000 1.5383
32.0000 1.5975
33.0000 1.6964
34.0000 1.7762
35.0000 1.8427
36.0000 1.8842
37.0000 1.9154
38.0000 1.9544
39.0000 1.9764
40.0000 1.9379
41.0000 1.8436
42.0000 1.8503
43.0000 1.9107
44.0000 1.8669
45.0000 1.8452
46.0000 1.8748
47.0000 1.9742
48.0000 1.8921
49.0000 1.9239
50.0000 1.9016
51.0000 1.9433
52.0000 2.0128
53.0000 2.0165
54.0000 2.0103
55.0000 1.9608
56.0000 1.9639
57.0000 1.9375
58.0000 1.9979
59.0000 1.8982
60.0000 1.8496
61.0000 1.7944
62.0000 1.7059
63.0000 1.6060
64.0000 1.5112
65.0000 1.4145
66.0000 1.3279
67.0000 1.2729
68.0000 1.2283
69.0000 1.2116
70.0000 1.2331
71.0000 1.2881
72.0000 1.3601
73.0000 1.3724
74.0000 1.3887
75.0000 1.4523
76.0000 1.5321
77.0000 1.6071
78.0000 1.6966
79.0000 1.6621
80.0000 1.5716
81.0000 1.4739
82.0000 1.3755
83.0000 1.2847
84.0000 1.2710
85.0000 1.2115
86.0000 1.1818
87.0000 1.0825
88.0000 0.9826
89.0000 0.9154
90.0000 0.8242
91.0000 0.7526
92.0000 0.8122
93.0000 0.8791
94.0000 0.9072
95.0000 1.0057
96.0000 1.0231
97.0000 1.1217
98.0000 1.1522
99.0000 1.1594
100.0000 1.1823
101.0000 1.2818
102.0000 1.3339
103.0000 1.4293
104.0000 1.5209
105.0000 1.6046
106.0000 1.5918
107.0000 1.6099
108.0000 1.6108
109.0000 1.6540
110.0000 1.7540
111.0000 1.7995
112.0000 1.8233
113.0000 1.8617
114.0000 1.8265
115.0000 1.9164
116.0000 1.9752
117.0000 1.9739
118.0000 2.0637
119.0000 2.1598
120.0000 2.2593
121.0000 2.3466
122.0000 2.4431
123.0000 2.5220
124.0000 2.6209
125.0000 2.6300
126.0000 2.7172
127.0000 2.7758
128.0000 2.7455
129.0000 2.6467
130.0000 2.5573
131.0000 2.5145
132.0000 2.5201
133.0000 2.6199
134.0000 2.5548
135.0000 2.4692
136.0000 2.3701
137.0000 2.3090
138.0000 2.3265
139.0000 2.2309
140.0000 2.1638
141.0000 2.2401
142.0000 2.2283
143.0000 2.1353
144.0000 2.0512
145.0000 1.9512
146.0000 1.8584
147.0000 1.7699
148.0000 1.6953
149.0000 1.6923
150.0000 1.6285
