1.0000 2.1386
2.0000 2.0601
3.0000 2.0385
4.0000 2.1041
5.0000 2.1806
6.0000 2.1969
7.0000 2.2657
8.0000 2.3421
9.0000 2.3907
10.0000 2.4349
11.0000 2.5109
12.0000 2.4279
13.0000 2.3478
14.0000 2.3445
15.0000 2.3895
16.0000 2.3863
17.0000 2.4635
18.0000 2.4171
19.0000 2.4688
20.0000 2.4963
21.0000 2.5504
22.0000 2.6081
23.0000 2.6066
24.0000 2.6390
25.0000 2.5392
26.0000 2.4602
27.0000 2.4894
28.0000 2.4262
29.0000 2.4980
30.0000 2.4257
31.0000 2.3961
32.0000 2.2965
33.0000 2.2511
34.0000 2.2390
35.0000 2.1845
36.0000 2.0850
37.0000 1.9918
38.0000 1.9373
39.0000 1.8545
40.0000 1.8491
41.0000 1.9064
42.0000 1.9992
43.0000 2.0968
44.0000 2.1967
45.0000 2.2472
46.0000 2.1518
47.0000 2.2213
48.0000 2.3101
49.0000 2.3256
50.0000 2.3928
51.0000 2.4645
52.0000 2.5125
53.0000 2.5276
54.0000 2.5326
55.0000 2.5625
56.0000 2.6442
57.0000 2.6760
58.0000 2.7304
59.0000 2.7973
60.0000 2.8024
61.0000 2.7543
62.0000 2.8286
63.0000 2.7889
64.0000 2.6926
65.0000 2.6450
66.0000 2.6303
67.0000 2.5608
68.0000 2.4934
69.0000 2.5571
70.0000 2.6287
71.0000 2.7225
72.0000 2.8040
73.0000 2.7543
74.0000 2.7024
75.0000 2.6316
76.0000 2.6054
77.0000 2.6401
78.0000 2.6476
79.0000 2.6297
80.0000 2.5309
81.0000 2.4826
82.0000 2.4400
83.0000 2.4933
84.0000 2.4625
85.0000 2.5572
86.0000 2.6564
87.0000 2.7017
88.0000 2.6555
89.0000 2.6312
90.0000 2.5972
91.0000 2.5057
92.0000 2.5393
93.0000 2.5270
94.0000 2.4940
95.0000 2.4006
96.0000 2.4168
97.0000 2.3396
98.0000 2.2654
99.0000 2.1866
100.0000 2.0886
101.0000 2.0223
102.0000 1.9779
103.0000 1.9980
104.0000 2.0274
105.0000 2.0798
106.0000 2.0170
107.0000 1.9180
108.0000 1.8242
109.0000 1.7806
110.0000 1.7781
111.0000 1.8461
112.0000 1.9249
113.0000 2.0112
114.0000 2.0963
115.0000 2.1896
116.0000 2.2896
117.0000 2.3866
118.0000 2.4247
119.0000 2.4946
120.0000 2.5032
121.0000 2.4912
122.0000 2.3968
123.0000 2.3410
124.0000 2.3220
125.0000 2.2387
126.0000 2.1523
127.0000 2.0594
128.0000 1.9754
129.0000 1.8960
130.0000 1.8839
131.0000 1.8045
132.0000 1.7047
133.0000 1.6070
134.0000 1.5151
135.0000 1.4235
136.0000 1.3300
137.0000 1.2847
138.0000 1.2617
139.0000 1.1947
140.0000 1.1983
141.0000 1.2678
142.0000 1.2657
143.0000 1.1678
144.0000 1.0815
145.0000 0.9820
146.0000 0.9409
147.0000 0.8412
148.0000 0.7420
149.0000 0.6631
150.0000 0.7526
