1.0000 2.2385
2.0000 2.2508
3.0000 2.3098
4.0000 2.3681
5.0000 2.3887
6.0000 2.3292
7.0000 2.2979
8.0000 2.2308
9.0000 2.1613
10.0000 2.0682
11.0000 1.9822
12.0000 1.8852
13.0000 1.7940
14.0000 1.7551
15.0000 1.7879
16.0000 1.8134
17.0000 1.7547
18.0000 1.6570
19.0000 1.6134
20.0000 1.5989
21.0000 1.6329
22.0000 1.5941
23.0000 1.4941
24.0000 1.4921
25.0000 1.4378
26.0000 1.3625
27.0000 1.3312
28.0000 1.3276
29.0000 1.3471
30.0000 1.4125
31.0000 1.4240
32.0000 1.4993
33.0000 1.5454
34.0000 1.5772
35.0000 1.6754
36.0000 1.7453
37.0000 1.7954
38.0000 1.8536
39.0000 1.8940
40.0000 1.8733
41.0000 1.7736
42.0000 1.6771
43.0000 1.6155
44.0000 1.5290
45.0000 1.5643
46.0000 1.6241
47.0000 1.6989
48.0000 1.6984
49.0000 1.7205
50.0000 1.8188
51.0000 1.7212
52.0000 1.6405
53.0000 1.5471
54.0000 1.4540
55.0000 1.3583
56.0000 1.2707
57.0000 1.1732
58.0000 1.1580
59.0000 1.0967
60.0000 0.9968
61.0000 0.9145
62.0000 0.8261
63.0000 0.7291
64.0000 0.6829
65.0000 0.7829
66.0000 0.8680
67.0000 0.9263
68.0000 0.9425
69.0000 0.8623
70.0000 0.7656
71.0000 0.6964
72.0000 0.6433
73.0000 0.6791
74.0000 0.7759
75.0000 0.8560
76.0000 0.9507
77.0000 1.0505
78.0000 1.1501
79.0000 1.2452
80.0000 1.3360
81.0000 1.3498
82.0000 1.4498
83.0000 1.5351
84.0000 1.4964
85.0000 1.5134
86.0000 1.4692
87.0000 1.5337
88.0000 1.4348
89.0000 1.3494
90.0000 1.3316
91.0000 1.3858
92.0000 1.4164
93.0000 1.4849
94.0000 1.5834
95.0000 1.6810
96.0000 1.7593
97.0000 1.7867
98.0000 1.8602
99.0000 1.9498
100.0000 2.0473
101.0000 2.0045
102.0000 1.9905
103.0000 1.9427
104.0000 1.8745
105.0000 1.9093
106.0000 1.8196
107.0000 1.7203
108.0000 1.7464
109.0000 1.6805
110.0000 1.5972
111.0000 1.5657
112.0000 1.6651
113.0000 1.7644
114.0000 1.8328
115.0000 1.8518
116.0000 1.9327
117.0000 2.0321
118.0000 2.0659
119.0000 2.0121
120.0000 2.0118
121.0000 2.0153
122.0000 1.9194
123.0000 1.8200
124.0000 1.7717
125.0000 1.7746
126.0000 1.7858
127.0000 1.8383
128.0000 1.8249
129.0000 1.7312
130.0000 1.7029
131.0000 1.7470
132.0000 1.7840
133.0000 1.7103
134.0000 1.6674
135.0000 1.7397
136.0000 1.8334
137.0000 1.7941
138.0000 1.6990
139.0000 1.6011
140.0000 1.5516
141.0000 1.5374
142.0000 1.5867
143.0000 1.6636
144.0000 1.6830
145.0000 1.6442
146.0000 1.5749
147.0000 1.5101
148.0000 1.4336
149.0000 1.3864
150.0000 1.3759
