1.0000 2.1696
2.0000 2.0696
3.0000 2.0271
4.0000 2.0340
5.0000 1.9918
6.0000 2.0421
7.0000 2.0752
8.0000 2.0303
9.0000 2.0134
10.0000 2.0860
11.0000 2.1602
12.0000 2.0880
13.0000 2.1036
14.0000 2.0219
15.0000 1.9219
16.0000 1.8226
17.0000 1.7253
18.0000 1.6516
19.0000 1.6928
20.0000 1.7437
21.0000 1.8258
22.0000 1.9103
23.0000 1.9920
24.0000 1.9787
25.0000 2.0638
26.0000 2.1638
27.0000 2.1630
28.0000 2.0631
29.0000 2.0428
30.0000 1.9681
31.0000 2.0157
32.0000 2.0354
33.0000 2.0120
34.0000 1.9146
35.0000 1.8411
36.0000 1.7888
37.0000 1.8037
38.0000 1.8104
39.0000 1.8102
40.0000 1.8393
41.0000 1.9147
42.0000 2.0118
43.0000 2.0921
44.0000 2.1680
45.0000 2.2264
46.0000 2.3027
47.0000 2.3991
48.0000 2.4944
49.0000 2.5710
50.0000 2.6092
51.0000 2.5931
52.0000 2.5359
53.0000 2.4417
54.0000 2.3511
55.0000 2.3098
56.0000 2.3645
57.0000 2.3335
58.0000 2.3643
59.0000 2.3696
60.0000 2.3595
61.0000 2.3226
62.0000 2.2385
63.0000 2.2066
64.0000 2.1259
65.0000 2.0333
66.0000 1.9635
67.0000 1.9152
68.0000 1.9172
69.0000 1.9829
70.0000 2.0149
71.0000 2.0651
72.0000 1.9909
73.0000 1.9406
74.0000 1.9054
75.0000 1.8096
76.0000 1.7102
77.0000 1.6757
78.0000 1.7285
79.0000 1.8134
80.0000 1.9075
81.0000 1.9974
82.0000 2.0028
83.0000 1.9282
84.0000 1.8284
85.0000 1.7619
86.0000 1.7242
87.0000 1.6425
88.0000 1.5456
89.0000 1.5550
90.0000 1.5388
91.0000 1.5387
92.0000 1.5176
93.0000 1.4192
94.0000 1.4292
95.0000 1.3292
96.0000 1.2313
97.0000 1.2461
98.0000 1.3071
99.0000 1.3580
100.0000 1.3370
101.0000 1.3785
102.0000 1.3171
103.0000 1.4158
104.0000 1.5148
105.0000 1.6074
106.0000 1.7009
107.0000 1.8008
108.0000 1.9008
109.0000 1.9046
110.0000 1.8618
111.0000 1.7638
112.0000 1.7340
113.0000 1.8275
114.0000 1.8687
115.0000 1.9687
116.0000 1.9519
117.0000 1.8856
118.0000 1.8834
119.0000 1.9202
120.0000 1.9781
121.0000 1.9496
122.0000 2.0357
123.0000 2.1194
124.0000 2.1445
125.0000 2.1898
126.0000 2.2452
127.0000 2.2154
128.0000 2.1261
129.0000 2.0297
130.0000 1.9810
131.0000 1.9671
132.0000 1.9678
133.0000 2.0221
134.0000 2.1210
135.0000 2.2209
136.0000 2.2983
137.0000 2.3983
138.0000 2.4880
139.0000 2.5674
140.0000 2.5463
141.0000 2.4501
142.0000 2.4109
143.0000 2.3148
144.0000 2.3427
145.0000 2.3485
146.0000 2.2921
147.0000 2.1924
148.0000 2.0993
149.0000 2.0549
150.0000 2.0236
