1.0000 2.1439
2.0000 2.0651
3.0000 1.9981
4.0000 1.9010
5.0000 1.8067
6.0000 1.7219
7.0000 1.7790
8.0000 1.8490
9.0000 1.9319
10.0000 2.0040
11.0000 2.0721
12.0000 2.0431
13.0000 2.0806
14.0000 2.1301
15.0000 2.1891
16.0000 2.2060
17.0000 2.2067
18.0000 2.2171
19.0000 2.2182
20.0000 2.2069
21.0000 2.1314
22.0000 2.1382
23.0000 2.1748
24.0000 2.1664
25.0000 2.1528
26.0000 2.1578
27.0000 2.1971
28.0000 2.2894
29.0000 2.2656
30.0000 2.2382
31.0000 2.3002
32.0000 2.3963
33.0000 2.4733
34.0000 2.5721
35.0000 2.4999
36.0000 2.5199
37.0000 2.6081
38.0000 2.5271
39.0000 2.5224
40.0000 2.5705
41.0000 2.6035
42.0000 2.6495
43.0000 2.6220
44.0000 2.6183
45.0000 2.5448
46.0000 2.4643
47.0000 2.4646
48.0000 2.4210
49.0000 2.3596
50.0000 2.3182
51.0000 2.3056
52.0000 2.3582
53.0000 2.3351
54.0000 2.2722
55.0000 2.1724
56.0000 2.1051
57.0000 2.0056
58.0000 1.9201
59.0000 1.9201
60.0000 1.8255
61.0000 1.7351
62.0000 1.6550
63.0000 1.5623
64.0000 1.4825
65.0000 1.3826
66.0000 1.2843
67.0000 1.2087
68.0000 1.1090
69.0000 1.1241
70.0000 1.0571
71.0000 1.1282
72.0000 1.1857
73.0000 1.2695
74.0000 1.3682
75.0000 1.4238
76.0000 1.5174
77.0000 1.5897
78.0000 1.6191
79.0000 1.6874
80.0000 1.7611
81.0000 1.8573
82.0000 1.9505
83.0000 1.9988
84.0000 1.9268
85.0000 1.8987
86.0000 1.8209
87.0000 1.8852
88.0000 1.9838
89.0000 2.0788
90.0000 2.0982
91.0000 2.1727
92.0000 2.1736
93.0000 2.1342
94.0000 2.1189
95.0000 2.1319
96.0000 2.1128
97.0000 2.0207
98.0000 1.9851
99.0000 1.9789
100.0000 1.8978
101.0000 1.7988
102.0000 1.6994
103.0000 1.6037
104.0000 1.5263
105.0000 1.5194
106.0000 1.4246
107.0000 1.3932
108.0000 1.3064
109.0000 1.2644
110.0000 1.2328
111.0000 1.1651
112.0000 1.0791
113.0000 1.1560
114.0000 1.2324
115.0000 1.3219
116.0000 1.4183
117.0000 1.4143
118.0000 1.3898
119.0000 1.4297
120.0000 1.3670
121.0000 1.3496
122.0000 1.4140
123.0000 1.5099
124.0000 1.5803
125.0000 1.6721
126.0000 1.7040
127.0000 1.6883
128.0000 1.6517
129.0000 1.6671
130.0000 1.7195
131.0000 1.8104
132.0000 1.8825
133.0000 1.9825
134.0000 2.0799
135.0000 2.1220
136.0000 2.2093
137.0000 2.2955
138.0000 2.3334
139.0000 2.3681
140.0000 2.3811
141.0000 2.4659
142.0000 2.5657
143.0000 2.5959
144.0000 2.5180
145.0000 2.4462
146.0000 2.3559
147.0000 2.2672
148.0000 2.2183
149.0000 2.1198
150.0000 2.0357
