1.0000 2.2467
2.0000 2.2920
3.0000 2.2779
4.0000 2.1830
5.0000 2.0913
6.0000 1.9914
7.0000 1.9822
8.0000 2.0647
9.0000 2.1399
10.0000 2.2206
11.0000 2.1284
12.0000 2.0288
13.0000 1.9779
14.0000 1.8784
15.0000 1.7793
16.0000 1.7181
17.0000 1.6266
18.0000 1.5351
19.0000 1.4477
20.0000 1.3491
21.0000 1.2685
22.0000 1.1690
23.0000 1.0695
24.0000 0.9965
25.0000 1.0411
26.0000 1.1325
27.0000 1.1639
28.0000 1.1685
29.0000 1.1097
30.0000 1.0688
31.0000 0.9779
32.0000 0.8796
33.0000 0.7816
34.0000 0.6839
35.0000 0.5987
36.0000 0.5199
37.0000 0.5064
38.0000 0.5647
39.0000 0.4682
40.0000 0.3968
41.0000 0.2989
42.0000 0.2066
43.0000 0.1119
44.0000 0.0155
45.0000 0.0858
46.0000 0.1822
47.0000 0.2763
48.0000 0.3731
49.0000 0.4583
50.0000 0.5484
51.0000 0.6254
52.0000 0.7158
53.0000 0.8125
54.0000 0.9015
55.0000 1.0015
56.0000 1.0393
57.0000 0.9551
58.0000 0.9302
59.0000 0.8366
60.0000 0.8226
61.0000 0.8890
62.0000 0.8846
63.0000 0.9678
64.0000 0.9417
65.0000 0.9932
66.0000 1.0807
67.0000 1.1771
68.0000 1.2704
69.0000 1.3513
70.0000 1.3173
71.0000 1.2499
72.0000 1.1987
73.0000 1.2388
74.0000 1.3357
75.0000 1.4320
76.0000 1.4947
77.0000 1.4293
78.0000 1.5240
79.0000 1.5400
80.0000 1.5246
81.0000 1.4968
82.0000 1.5627
83.0000 1.5317
84.0000 1.4951
85.0000 1.5162
86.0000 1.5037
87.0000 1.4839
88.0000 1.5164
89.0000 1.4165
90.0000 1.3292
91.0000 1.2774
92.0000 1.2651
93.0000 1.2519
94.0000 1.1981
95.0000 1.1610
96.0000 1.0737
97.0000 1.0115
98.0000 0.9271
99.0000 0.8832
100.0000 0.9684
101.0000 1.0684
102.0000 1.1555
103.0000 1.2545
104.0000 1.1988
105.0000 1.2119
106.0000 1.1894
107.0000 1.2744
108.0000 1.3730
109.0000 1.3948
110.0000 1.4861
111.0000 1.5058
112.0000 1.6038
113.0000 1.6604
114.0000 1.6558
115.0000 1.6111
116.0000 1.6456
117.0000 1.6882
118.0000 1.7735
119.0000 1.7975
120.0000 1.8575
121.0000 1.8693
122.0000 1.8873
123.0000 1.9871
124.0000 1.9476
125.0000 1.8482
126.0000 1.7488
127.0000 1.6521
128.0000 1.5746
129.0000 1.4794
130.0000 1.4679
131.0000 1.5604
132.0000 1.6480
133.0000 1.7476
134.0000 1.8312
135.0000 1.9304
136.0000 2.0229
137.0000 2.1084
138.0000 2.1691
139.0000 2.2614
140.0000 2.3587
141.0000 2.3972
142.0000 2.4457
143.0000 2.4155
144.0000 2.5145
145.0000 2.5515
146.0000 2.5855
147.0000 2.6590
148.0000 2.6246
149.0000 2.5809
150.0000 2.6660
