1.0000 2.1498
2.0000 2.0701
3.0000 1.9882
4.0000 1.9393
5.0000 2.0121
6.0000 2.0961
7.0000 2.1584
8.0000 2.2583
9.0000 2.3222
10.0000 2.3160
11.0000 2.2336
12.0000 2.2465
13.0000 2.2686
14.0000 2.2759
15.0000 2.3589
16.0000 2.4578
17.0000 2.5570
18.0000 2.6059
19.0000 2.6554
20.0000 2.6782
21.0000 2.6223
22.0000 2.5556
23.0000 2.5497
24.0000 2.5359
25.0000 2.4622
26.0000 2.4702
27.0000 2.4886
28.0000 2.4129
29.0000 2.3839
30.0000 2.2879
31.0000 2.1897
32.0000 2.0989
33.0000 2.1123
34.0000 2.1731
35.0000 2.2632
36.0000 2.3014
37.0000 2.2604
38.0000 2.2143
39.0000 2.1708
40.0000 2.1737
41.0000 2.0953
42.0000 2.0178
43.0000 2.0915
44.0000 2.0105
45.0000 2.0500
46.0000 1.9907
47.0000 1.9604
48.0000 1.8666
49.0000 1.7702
50.0000 1.6738
51.0000 1.5936
52.0000 1.4995
53.0000 1.4024
54.0000 1.3038
55.0000 1.2063
56.0000 1.1321
57.0000 1.0632
58.0000 0.9638
59.0000 0.9234
60.0000 0.9945
61.0000 0.9230
62.0000 0.8589
63.0000 0.8241
64.0000 0.8856
65.0000 0.9849
66.0000 0.9091
67.0000 0.8971
68.0000 0.9767
69.0000 1.0762
70.0000 1.0903
71.0000 1.1547
72.0000 1.2383
73.0000 1.3377
74.0000 1.4225
75.0000 1.5067
76.0000 1.4979
77.0000 1.4333
78.0000 1.3637
79.0000 1.2910
80.0000 1.1969
81.0000 1.1451
82.0000 1.1151
83.0000 1.1831
84.0000 1.2794
85.0000 1.3308
86.0000 1.2885
87.0000 1.2195
88.0000 1.1966
89.0000 1.2436
90.0000 1.3384
91.0000 1.4350
92.0000 1.5336
93.0000 1.6336
94.0000 1.7297
95.0000 1.7946
96.0000 1.8902
97.0000 1.9686
98.0000 1.9666
99.0000 1.8680
100.0000 1.7904
101.0000 1.7932
102.0000 1.7462
103.0000 1.8277
104.0000 1.8841
105.0000 1.9840
106.0000 2.0839
107.0000 2.1423
108.0000 2.1085
109.0000 2.1520
110.0000 2.2360
111.0000 2.2384
112.0000 2.2235
113.0000 2.1666
114.0000 2.0717
115.0000 1.9755
116.0000 1.9164
117.0000 1.8666
118.0000 1.7724
119.0000 1.6803
120.0000 1.5809
121.0000 1.4967
122.0000 1.4336
123.0000 1.3781
124.0000 1.3381
125.0000 1.3314
126.0000 1.3842
127.0000 1.4821
128.0000 1.5796
129.0000 1.6562
130.0000 1.6403
131.0000 1.5450
132.0000 1.4460
133.0000 1.3557
134.0000 1.2576
135.0000 1.2559
136.0000 1.3229
137.0000 1.2573
138.0000 1.1686
139.0000 1.0940
140.0000 1.0161
141.0000 1.0822
142.0000 1.1177
143.0000 1.2167
144.0000 1.2706
145.0000 1.3531
146.0000 1.4264
147.0000 1.4547
148.0000 1.5335
149.0000 1.5593
150.0000 1.5602
