1.0000 2.1784
2.0000 2.1830
3.0000 2.2706
4.0000 2.3499
5.0000 2.3273
6.0000 2.2477
7.0000 2.1570
8.0000 2.0615
9.0000 1.9936
10.0000 1.8967
11.0000 1.8542
12.0000 1.7712
13.0000 1.6715
14.0000 1.6567
15.0000 1.5695
16.0000 1.4699
17.0000 1.4002
18.0000 1.3252
19.0000 1.2344
20.0000 1.1464
21.0000 1.0465
22.0000 0.9509
23.0000 0.8510
24.0000 0.8304
25.0000 0.9270
26.0000 1.0237
27.0000 1.0875
28.0000 1.1625
29.0000 1.2621
30.0000 1.3225
31.0000 1.3190
32.0000 1.2540
33.0000 1.2942
34.0000 1.3301
35.0000 1.3371
36.0000 1.3714
37.0000 1.4601
38.0000 1.4141
39.0000 1.3874
40.0000 1.4630
41.0000 1.5606
42.0000 1.6599
43.0000 1.7270
44.0000 1.8265
45.0000 1.9265
46.0000 2.0216
47.0000 2.0976
48.0000 2.0698
49.0000 1.9773
50.0000 1.8776
51.0000 1.8750
52.0000 1.9590
53.0000 1.8608
54.0000 1.8009
55.0000 1.7623
56.0000 1.6681
57.0000 1.5822
58.0000 1.5520
59.0000 1.5101
60.0000 1.5094
61.0000 1.4112
62.0000 1.3114
63.0000 1.2921
64.0000 1.2472
65.0000 1.2578
66.0000 1.2231
67.0000 1.2455
68.0000 1.2710
69.0000 1.3120
70.0000 1.2121
71.0000 1.1329
72.0000 1.1078
73.0000 1.2066
74.0000 1.3044
75.0000 1.3050
76.0000 1.3683
77.0000 1.4442
78.0000 1.4852
79.0000 1.4363
80.0000 1.3368
81.0000 1.2490
82.0000 1.1576
83.0000 1.0881
84.0000 0.9923
85.0000 0.9110
86.0000 0.8167
87.0000 0.7389
88.0000 0.6393
89.0000 0.5422
90.0000 0.4963
91.0000 0.5122
92.0000 0.6113
93.0000 0.5324
94.0000 0.4978
95.0000 0.4090
96.0000 0.3385
97.0000 0.3394
98.0000 0.2910
99.0000 0.3084
100.0000 0.3517
101.0000 0.4460
102.0000 0.5348
103.0000 0.6336
104.0000 0.7020
105.0000 0.6284
106.0000 0.5284
107.0000 0.5505
108.0000 0.5174
109.0000 0.4750
110.0000 0.5125
111.0000 0.5577
112.0000 0.6570
113.0000 0.6632
114.0000 0.6178
115.0000 0.5417
116.0000 0.4540
117.0000 0.3836
118.0000 0.3495
119.0000 0.4034
120.0000 0.4035
121.0000 0.3192
122.0000 0.2376
123.0000 0.1670
124.0000 0.2209
125.0000 0.2857
126.0000 0.3430
127.0000 0.3462
128.0000 0.4162
129.0000 0.5128
130.0000 0.6108
131.0000 0.7102
132.0000 0.7792
133.0000 0.8478
134.0000 0.8598
135.0000 0.9534
136.0000 1.0246
137.0000 1.0760
138.0000 1.1759
139.0000 1.2745
140.0000 1.3737
141.0000 1.3888
142.0000 1.2888
143.0000 1.2338
144.0000 1.1357
145.0000 1.0606
146.0000 0.9737
147.0000 0.8993
148.0000 0.8555
149.0000 0.8282
150.0000 0.7796
