1.0000 2.1406
2.0000 2.0406
3.0000 2.0305
4.0000 1.9730
5.0000 1.9259
6.0000 1.8691
7.0000 1.7876
8.0000 1.6953
9.0000 1.6599
10.0000 1.7079
11.0000 1.7916
12.0000 1.8887
13.0000 1.8522
14.0000 1.9356
15.0000 2.0162
16.0000 1.9273
17.0000 1.8274
18.0000 1.7280
19.0000 1.6310
20.0000 1.5395
21.0000 1.4795
22.0000 1.5654
23.0000 1.6651
24.0000 1.7627
25.0000 1.8615
26.0000 1.8895
27.0000 1.8340
28.0000 1.7378
29.0000 1.7048
30.0000 1.8044
31.0000 1.8914
32.0000 1.9551
33.0000 1.9937
34.0000 1.8944
35.0000 1.8121
36.0000 1.7557
37.0000 1.6605
38.0000 1.7194
39.0000 1.7709
40.0000 1.7368
41.0000 1.6388
42.0000 1.5843
43.0000 1.4908
44.0000 1.5158
45.0000 1.4447
46.0000 1.4730
47.0000 1.3998
48.0000 1.3508
49.0000 1.2508
50.0000 1.2172
51.0000 1.1310
52.0000 1.1168
53.0000 1.1019
54.0000 1.1754
55.0000 1.2354
56.0000 1.3308
57.0000 1.3932
58.0000 1.4491
59.0000 1.4116
60.0000 1.3608
61.0000 1.3997
62.0000 1.4539
63.0000 1.5488
64.0000 1.6448
65.0000 1.7180
66.0000 1.7695
67.0000 1.8485
68.0000 1.9428
69.0000 1.8430
70.0000 1.7431
71.0000 1.6738
72.0000 1.6237
73.0000 1.5696
74.0000 1.4739
75.0000 1.4811
76.0000 1.5745
77.0000 1.6343
78.0000 1.6243
79.0000 1.5354
80.0000 1.4812
81.0000 1.4076
82.0000 1.3903
83.0000 1.4435
84.0000 1.5088
85.0000 1.5810
86.0000 1.6416
87.0000 1.5815
88.0000 1.6261
89.0000 1.7023
90.0000 1.7242
91.0000 1.7849
92.0000 1.8489
93.0000 1.9436
94.0000 1.9846
95.0000 1.9814
96.0000 1.9328
97.0000 1.9385
98.0000 1.8385
99.0000 1.7666
100.0000 1.6697
101.0000 1.5970
102.0000 1.6057
103.0000 1.5707
104.0000 1.5432
105.0000 1.4854
106.0000 1.4153
107.0000 1.4242
108.0000 1.5164
109.0000 1.5884
110.0000 1.6864
111.0000 1.7862
112.0000 1.7965
113.0000 1.7005
114.0000 1.6289
115.0000 1.5643
116.0000 1.5366
117.0000 1.6255
118.0000 1.6664
119.0000 1.6782
120.0000 1.6132
121.0000 1.5201
122.0000 1.4288
123.0000 1.5063
124.0000 1.4065
125.0000 1.3071
126.0000 1.2446
127.0000 1.2192
128.0000 1.1953
129.0000 1.2906
130.0000 1.3499
131.0000 1.4232
132.0000 1.4824
133.0000 1.5721
134.0000 1.5669
135.0000 1.5434
136.0000 1.5004
137.0000 1.4192
138.0000 1.5086
139.0000 1.5778
140.0000 1.5425
141.0000 1.4480
142.0000 1.5480
143.0000 1.5622
144.0000 1.5694
145.0000 1.6639
146.0000 1.7259
147.0000 1.7453
148.0000 1.7116
149.0000 1.6138
150.0000 1.5144
