1.0000 2.1633
2.0000 2.0671
3.0000 1.9684
4.0000 1.9226
5.0000 1.8286
6.0000 1.7432
7.0000 1.6640
8.0000 1.5923
9.0000 1.5208
10.0000 1.4230
11.0000 1.4139
12.0000 1.3467
13.0000 1.2479
14.0000 1.1643
15.0000 1.1639
16.0000 1.1593
17.0000 1.1106
18.0000 1.1409
19.0000 1.0675
20.0000 0.9829
21.0000 0.9092
22.0000 0.8709
23.0000 0.8867
24.0000 0.9424
25.0000 0.8731
26.0000 0.7737
27.0000 0.6819
28.0000 0.5876
29.0000 0.6623
30.0000 0.7198
31.0000 0.6478
32.0000 0.5676
33.0000 0.4677
34.0000 0.3708
35.0000 0.2926
36.0000 0.3114
37.0000 0.3616
38.0000 0.4075
39.0000 0.5006
40.0000 0.5879
41.0000 0.6105
42.0000 0.6981
43.0000 0.7938
44.0000 0.8916
45.0000 0.9452
46.0000 0.8607
47.0000 0.7623
48.0000 0.6712
49.0000 0.5756
50.0000 0.5205
51.0000 0.4895
52.0000 0.4050
53.0000 0.3376
54.0000 0.2911
55.0000 0.3841
56.0000 0.4022
57.0000 0.4701
58.0000 0.5176
59.0000 0.5804
60.0000 0.6776
61.0000 0.7616
62.0000 0.8368
63.0000 0.9124
64.0000 0.9815
65.0000 1.0527
66.0000 1.1163
67.0000 1.0204
68.0000 0.9331
69.0000 0.9522
70.0000 1.0103
71.0000 0.9370
72.0000 0.8591
73.0000 0.7607
74.0000 0.7030
75.0000 0.6802
76.0000 0.7800
77.0000 0.8587
78.0000 0.9581
79.0000 1.0339
80.0000 1.1307
81.0000 1.2305
82.0000 1.3287
83.0000 1.3980
84.0000 1.4701
85.0000 1.5660
86.0000 1.6501
87.0000 1.6333
88.0000 1.6334
89.0000 1.5993
90.0000 1.5484
91.0000 1.4772
92.0000 1.5127
93.0000 1.5651
94.0000 1.6639
95.0000 1.7612
96.0000 1.8005
97.0000 1.7837
98.0000 1.8502
99.0000 1.9417
100.0000 2.0328
101.0000 2.0959
102.0000 2.0848
103.0000 2.1339
104.0000 2.1796
105.0000 2.2132
106.0000 2.2539
107.0000 2.2715
108.0000 2.1837
109.0000 2.1085
110.0000 2.0265
111.0000 1.9359
112.0000 1.8451
113.0000 1.7482
114.0000 1.6573
115.0000 1.5703
116.0000 1.4707
117.0000 1.3708
118.0000 1.2905
119.0000 1.1906
120.0000 1.0912
121.0000 0.9956
122.0000 0.9035
123.0000 0.8690
124.0000 0.7707
125.0000 0.7841
126.0000 0.7877
127.0000 0.8723
128.0000 0.8377
129.0000 0.7388
130.0000 0.7191
131.0000 0.6633
132.0000 0.6834
133.0000 0.6630
134.0000 0.5714
135.0000 0.4719
136.0000 0.3755
137.0000 0.3102
138.0000 0.2217
139.0000 0.1230
140.0000 0.1029
141.0000 0.1478
142.0000 0.2416
143.0000 0.3389
144.0000 0.4370
145.0000 0.5042
146.0000 0.6032
147.0000 0.6337
148.0000 0.6006
149.0000 0.5660
150.0000 0.5098
