1.0000 2.1854
2.0000 2.1013
3.0000 2.0263
4.0000 1.9273
5.0000 1.8482
6.0000 1.7887
7.0000 1.8082
8.0000 1.8997
9.0000 1.9685
10.0000 2.0685
11.0000 2.1683
12.0000 2.2185
13.0000 2.2429
14.0000 2.2377
15.0000 2.1440
16.0000 2.1537
17.0000 2.2536
18.0000 2.2868
19.0000 2.3161
20.0000 2.3956
21.0000 2.4878
22.0000 2.5866
23.0000 2.5945
24.0000 2.5448
25.0000 2.6104
26.0000 2.6798
27.0000 2.7117
28.0000 2.8039
29.0000 2.7596
30.0000 2.7126
31.0000 2.7767
32.0000 2.6816
33.0000 2.5874
34.0000 2.5664
35.0000 2.5179
36.0000 2.4633
37.0000 2.4440
38.0000 2.4788
39.0000 2.4779
40.0000 2.4769
41.0000 2.5144
42.0000 2.4202
43.0000 2.3468
44.0000 2.3569
45.0000 2.4554
46.0000 2.4046
47.0000 2.3080
48.0000 2.2080
49.0000 2.1092
50.0000 2.0108
51.0000 1.9291
52.0000 1.8342
53.0000 1.8316
54.0000 1.7482
55.0000 1.6610
56.0000 1.5615
57.0000 1.5105
58.0000 1.4625
59.0000 1.4600
60.0000 1.3636
61.0000 1.2649
62.0000 1.2254
63.0000 1.1403
64.0000 1.0992
65.0000 1.0502
66.0000 0.9781
67.0000 0.8816
68.0000 0.7816
69.0000 0.6827
70.0000 0.6977
71.0000 0.6797
72.0000 0.5899
73.0000 0.4932
74.0000 0.4577
75.0000 0.4497
76.0000 0.4908
77.0000 0.5864
78.0000 0.6665
79.0000 0.7664
80.0000 0.8379
81.0000 0.8784
82.0000 0.8989
83.0000 0.8729
84.0000 0.8156
85.0000 0.7191
86.0000 0.6196
87.0000 0.5197
88.0000 0.4414
89.0000 0.3821
90.0000 0.2850
91.0000 0.2585
92.0000 0.2412
93.0000 0.3369
94.0000 0.4162
95.0000 0.4987
96.0000 0.5830
97.0000 0.6760
98.0000 0.7749
99.0000 0.8459
100.0000 0.9330
101.0000 0.9487
102.0000 0.9266
103.0000 0.8675
104.0000 0.8412
105.0000 0.7503
106.0000 0.7111
107.0000 0.7093
108.0000 0.7994
109.0000 0.8955
110.0000 0.8893
111.0000 0.8984
112.0000 0.9856
113.0000 1.0769
114.0000 1.1715
115.0000 1.2314
116.0000 1.2885
117.0000 1.3773
118.0000 1.4590
119.0000 1.4168
120.0000 1.3801
121.0000 1.4701
122.0000 1.5663
123.0000 1.6460
124.0000 1.7264
125.0000 1.7489
126.0000 1.7621
127.0000 1.7673
128.0000 1.7195
129.0000 1.7803
130.0000 1.8623
131.0000 1.9499
132.0000 2.0168
133.0000 2.0605
134.0000 2.1327
135.0000 2.2061
136.0000 2.2782
137.0000 2.2373
138.0000 2.1537
139.0000 2.1386
140.0000 2.2370
141.0000 2.3369
142.0000 2.4008
143.0000 2.3690
144.0000 2.3468
145.0000 2.2800
146.0000 2.3203
147.0000 2.2863
148.0000 2.3310
149.0000 2.4184
150.0000 2.5182
