1.0000 2.2589
2.0000 2.2277
3.0000 2.2027
4.0000 2.2182
5.0000 2.2553
6.0000 2.1933
7.0000 2.1106
8.0000 2.0216
9.0000 1.9293
10.0000 1.8321
11.0000 1.7516
12.0000 1.6739
13.0000 1.6226
14.0000 1.5232
15.0000 1.4375
16.0000 1.3458
17.0000 1.2458
18.0000 1.1469
19.0000 1.0483
20.0000 0.9494
21.0000 0.8502
22.0000 0.7556
23.0000 0.6637
24.0000 0.6490
25.0000 0.6367
26.0000 0.6498
27.0000 0.7424
28.0000 0.8361
29.0000 0.9146
30.0000 1.0143
31.0000 0.9981
32.0000 1.0067
33.0000 0.9813
34.0000 0.8929
35.0000 0.8214
36.0000 0.7379
37.0000 0.6697
38.0000 0.7436
39.0000 0.8121
40.0000 0.8915
41.0000 0.8983
42.0000 0.9467
43.0000 1.0447
44.0000 0.9508
45.0000 0.8546
46.0000 0.8073
47.0000 0.7107
48.0000 0.6194
49.0000 0.5519
50.0000 0.5748
51.0000 0.5426
52.0000 0.4597
53.0000 0.4797
54.0000 0.5697
55.0000 0.6562
56.0000 0.7551
57.0000 0.7710
58.0000 0.8203
59.0000 0.7372
60.0000 0.6373
61.0000 0.5454
62.0000 0.4467
63.0000 0.4012
64.0000 0.4135
65.0000 0.4830
66.0000 0.5733
67.0000 0.6462
68.0000 0.7366
69.0000 0.8103
70.0000 0.8881
71.0000 0.9881
72.0000 1.0515
73.0000 1.0555
74.0000 1.1152
75.0000 1.1836
76.0000 1.2675
77.0000 1.3671
78.0000 1.4666
79.0000 1.4267
80.0000 1.3617
81.0000 1.2617
82.0000 1.1647
83.0000 1.1278
84.0000 1.0639
85.0000 1.0542
86.0000 0.9946
87.0000 0.8969
88.0000 0.8327
89.0000 0.7420
90.0000 0.7059
91.0000 0.6059
92.0000 0.5195
93.0000 0.4533
94.0000 0.3766
95.0000 0.3737
96.0000 0.3619
97.0000 0.4078
98.0000 0.3866
99.0000 0.3620
100.0000 0.4065
101.0000 0.4662
102.0000 0.4603
103.0000 0.5297
104.0000 0.4506
105.0000 0.3532
106.0000 0.3429
107.0000 0.2429
108.0000 0.1459
109.0000 0.0928
110.0000 0.0658
111.0000 0.1606
112.0000 0.2348
113.0000 0.2976
114.0000 0.3091
115.0000 0.2417
116.0000 0.1446
117.0000 0.0993
118.0000 0.1158
119.0000 0.1711
120.0000 0.1741
121.0000 0.2731
122.0000 0.3677
123.0000 0.3239
124.0000 0.2394
125.0000 0.1401
126.0000 0.0815
127.0000 0.0185
128.0000 0.1181
129.0000 0.1842
130.0000 0.2595
131.0000 0.3564
132.0000 0.4140
133.0000 0.3466
134.0000 0.3212
135.0000 0.2213
136.0000 0.1231
137.0000 0.0508
138.0000 0.0576
139.0000 0.1135
140.0000 0.2046
141.0000 0.2879
142.0000 0.3597
143.0000 0.4338
144.0000 0.5112
145.0000 0.5920
146.0000 0.6893
147.0000 0.7608
148.0000 0.8215
149.0000 0.9215
150.0000 1.0166
