1.0000 2.1724
2.0000 2.0765
3.0000 1.9827
4.0000 1.9594
5.0000 1.9077
6.0000 1.8196
7.0000 1.7349
8.0000 1.6448
9.0000 1.6183
10.0000 1.6571
11.0000 1.7047
12.0000 1.7943
13.0000 1.7538
14.0000 1.7765
15.0000 1.7916
16.0000 1.8422
17.0000 1.9345
18.0000 2.0336
19.0000 2.0751
20.0000 2.0922
21.0000 2.1850
22.0000 2.2760
23.0000 2.3186
24.0000 2.3840
25.0000 2.4796
26.0000 2.5781
27.0000 2.6651
28.0000 2.5744
29.0000 2.4907
30.0000 2.4549
31.0000 2.4052
32.0000 2.4325
33.0000 2.4064
34.0000 2.4740
35.0000 2.5311
36.0000 2.5783
37.0000 2.6415
38.0000 2.7337
39.0000 2.8266
40.0000 2.7350
41.0000 2.6411
42.0000 2.5466
43.0000 2.6340
44.0000 2.7093
45.0000 2.7105
46.0000 2.7194
47.0000 2.6332
48.0000 2.6189
49.0000 2.5595
50.0000 2.4822
51.0000 2.4293
52.0000 2.3870
53.0000 2.3042
54.0000 2.2096
55.0000 2.2200
56.0000 2.2566
57.0000 2.3110
58.0000 2.3441
59.0000 2.2443
60.0000 2.1790
61.0000 2.2227
62.0000 2.2031
63.0000 2.1093
64.0000 2.0137
65.0000 1.9180
66.0000 1.8778
67.0000 1.7801
68.0000 1.7382
69.0000 1.7167
70.0000 1.6337
71.0000 1.5374
72.0000 1.4392
73.0000 1.3524
74.0000 1.3408
75.0000 1.4378
76.0000 1.5346
77.0000 1.6288
78.0000 1.5392
79.0000 1.4814
80.0000 1.3815
81.0000 1.3703
82.0000 1.4700
83.0000 1.5598
84.0000 1.6435
85.0000 1.7072
86.0000 1.8032
87.0000 1.8462
88.0000 1.8545
89.0000 1.9102
90.0000 2.0025
91.0000 2.0457
92.0000 2.0739
93.0000 2.0839
94.0000 2.0003
95.0000 2.0143
96.0000 2.0324
97.0000 1.9331
98.0000 1.8439
99.0000 1.8943
100.0000 1.8122
101.0000 1.7955
102.0000 1.7454
103.0000 1.8084
104.0000 1.8922
105.0000 1.9734
106.0000 1.9728
107.0000 2.0427
108.0000 2.1399
109.0000 2.2016
110.0000 2.2817
111.0000 2.1882
112.0000 2.0891
113.0000 2.0242
114.0000 1.9370
115.0000 1.9353
116.0000 1.9253
117.0000 1.8961
118.0000 1.8198
119.0000 1.7983
120.0000 1.8723
121.0000 1.9238
122.0000 1.9849
123.0000 2.0848
124.0000 2.0983
125.0000 2.0153
126.0000 1.9290
127.0000 1.8295
128.0000 1.7998
129.0000 1.7049
130.0000 1.7159
131.0000 1.7637
132.0000 1.7851
133.0000 1.8305
134.0000 1.7996
135.0000 1.7951
136.0000 1.7863
137.0000 1.7628
138.0000 1.7107
139.0000 1.7057
140.0000 1.6746
141.0000 1.6392
142.0000 1.7017
143.0000 1.7019
144.0000 1.6638
145.0000 1.5793
146.0000 1.4950
147.0000 1.3959
148.0000 1.2974
149.0000 1.2048
150.0000 1.1095
