1.0000 2.2739
2.0000 2.2546
3.0000 2.1567
4.0000 2.0677
5.0000 2.0282
6.0000 2.0400
7.0000 2.1353
8.0000 2.2207
9.0000 2.1843
10.0000 2.2433
11.0000 2.2898
12.0000 2.1918
13.0000 2.1109
14.0000 2.1153
15.0000 2.0822
16.0000 2.1443
17.0000 2.0449
18.0000 1.9450
19.0000 1.9112
20.0000 1.8644
21.0000 1.8037
22.0000 1.7993
23.0000 1.7804
24.0000 1.7304
25.0000 1.8299
26.0000 1.9067
27.0000 2.0062
28.0000 1.9331
29.0000 1.9328
30.0000 1.8500
31.0000 1.8441
32.0000 1.9402
33.0000 2.0337
34.0000 2.0592
35.0000 1.9593
36.0000 1.8605
37.0000 1.7875
38.0000 1.8114
39.0000 1.9026
40.0000 1.9946
41.0000 2.0565
42.0000 2.1545
43.0000 2.2442
44.0000 2.2896
45.0000 2.2377
46.0000 2.2031
47.0000 2.1516
48.0000 2.0736
49.0000 1.9764
50.0000 1.8907
51.0000 1.8557
52.0000 1.7576
53.0000 1.6598
54.0000 1.5619
55.0000 1.4706
56.0000 1.3761
57.0000 1.3839
58.0000 1.3887
59.0000 1.4385
60.0000 1.5177
61.0000 1.5892
62.0000 1.6521
63.0000 1.6613
64.0000 1.6953
65.0000 1.7431
66.0000 1.8347
67.0000 1.9108
68.0000 1.9712
69.0000 2.0538
70.0000 2.1116
71.0000 2.1800
72.0000 2.2646
73.0000 2.3040
74.0000 2.3799
75.0000 2.3973
76.0000 2.3421
77.0000 2.2995
78.0000 2.2269
79.0000 2.2067
80.0000 2.1375
81.0000 2.0378
82.0000 1.9493
83.0000 1.8727
84.0000 1.7884
85.0000 1.6984
86.0000 1.5984
87.0000 1.5223
88.0000 1.4549
89.0000 1.5537
90.0000 1.6323
91.0000 1.6894
92.0000 1.6899
93.0000 1.7421
94.0000 1.8421
95.0000 1.9225
96.0000 2.0200
97.0000 2.1029
98.0000 2.1919
99.0000 2.2432
100.0000 2.2561
101.0000 2.1592
102.0000 2.0849
103.0000 2.0535
104.0000 2.0889
105.0000 2.1288
106.0000 2.2149
107.0000 2.3089
108.0000 2.2374
109.0000 2.2545
110.0000 2.3487
111.0000 2.4119
112.0000 2.4877
113.0000 2.5413
114.0000 2.6081
115.0000 2.6873
116.0000 2.7322
117.0000 2.8299
118.0000 2.7634
119.0000 2.6898
120.0000 2.6149
121.0000 2.5552
122.0000 2.5828
123.0000 2.5545
124.0000 2.4935
125.0000 2.3937
126.0000 2.3041
127.0000 2.3027
128.0000 2.3821
129.0000 2.4219
130.0000 2.3986
131.0000 2.3456
132.0000 2.2590
133.0000 2.1594
134.0000 2.0626
135.0000 2.0711
136.0000 2.1700
137.0000 2.2668
138.0000 2.3666
139.0000 2.2980
140.0000 2.2238
141.0000 2.2741
142.0000 2.2009
143.0000 2.1017
144.0000 2.1466
145.0000 2.2445
146.0000 2.3344
147.0000 2.3645
148.0000 2.3631
149.0000 2.4552
150.0000 2.5530
