1.0000 2.1420
2.0000 2.0440
3.0000 1.9487
4.0000 1.8520
5.0000 1.7642
6.0000 1.7191
7.0000 1.6472
8.0000 1.6111
9.0000 1.6932
10.0000 1.6672
11.0000 1.6295
12.0000 1.5708
13.0000 1.4715
14.0000 1.3752
15.0000 1.3131
16.0000 1.2131
17.0000 1.1743
18.0000 1.1264
19.0000 1.1506
20.0000 1.0741
21.0000 1.0095
22.0000 1.0269
23.0000 1.0517
24.0000 1.0829
25.0000 1.1065
26.0000 1.1470
27.0000 1.2369
28.0000 1.3318
29.0000 1.4212
30.0000 1.4739
31.0000 1.5534
32.0000 1.6471
33.0000 1.7471
34.0000 1.8194
35.0000 1.8724
36.0000 1.9693
37.0000 1.9997
38.0000 1.9089
39.0000 1.8189
40.0000 1.7486
41.0000 1.6961
42.0000 1.7349
43.0000 1.7196
44.0000 1.6418
45.0000 1.5466
46.0000 1.4467
47.0000 1.4892
48.0000 1.5709
49.0000 1.6632
50.0000 1.7632
51.0000 1.8579
52.0000 1.9577
53.0000 1.9950
54.0000 1.8976
55.0000 1.8023
56.0000 1.7240
57.0000 1.7720
58.0000 1.8047
59.0000 1.8951
60.0000 1.9484
61.0000 2.0417
62.0000 2.0689
63.0000 2.0024
64.0000 1.9029
65.0000 1.9636
66.0000 2.0484
67.0000 1.9657
68.0000 1.8684
69.0000 1.8491
70.0000 1.9467
71.0000 2.0388
72.0000 2.0069
73.0000 2.0282
74.0000 2.0940
75.0000 2.0619
76.0000 1.9620
77.0000 1.8960
78.0000 1.8026
79.0000 1.7400
80.0000 1.7008
81.0000 1.7007
82.0000 1.6232
83.0000 1.5688
84.0000 1.6345
85.0000 1.5613
86.0000 1.4995
87.0000 1.4344
88.0000 1.4745
89.0000 1.5533
90.0000 1.6473
91.0000 1.7338
92.0000 1.7832
93.0000 1.8746
94.0000 1.9140
95.0000 2.0139
96.0000 2.0655
97.0000 1.9807
98.0000 2.0088
99.0000 1.9922
100.0000 2.0839
101.0000 2.1487
102.0000 2.0516
103.0000 1.9746
104.0000 2.0035
105.0000 2.0804
106.0000 2.1167
107.0000 2.1694
108.0000 2.2305
109.0000 2.3303
110.0000 2.3800
111.0000 2.4624
112.0000 2.4780
113.0000 2.4678
114.0000 2.5124
115.0000 2.5208
116.0000 2.5172
117.0000 2.5242
118.0000 2.5605
119.0000 2.5409
120.0000 2.5831
121.0000 2.6064
122.0000 2.5251
123.0000 2.4263
124.0000 2.4228
125.0000 2.3251
126.0000 2.2272
127.0000 2.1318
128.0000 2.0638
129.0000 2.0907
130.0000 2.1470
131.0000 2.1995
132.0000 2.2694
133.0000 2.3666
134.0000 2.4660
135.0000 2.5652
136.0000 2.5517
137.0000 2.4755
138.0000 2.4172
139.0000 2.3198
140.0000 2.4108
141.0000 2.5105
142.0000 2.5878
143.0000 2.5334
144.0000 2.4334
145.0000 2.3548
146.0000 2.3157
147.0000 2.2846
148.0000 2.1927
149.0000 2.1666
150.0000 2.2388
