1.0000 2.2150
2.0000 2.2335
3.0000 2.1556
4.0000 2.0675
5.0000 1.9901
6.0000 1.9994
7.0000 2.0265
8.0000 2.0012
9.0000 2.0517
10.0000 2.1415
11.0000 2.2414
12.0000 2.2132
13.0000 2.1438
14.0000 2.0511
15.0000 1.9766
16.0000 1.8774
17.0000 1.8093
18.0000 1.9034
19.0000 1.9519
20.0000 2.0505
21.0000 2.1496
22.0000 2.2000
23.0000 2.2578
24.0000 2.2472
25.0000 2.2283
26.0000 2.2011
27.0000 2.2200
28.0000 2.3170
29.0000 2.3848
30.0000 2.4772
31.0000 2.5763
32.0000 2.6553
33.0000 2.6960
34.0000 2.7054
35.0000 2.7083
36.0000 2.6760
37.0000 2.7171
38.0000 2.7734
39.0000 2.7663
40.0000 2.7229
41.0000 2.6237
42.0000 2.5762
43.0000 2.4811
44.0000 2.4575
45.0000 2.4052
46.0000 2.3490
47.0000 2.3140
48.0000 2.3131
49.0000 2.2708
50.0000 2.2355
51.0000 2.2067
52.0000 2.2293
53.0000 2.2126
54.0000 2.1386
55.0000 2.0824
56.0000 1.9963
57.0000 1.8992
58.0000 1.8004
59.0000 1.7584
60.0000 1.6589
61.0000 1.6595
62.0000 1.7316
63.0000 1.7707
64.0000 1.8635
65.0000 1.8707
66.0000 1.7870
67.0000 1.6873
68.0000 1.5927
69.0000 1.5739
70.0000 1.5227
71.0000 1.4321
72.0000 1.3499
73.0000 1.2681
74.0000 1.2850
75.0000 1.2795
76.0000 1.3731
77.0000 1.4236
78.0000 1.3669
79.0000 1.3214
80.0000 1.2237
81.0000 1.2837
82.0000 1.2360
83.0000 1.2378
84.0000 1.3368
85.0000 1.3811
86.0000 1.4300
87.0000 1.5299
88.0000 1.6204
89.0000 1.7024
90.0000 1.7390
91.0000 1.8035
92.0000 1.8637
93.0000 1.8380
94.0000 1.8156
95.0000 1.9096
96.0000 1.9869
97.0000 2.0758
98.0000 2.1711
99.0000 2.2539
100.0000 2.3486
101.0000 2.3887
102.0000 2.4032
103.0000 2.3991
104.0000 2.3827
105.0000 2.3622
106.0000 2.3636
107.0000 2.4636
108.0000 2.4819
109.0000 2.5549
110.0000 2.4858
111.0000 2.4325
112.0000 2.5137
113.0000 2.5548
114.0000 2.5802
115.0000 2.4988
116.0000 2.5626
117.0000 2.6179
118.0000 2.6636
119.0000 2.7635
120.0000 2.8248
121.0000 2.7309
122.0000 2.6472
123.0000 2.5856
124.0000 2.5275
125.0000 2.4967
126.0000 2.4039
127.0000 2.3346
128.0000 2.2423
129.0000 2.1542
130.0000 2.2062
131.0000 2.3031
132.0000 2.3228
133.0000 2.2998
134.0000 2.2050
135.0000 2.1177
136.0000 2.0536
137.0000 1.9614
138.0000 1.9342
139.0000 1.8979
140.0000 1.8254
141.0000 1.7270
142.0000 1.6336
143.0000 1.5588
144.0000 1.4835
145.0000 1.4818
146.0000 1.5118
147.0000 1.4350
148.0000 1.3359
149.0000 1.2865
150.0000 1.1934
