1.0000 2.1462
2.0000 2.0637
3.0000 2.0051
4.0000 1.9068
5.0000 1.8506
6.0000 1.8911
7.0000 1.8934
8.0000 1.9814
9.0000 1.9239
10.0000 1.9252
11.0000 1.8567
12.0000 1.8788
13.0000 1.7918
14.0000 1.6954
15.0000 1.5955
16.0000 1.5894
17.0000 1.6478
18.0000 1.7123
19.0000 1.7929
20.0000 1.8792
21.0000 1.8685
22.0000 1.9676
23.0000 2.0676
24.0000 2.1300
25.0000 2.2299
26.0000 2.3160
27.0000 2.2395
28.0000 2.2469
29.0000 2.1749
30.0000 2.0863
31.0000 1.9891
32.0000 1.9137
33.0000 1.9115
34.0000 1.8604
35.0000 1.8170
36.0000 1.7534
37.0000 1.7199
38.0000 1.6541
39.0000 1.7246
40.0000 1.7783
41.0000 1.8133
42.0000 1.7866
43.0000 1.7182
44.0000 1.6452
45.0000 1.7063
46.0000 1.7352
47.0000 1.8166
48.0000 1.9062
49.0000 1.9988
50.0000 2.0384
51.0000 2.0564
52.0000 2.0628
53.0000 2.1619
54.0000 2.2281
55.0000 2.1790
56.0000 2.2079
57.0000 2.1445
58.0000 2.0455
59.0000 1.9774
60.0000 2.0232
61.0000 2.1205
62.0000 2.2102
63.0000 2.2492
64.0000 2.1492
65.0000 2.0515
66.0000 1.9696
67.0000 1.8705
68.0000 1.7728
69.0000 1.6890
70.0000 1.5991
71.0000 1.6119
72.0000 1.5242
73.0000 1.5381
74.0000 1.6077
75.0000 1.7053
76.0000 1.7864
77.0000 1.7996
78.0000 1.8350
79.0000 1.7714
80.0000 1.8198
81.0000 1.7269
82.0000 1.6464
83.0000 1.5831
84.0000 1.4979
85.0000 1.4439
86.0000 1.4899
87.0000 1.5516
88.0000 1.6217
89.0000 1.6272
90.0000 1.5704
91.0000 1.5506
92.0000 1.5635
93.0000 1.6198
94.0000 1.5502
95.0000 1.4722
96.0000 1.3953
97.0000 1.3808
98.0000 1.4008
99.0000 1.3607
100.0000 1.4038
101.0000 1.5038
102.0000 1.5403
103.0000 1.6034
104.0000 1.5535
105.0000 1.4703
106.0000 1.4251
107.0000 1.3364
108.0000 1.2714
109.0000 1.2423
110.0000 1.1457
111.0000 1.1268
112.0000 1.0354
113.0000 0.9920
114.0000 0.9515
115.0000 0.9135
116.0000 0.8977
117.0000 0.9886
118.0000 1.0883
119.0000 1.1775
120.0000 1.2386
121.0000 1.3350
122.0000 1.4349
123.0000 1.4932
124.0000 1.5729
125.0000 1.5868
126.0000 1.4941
127.0000 1.4038
128.0000 1.3140
129.0000 1.2386
130.0000 1.1447
131.0000 1.1883
132.0000 1.2659
133.0000 1.3633
134.0000 1.4610
135.0000 1.5584
136.0000 1.6055
137.0000 1.5599
138.0000 1.5930
139.0000 1.5027
140.0000 1.4664
141.0000 1.4589
142.0000 1.4297
143.0000 1.3888
144.0000 1.2938
145.0000 1.1985
146.0000 1.1803
147.0000 1.2583
148.0000 1.1853
149.0000 1.1451
150.0000 1.0942
