1.0000 2.1385
2.0000 2.0464
3.0000 2.0092
4.0000 1.9711
5.0000 2.0239
6.0000 2.0565
7.0000 1.9672
8.0000 1.9063
9.0000 1.9784
10.0000 2.0725
11.0000 2.1582
12.0000 2.2120
13.0000 2.1896
14.0000 2.2603
15.0000 2.1705
16.0000 2.1242
17.0000 2.0934
18.0000 2.0397
19.0000 1.9880
20.0000 1.9499
21.0000 1.9325
22.0000 1.9380
23.0000 1.9301
24.0000 1.9602
25.0000 1.9508
26.0000 1.9595
27.0000 1.9066
28.0000 1.8297
29.0000 1.8511
30.0000 1.8359
31.0000 1.7645
32.0000 1.8573
33.0000 1.9371
34.0000 2.0339
35.0000 1.9565
36.0000 1.8702
37.0000 1.8795
38.0000 1.9429
39.0000 2.0185
40.0000 2.1122
41.0000 2.0836
42.0000 1.9848
43.0000 1.9007
44.0000 1.9645
45.0000 2.0264
46.0000 2.1025
47.0000 2.1605
48.0000 2.0605
49.0000 1.9761
50.0000 1.8819
51.0000 1.8484
52.0000 1.7493
53.0000 1.6502
54.0000 1.5558
55.0000 1.4754
56.0000 1.4179
57.0000 1.4565
58.0000 1.4927
59.0000 1.5900
60.0000 1.6250
61.0000 1.5898
62.0000 1.6083
63.0000 1.5448
64.0000 1.5349
65.0000 1.6086
66.0000 1.7070
67.0000 1.8069
68.0000 1.8640
69.0000 1.8970
70.0000 1.9544
71.0000 2.0313
72.0000 2.0926
73.0000 2.1512
74.0000 2.1450
75.0000 2.0456
76.0000 1.9464
77.0000 1.8470
78.0000 1.7492
79.0000 1.6551
80.0000 1.6035
81.0000 1.5851
82.0000 1.6175
83.0000 1.6992
84.0000 1.7617
85.0000 1.8572
86.0000 1.8182
87.0000 1.7212
88.0000 1.6591
89.0000 1.5783
90.0000 1.4881
91.0000 1.4050
92.0000 1.4232
93.0000 1.5220
94.0000 1.6183
95.0000 1.6907
96.0000 1.7907
97.0000 1.8850
98.0000 1.9791
99.0000 2.0243
100.0000 1.9601
101.0000 1.8612
102.0000 1.7974
103.0000 1.6992
104.0000 1.6016
105.0000 1.5035
106.0000 1.4291
107.0000 1.3307
108.0000 1.2364
109.0000 1.1821
110.0000 1.0957
111.0000 1.0165
112.0000 0.9535
113.0000 0.9832
114.0000 1.0458
115.0000 0.9635
116.0000 0.9332
117.0000 0.9754
118.0000 0.9937
119.0000 1.0929
120.0000 1.1573
121.0000 1.2507
122.0000 1.3279
123.0000 1.4042
124.0000 1.5036
125.0000 1.4791
126.0000 1.4252
127.0000 1.4407
128.0000 1.4388
129.0000 1.4058
130.0000 1.4222
131.0000 1.4737
132.0000 1.5685
133.0000 1.6296
134.0000 1.7254
135.0000 1.8246
136.0000 1.8342
137.0000 1.8903
138.0000 1.9586
139.0000 2.0399
140.0000 2.0136
141.0000 1.9776
142.0000 1.8859
143.0000 1.8233
144.0000 1.7277
145.0000 1.6547
146.0000 1.5681
147.0000 1.4778
148.0000 1.3841
149.0000 1.3013
150.0000 1.2214
