1.0000 2.1386
2.0000 2.1550
3.0000 2.0958
4.0000 2.0252
5.0000 1.9522
6.0000 1.8855
7.0000 1.8903
8.0000 1.8559
9.0000 1.7559
10.0000 1.7502
11.0000 1.7972
12.0000 1.8972
13.0000 1.9901
14.0000 2.0699
15.0000 2.1699
16.0000 2.2091
17.0000 2.2074
18.0000 2.1532
19.0000 2.0612
20.0000 1.9631
21.0000 1.8805
22.0000 1.8766
23.0000 1.9214
24.0000 1.9873
25.0000 2.0591
26.0000 2.0784
27.0000 1.9788
28.0000 1.9610
29.0000 1.8902
30.0000 1.8735
31.0000 1.7792
32.0000 1.6807
33.0000 1.5842
34.0000 1.4966
35.0000 1.4279
36.0000 1.3280
37.0000 1.2702
38.0000 1.1751
39.0000 1.0996
40.0000 0.9996
41.0000 0.9900
42.0000 1.0472
43.0000 1.0983
44.0000 1.1825
45.0000 1.2730
46.0000 1.3725
47.0000 1.4663
48.0000 1.5655
49.0000 1.5953
50.0000 1.5871
51.0000 1.6791
52.0000 1.7113
53.0000 1.6586
54.0000 1.6198
55.0000 1.6483
56.0000 1.6292
57.0000 1.5493
58.0000 1.6456
59.0000 1.7418
60.0000 1.8411
61.0000 1.9187
62.0000 1.8878
63.0000 1.8618
64.0000 1.7905
65.0000 1.6913
66.0000 1.5974
67.0000 1.4974
68.0000 1.4114
69.0000 1.3498
70.0000 1.2985
71.0000 1.2938
72.0000 1.2919
73.0000 1.2619
74.0000 1.2074
75.0000 1.2560
76.0000 1.2795
77.0000 1.3196
78.0000 1.4196
79.0000 1.4824
80.0000 1.5733
81.0000 1.6708
82.0000 1.7459
83.0000 1.7857
84.0000 1.8668
85.0000 1.9659
86.0000 2.0653
87.0000 2.1422
88.0000 2.1995
89.0000 2.1971
90.0000 2.2878
91.0000 2.3811
92.0000 2.4727
93.0000 2.5609
94.0000 2.5775
95.0000 2.5283
96.0000 2.4327
97.0000 2.3351
98.0000 2.2700
99.0000 2.2291
100.0000 2.2862
101.0000 2.3638
102.0000 2.4079
103.0000 2.4898
104.0000 2.5544
105.0000 2.5277
106.0000 2.5259
107.0000 2.4328
108.0000 2.3372
109.0000 2.3918
110.0000 2.4916
111.0000 2.4737
112.0000 2.4376
113.0000 2.4331
114.0000 2.4772
115.0000 2.5731
116.0000 2.6561
117.0000 2.6798
118.0000 2.6984
119.0000 2.7953
120.0000 2.8919
121.0000 2.9072
122.0000 2.9213
123.0000 3.0138
124.0000 3.1096
125.0000 3.2093
126.0000 3.2469
127.0000 3.3313
128.0000 3.2456
129.0000 3.1800
130.0000 3.0911
131.0000 3.0485
132.0000 2.9879
133.0000 2.9107
134.0000 2.8137
135.0000 2.7851
136.0000 2.7177
137.0000 2.7412
138.0000 2.7825
139.0000 2.7367
140.0000 2.8071
141.0000 2.8880
142.0000 2.8674
143.0000 2.9200
144.0000 2.9687
145.0000 3.0441
146.0000 3.1433
147.0000 3.1456
148.0000 3.0867
149.0000 2.9921
150.0000 2.8949
