1.0000 2.2483
2.0000 2.1974
3.0000 2.2935
4.0000 2.2878
5.0000 2.3109
6.0000 2.4074
7.0000 2.4987
8.0000 2.4739
9.0000 2.3754
10.0000 2.2842
11.0000 2.1952
12.0000 2.2287
13.0000 2.3084
14.0000 2.2994
15.0000 2.2146
16.0000 2.1398
17.0000 2.0406
18.0000 1.9603
19.0000 1.8661
20.0000 1.7939
21.0000 1.7022
22.0000 1.6370
23.0000 1.6542
24.0000 1.7539
25.0000 1.8416
26.0000 1.9346
27.0000 2.0284
28.0000 2.0504
29.0000 2.0209
30.0000 2.1206
31.0000 2.0523
32.0000 1.9526
33.0000 1.8658
34.0000 1.7863
35.0000 1.7226
36.0000 1.8130
37.0000 1.9006
38.0000 1.9322
39.0000 1.9449
40.0000 2.0443
41.0000 2.1416
42.0000 2.0877
43.0000 1.9895
44.0000 1.9846
45.0000 1.9410
46.0000 1.8588
47.0000 1.7894
48.0000 1.7837
49.0000 1.8709
50.0000 1.9516
51.0000 1.9540
52.0000 1.9530
53.0000 1.8985
54.0000 1.8976
55.0000 1.8915
56.0000 1.9508
57.0000 1.9953
58.0000 1.9550
59.0000 1.9479
60.0000 1.9931
61.0000 1.9663
62.0000 1.9248
63.0000 1.8580
64.0000 1.7857
65.0000 1.6971
66.0000 1.6701
67.0000 1.6458
68.0000 1.6758
69.0000 1.7153
70.0000 1.6200
71.0000 1.5255
72.0000 1.4255
73.0000 1.3413
74.0000 1.2668
75.0000 1.2925
76.0000 1.2854
77.0000 1.2038
78.0000 1.1648
79.0000 1.0649
80.0000 0.9821
81.0000 0.8908
82.0000 0.8276
83.0000 0.8089
84.0000 0.7279
85.0000 0.6434
86.0000 0.6799
87.0000 0.7697
88.0000 0.7732
89.0000 0.8667
90.0000 0.9196
91.0000 0.8547
92.0000 0.9368
93.0000 1.0188
94.0000 0.9995
95.0000 1.0407
96.0000 1.0249
97.0000 1.0086
98.0000 1.0964
99.0000 1.1629
100.0000 1.2472
101.0000 1.3439
102.0000 1.4421
103.0000 1.4969
104.0000 1.5636
105.0000 1.5961
106.0000 1.5576
107.0000 1.5820
108.0000 1.5531
109.0000 1.4909
110.0000 1.5884
111.0000 1.6711
112.0000 1.6073
113.0000 1.5470
114.0000 1.4818
115.0000 1.4203
116.0000 1.4761
117.0000 1.5713
118.0000 1.6293
119.0000 1.7155
120.0000 1.7851
121.0000 1.8831
122.0000 1.9167
123.0000 2.0024
124.0000 2.0027
125.0000 2.0737
126.0000 2.1506
127.0000 2.2091
128.0000 2.2091
129.0000 2.2971
130.0000 2.3503
131.0000 2.4496
132.0000 2.5406
133.0000 2.6256
134.0000 2.5400
135.0000 2.5017
136.0000 2.6000
137.0000 2.6977
138.0000 2.6694
139.0000 2.5700
140.0000 2.4703
141.0000 2.4088
142.0000 2.4444
143.0000 2.4445
144.0000 2.4033
145.0000 2.3034
146.0000 2.2325
147.0000 2.2746
148.0000 2.2450
149.0000 2.2172
150.0000 2.1252
