1.0000 2.2619
2.0000 2.2213
3.0000 2.2051
4.0000 2.2987
5.0000 2.3375
6.0000 2.2484
7.0000 2.1484
8.0000 2.0539
9.0000 1.9721
10.0000 1.8786
11.0000 1.7801
12.0000 1.7031
13.0000 1.6653
14.0000 1.5841
15.0000 1.5848
16.0000 1.6147
17.0000 1.6752
18.0000 1.6352
19.0000 1.5729
20.0000 1.5538
21.0000 1.4794
22.0000 1.4077
23.0000 1.3451
24.0000 1.3731
25.0000 1.4415
26.0000 1.3416
27.0000 1.2887
28.0000 1.1888
29.0000 1.1602
30.0000 1.1363
31.0000 1.1495
32.0000 1.1277
33.0000 1.0519
34.0000 1.0012
35.0000 0.9949
36.0000 1.0934
37.0000 1.1385
38.0000 1.1654
39.0000 1.2136
40.0000 1.2806
41.0000 1.3674
42.0000 1.4141
43.0000 1.4276
44.0000 1.3354
45.0000 1.2551
46.0000 1.2995
47.0000 1.2277
48.0000 1.1742
49.0000 1.0881
50.0000 1.0136
51.0000 0.9578
52.0000 0.9392
53.0000 0.8542
54.0000 0.7618
55.0000 0.6639
56.0000 0.6300
57.0000 0.6904
58.0000 0.7597
59.0000 0.7498
60.0000 0.7273
61.0000 0.7257
62.0000 0.7942
63.0000 0.7690
64.0000 0.6774
65.0000 0.6007
66.0000 0.5020
67.0000 0.4051
68.0000 0.3083
69.0000 0.2255
70.0000 0.1918
71.0000 0.1684
72.0000 0.1248
73.0000 0.0540
74.0000 0.0989
75.0000 0.1951
76.0000 0.1893
77.0000 0.2094
78.0000 0.2887
79.0000 0.3727
80.0000 0.3634
81.0000 0.4585
82.0000 0.5584
83.0000 0.6572
84.0000 0.7319
85.0000 0.7443
86.0000 0.7150
87.0000 0.6620
88.0000 0.7064
89.0000 0.7402
90.0000 0.8249
91.0000 0.8906
92.0000 0.8923
93.0000 0.9407
94.0000 0.8489
95.0000 0.7897
96.0000 0.6897
97.0000 0.5924
98.0000 0.4956
99.0000 0.4087
100.0000 0.3219
101.0000 0.3238
102.0000 0.4072
103.0000 0.4927
104.0000 0.5926
105.0000 0.6915
106.0000 0.7912
107.0000 0.8905
108.0000 0.9595
109.0000 1.0595
110.0000 1.1266
111.0000 1.2229
112.0000 1.3119
113.0000 1.4118
114.0000 1.5109
115.0000 1.6088
116.0000 1.5856
117.0000 1.5772
118.0000 1.6277
119.0000 1.6437
120.0000 1.6725
121.0000 1.7708
122.0000 1.8691
123.0000 1.9593
124.0000 2.0210
125.0000 1.9820
126.0000 2.0384
127.0000 2.0511
128.0000 1.9782
129.0000 1.9072
130.0000 1.8286
131.0000 1.7401
132.0000 1.6478
133.0000 1.5681
134.0000 1.4779
135.0000 1.4754
136.0000 1.4374
137.0000 1.3931
138.0000 1.3047
139.0000 1.2146
140.0000 1.1328
141.0000 1.0463
142.0000 0.9859
143.0000 1.0476
144.0000 1.1408
145.0000 1.2315
146.0000 1.3249
147.0000 1.3946
148.0000 1.4676
149.0000 1.5658
150.0000 1.6188
