1.0000 2.1520
2.0000 2.0587
3.0000 2.0855
4.0000 2.1525
5.0000 2.0739
6.0000 1.9760
7.0000 1.9274
8.0000 1.9022
9.0000 1.8110
10.0000 1.7229
11.0000 1.6912
12.0000 1.7845
13.0000 1.8780
14.0000 1.9072
15.0000 1.8927
16.0000 1.8403
17.0000 1.7439
18.0000 1.7200
19.0000 1.8090
20.0000 1.8396
21.0000 1.9215
22.0000 1.9914
23.0000 2.0697
24.0000 2.1593
25.0000 2.1541
26.0000 2.2219
27.0000 2.1577
28.0000 2.0827
29.0000 2.0799
30.0000 2.0210
31.0000 2.0273
32.0000 2.0587
33.0000 2.0419
34.0000 1.9954
35.0000 1.9005
36.0000 1.8378
37.0000 1.8863
38.0000 1.8950
39.0000 1.9359
40.0000 2.0358
41.0000 2.1226
42.0000 2.1589
43.0000 2.1450
44.0000 2.2107
45.0000 2.2513
46.0000 2.1700
47.0000 2.0746
48.0000 2.0870
49.0000 2.1786
50.0000 2.2467
51.0000 2.3026
52.0000 2.2577
53.0000 2.2623
54.0000 2.2415
55.0000 2.1489
56.0000 2.0524
57.0000 1.9736
58.0000 1.8751
59.0000 1.8067
60.0000 1.8284
61.0000 1.8828
62.0000 1.8666
63.0000 1.9303
64.0000 2.0124
65.0000 2.1115
66.0000 2.1863
67.0000 2.2824
68.0000 2.3467
69.0000 2.3772
70.0000 2.3931
71.0000 2.3940
72.0000 2.3674
73.0000 2.2868
74.0000 2.2832
75.0000 2.2390
76.0000 2.3328
77.0000 2.4030
78.0000 2.4569
79.0000 2.5045
80.0000 2.5749
81.0000 2.5977
82.0000 2.5108
83.0000 2.4108
84.0000 2.3146
85.0000 2.2730
86.0000 2.2026
87.0000 2.1153
88.0000 2.0943
89.0000 2.0128
90.0000 1.9128
91.0000 1.8365
92.0000 1.7606
93.0000 1.7512
94.0000 1.7497
95.0000 1.8431
96.0000 1.8339
97.0000 1.8549
98.0000 1.9142
99.0000 1.9660
100.0000 1.8902
101.0000 1.7903
102.0000 1.6917
103.0000 1.6755
104.0000 1.6176
105.0000 1.5193
106.0000 1.4200
107.0000 1.3306
108.0000 1.3901
109.0000 1.4346
110.0000 1.5341
111.0000 1.5745
112.0000 1.6161
113.0000 1.6328
114.0000 1.5910
115.0000 1.4916
116.0000 1.5370
117.0000 1.6369
118.0000 1.6837
119.0000 1.6126
120.0000 1.5956
121.0000 1.4959
122.0000 1.4466
123.0000 1.4881
124.0000 1.3909
125.0000 1.3055
126.0000 1.2301
127.0000 1.1898
128.0000 1.0904
129.0000 1.0002
130.0000 1.0238
131.0000 1.0753
132.0000 1.1680
133.0000 1.2614
134.0000 1.3513
135.0000 1.4289
136.0000 1.5272
137.0000 1.5584
138.0000 1.4585
139.0000 1.3851
140.0000 1.3259
141.0000 1.2443
142.0000 1.1443
143.0000 1.0802
144.0000 1.0418
145.0000 0.9981
146.0000 0.9558
147.0000 0.8641
148.0000 0.7641
149.0000 0.6702
150.0000 0.5719
