1.0000 2.1362
2.0000 2.0518
3.0000 2.0804
4.0000 2.1347
5.0000 2.0651
6.0000 1.9678
7.0000 1.8678
8.0000 1.7795
9.0000 1.7149
10.0000 1.6233
11.0000 1.5332
12.0000 1.6035
13.0000 1.6590
14.0000 1.6311
15.0000 1.5473
16.0000 1.4847
17.0000 1.4021
18.0000 1.3801
19.0000 1.3757
20.0000 1.4176
21.0000 1.4193
22.0000 1.4526
23.0000 1.4157
24.0000 1.4748
25.0000 1.4697
26.0000 1.5493
27.0000 1.6479
28.0000 1.7208
29.0000 1.6668
30.0000 1.6409
31.0000 1.7315
32.0000 1.8239
33.0000 1.8663
34.0000 1.9285
35.0000 2.0270
36.0000 2.0875
37.0000 2.1653
38.0000 2.2438
39.0000 2.3145
40.0000 2.4138
41.0000 2.3536
42.0000 2.2548
43.0000 2.1549
44.0000 2.0560
45.0000 1.9764
46.0000 1.9943
47.0000 1.9179
48.0000 1.8182
49.0000 1.8120
50.0000 1.8026
51.0000 1.7043
52.0000 1.6103
53.0000 1.5190
54.0000 1.4196
55.0000 1.4036
56.0000 1.3322
57.0000 1.2333
58.0000 1.1593
59.0000 1.0593
60.0000 1.0123
61.0000 1.0540
62.0000 1.1198
63.0000 1.2176
64.0000 1.2423
65.0000 1.1979
66.0000 1.0993
67.0000 1.0280
68.0000 0.9285
69.0000 0.8318
70.0000 0.7358
71.0000 0.7014
72.0000 0.6905
73.0000 0.7776
74.0000 0.8565
75.0000 0.9204
76.0000 0.9661
77.0000 0.8683
78.0000 0.8440
79.0000 0.9435
80.0000 1.0231
81.0000 1.1037
82.0000 1.2020
83.0000 1.2976
84.0000 1.3813
85.0000 1.4456
86.0000 1.4777
87.0000 1.4148
88.0000 1.3521
89.0000 1.2650
90.0000 1.1750
91.0000 1.1032
92.0000 1.0039
93.0000 0.9484
94.0000 0.9252
95.0000 0.8438
96.0000 0.7457
97.0000 0.6529
98.0000 0.5893
99.0000 0.5035
100.0000 0.4483
101.0000 0.4226
102.0000 0.4660
103.0000 0.5611
104.0000 0.6476
105.0000 0.7300
106.0000 0.8295
107.0000 0.9033
108.0000 0.9763
109.0000 1.0729
110.0000 1.1541
111.0000 1.2092
112.0000 1.2363
113.0000 1.2708
114.0000 1.2072
115.0000 1.2455
116.0000 1.2817
117.0000 1.3296
118.0000 1.4223
119.0000 1.5152
120.0000 1.6141
121.0000 1.7104
122.0000 1.7711
123.0000 1.8140
124.0000 1.8671
125.0000 1.9669
126.0000 1.9891
127.0000 1.8898
128.0000 1.8415
129.0000 1.7926
130.0000 1.8681
131.0000 1.9400
132.0000 1.9748
133.0000 1.9163
134.0000 1.8166
135.0000 1.7705
136.0000 1.7103
137.0000 1.6292
138.0000 1.5296
139.0000 1.4662
140.0000 1.5266
141.0000 1.6240
142.0000 1.6828
143.0000 1.6937
144.0000 1.6733
145.0000 1.5929
146.0000 1.5453
147.0000 1.4579
148.0000 1.3581
149.0000 1.3496
150.0000 1.3810
