1.0000 2.1361
2.0000 2.1544
3.0000 2.2002
4.0000 2.2424
5.0000 2.3387
6.0000 2.2711
7.0000 2.2609
8.0000 2.3578
9.0000 2.4508
10.0000 2.4489
11.0000 2.4265
12.0000 2.3382
13.0000 2.2405
14.0000 2.2259
15.0000 2.2015
16.0000 2.1751
17.0000 2.1711
18.0000 2.2638
19.0000 2.3047
20.0000 2.2769
21.0000 2.1779
22.0000 2.1543
23.0000 2.1450
24.0000 2.0456
25.0000 1.9508
26.0000 1.9569
27.0000 2.0533
28.0000 2.0427
29.0000 1.9606
30.0000 1.8667
31.0000 1.8678
32.0000 1.8895
33.0000 1.8269
34.0000 1.7281
35.0000 1.6356
36.0000 1.5385
37.0000 1.4967
38.0000 1.4862
39.0000 1.5234
40.0000 1.5911
41.0000 1.5850
42.0000 1.6669
43.0000 1.7216
44.0000 1.7838
45.0000 1.8166
46.0000 1.8083
47.0000 1.8546
48.0000 1.8035
49.0000 1.7213
50.0000 1.6648
51.0000 1.7067
52.0000 1.8066
53.0000 1.9065
54.0000 1.9873
55.0000 1.9381
56.0000 1.8511
57.0000 1.7588
58.0000 1.7177
59.0000 1.7280
60.0000 1.7401
61.0000 1.8315
62.0000 1.9243
63.0000 2.0212
64.0000 1.9701
65.0000 1.9083
66.0000 1.9731
67.0000 1.9064
68.0000 1.8189
69.0000 1.7212
70.0000 1.6825
71.0000 1.6349
72.0000 1.6487
73.0000 1.6258
74.0000 1.5266
75.0000 1.4711
76.0000 1.3966
77.0000 1.3749
78.0000 1.3281
79.0000 1.4278
80.0000 1.5249
81.0000 1.5827
82.0000 1.4827
83.0000 1.3873
84.0000 1.3050
85.0000 1.3099
86.0000 1.3959
87.0000 1.4525
88.0000 1.4506
89.0000 1.4131
90.0000 1.3662
91.0000 1.2743
92.0000 1.1932
93.0000 1.1163
94.0000 1.0184
95.0000 0.9615
96.0000 0.9636
97.0000 1.0385
98.0000 1.1245
99.0000 1.2236
100.0000 1.3138
101.0000 1.4124
102.0000 1.4785
103.0000 1.5164
104.0000 1.6161
105.0000 1.6835
106.0000 1.7814
107.0000 1.8814
108.0000 1.8542
109.0000 1.8411
110.0000 1.8146
111.0000 1.7188
112.0000 1.6641
113.0000 1.5900
114.0000 1.4934
115.0000 1.4860
116.0000 1.4099
117.0000 1.3797
118.0000 1.2867
119.0000 1.1869
120.0000 1.0987
121.0000 0.9991
122.0000 0.9518
123.0000 0.8697
124.0000 0.7698
125.0000 0.7724
126.0000 0.8668
127.0000 0.9640
128.0000 1.0604
129.0000 1.1604
130.0000 1.2603
131.0000 1.3317
132.0000 1.3936
133.0000 1.4921
134.0000 1.5536
135.0000 1.6143
136.0000 1.7090
137.0000 1.7004
138.0000 1.7732
139.0000 1.8380
140.0000 1.8453
141.0000 1.9444
142.0000 2.0354
143.0000 2.1290
144.0000 2.0673
145.0000 1.9682
146.0000 1.8688
147.0000 1.7861
148.0000 1.7577
149.0000 1.7758
150.0000 1.7763
