1.0000 2.1485
2.0000 2.0703
3.0000 2.1294
4.0000 2.1154
5.0000 2.0600
6.0000 2.0723
7.0000 2.0150
8.0000 1.9832
9.0000 1.9626
10.0000 1.8653
11.0000 1.8340
12.0000 1.9293
13.0000 2.0110
14.0000 2.0209
15.0000 1.9557
16.0000 1.9906
17.0000 2.0315
18.0000 2.0983
19.0000 2.0429
20.0000 1.9459
21.0000 1.9047
22.0000 1.8120
23.0000 1.8400
24.0000 1.9065
25.0000 1.8530
26.0000 1.9153
27.0000 1.9950
28.0000 2.0950
29.0000 2.1887
30.0000 2.2139
31.0000 2.1589
32.0000 2.0609
33.0000 2.0827
34.0000 2.1302
35.0000 2.1232
36.0000 2.0255
37.0000 1.9962
38.0000 1.9009
39.0000 1.8012
40.0000 1.7418
41.0000 1.6463
42.0000 1.6899
43.0000 1.7855
44.0000 1.8548
45.0000 1.8523
46.0000 1.8229
47.0000 1.8516
48.0000 1.7524
49.0000 1.7214
50.0000 1.7537
51.0000 1.8291
52.0000 1.7873
53.0000 1.7104
54.0000 1.7916
55.0000 1.8750
56.0000 1.8618
57.0000 1.9521
58.0000 1.9898
59.0000 2.0597
60.0000 1.9925
61.0000 1.9471
62.0000 2.0138
63.0000 2.1066
64.0000 2.0452
65.0000 1.9475
66.0000 2.0122
67.0000 2.1122
68.0000 2.0814
69.0000 2.0728
70.0000 2.0662
71.0000 1.9689
72.0000 2.0578
73.0000 2.0259
74.0000 1.9260
75.0000 1.8338
76.0000 1.8459
77.0000 1.8277
78.0000 1.8110
79.0000 1.7439
80.0000 1.7409
81.0000 1.8387
82.0000 1.9306
83.0000 1.9913
84.0000 2.0831
85.0000 2.1529
86.0000 2.1462
87.0000 2.0909
88.0000 2.0198
89.0000 1.9527
90.0000 1.8883
91.0000 1.8172
92.0000 1.7241
93.0000 1.6278
94.0000 1.5320
95.0000 1.4724
96.0000 1.4107
97.0000 1.3536
98.0000 1.2831
99.0000 1.2265
100.0000 1.1266
101.0000 1.0270
102.0000 0.9694
103.0000 0.9957
104.0000 1.0310
105.0000 1.1201
106.0000 1.2115
107.0000 1.2996
108.0000 1.2123
109.0000 1.1478
110.0000 1.0656
111.0000 1.0687
112.0000 0.9694
113.0000 0.8724
114.0000 0.7803
115.0000 0.6836
116.0000 0.6047
117.0000 0.5175
118.0000 0.4188
119.0000 0.3189
120.0000 0.2414
121.0000 0.3094
122.0000 0.2619
123.0000 0.3160
124.0000 0.3693
125.0000 0.4316
126.0000 0.4846
127.0000 0.5747
128.0000 0.6484
129.0000 0.6786
130.0000 0.7677
131.0000 0.8296
132.0000 0.9067
133.0000 0.9948
134.0000 0.9917
135.0000 1.0495
136.0000 1.1220
137.0000 1.0718
138.0000 0.9722
139.0000 0.8888
140.0000 0.8014
141.0000 0.7068
142.0000 0.6186
143.0000 0.5585
144.0000 0.4592
145.0000 0.4340
146.0000 0.5317
147.0000 0.6298
148.0000 0.6508
149.0000 0.7468
150.0000 0.8400
