1.0000 2.1915
2.0000 2.2097
3.0000 2.2389
4.0000 2.1862
5.0000 2.2518
6.0000 2.2284
7.0000 2.2173
8.0000 2.2964
9.0000 2.2852
10.0000 2.2052
11.0000 2.1227
12.0000 2.0241
13.0000 1.9421
14.0000 1.8474
15.0000 1.7485
16.0000 1.7373
17.0000 1.7940
18.0000 1.7424
19.0000 1.7370
20.0000 1.7034
21.0000 1.7282
22.0000 1.6310
23.0000 1.5438
24.0000 1.4607
25.0000 1.3615
26.0000 1.2625
27.0000 1.1700
28.0000 1.0861
29.0000 0.9968
30.0000 0.9213
31.0000 0.8460
32.0000 0.7701
33.0000 0.6941
34.0000 0.7705
35.0000 0.8390
36.0000 0.9280
37.0000 0.9817
38.0000 0.9073
39.0000 0.8151
40.0000 0.7237
41.0000 0.7656
42.0000 0.8573
43.0000 0.9436
44.0000 0.9841
45.0000 1.0719
46.0000 1.0599
47.0000 0.9835
48.0000 0.9546
49.0000 0.8620
50.0000 0.7627
51.0000 0.6837
52.0000 0.5928
53.0000 0.5511
54.0000 0.5110
55.0000 0.5708
56.0000 0.6230
57.0000 0.7184
58.0000 0.8184
59.0000 0.8913
60.0000 0.8638
61.0000 0.7691
62.0000 0.6703
63.0000 0.6109
64.0000 0.6011
65.0000 0.6090
66.0000 0.6857
67.0000 0.7845
68.0000 0.8279
69.0000 0.9091
70.0000 1.0069
71.0000 1.1044
72.0000 1.2004
73.0000 1.2791
74.0000 1.2320
75.0000 1.2722
76.0000 1.2000
77.0000 1.1419
78.0000 1.2364
79.0000 1.2823
80.0000 1.2273
81.0000 1.1283
82.0000 1.1142
83.0000 1.1089
84.0000 1.0359
85.0000 0.9720
86.0000 0.9862
87.0000 0.9690
88.0000 0.8751
89.0000 0.8725
90.0000 0.9092
91.0000 0.9491
92.0000 1.0147
93.0000 0.9481
94.0000 0.9692
95.0000 1.0581
96.0000 1.1578
97.0000 1.2478
98.0000 1.1936
99.0000 1.0936
100.0000 1.0086
101.0000 1.0294
102.0000 1.0242
103.0000 1.0164
104.0000 0.9641
105.0000 0.9069
106.0000 0.9990
107.0000 1.0934
108.0000 1.1889
109.0000 1.2044
110.0000 1.2072
111.0000 1.2342
112.0000 1.2867
113.0000 1.1942
114.0000 1.1921
115.0000 1.2331
116.0000 1.2652
117.0000 1.3160
118.0000 1.3780
119.0000 1.4562
120.0000 1.4684
121.0000 1.4524
122.0000 1.4580
123.0000 1.4974
124.0000 1.5451
125.0000 1.6225
126.0000 1.7060
127.0000 1.7961
128.0000 1.8587
129.0000 1.9444
130.0000 2.0102
131.0000 2.1069
132.0000 2.1871
133.0000 2.2405
134.0000 2.3196
135.0000 2.4196
136.0000 2.5082
137.0000 2.4995
138.0000 2.4535
139.0000 2.5138
140.0000 2.5667
141.0000 2.6031
142.0000 2.5856
143.0000 2.5446
144.0000 2.4705
145.0000 2.4215
146.0000 2.4824
147.0000 2.3936
148.0000 2.2972
149.0000 2.2103
150.0000 2.2212
