1.0000 2.2555
2.0000 2.2396
3.0000 2.2216
4.0000 2.2415
5.0000 2.3234
6.0000 2.4145
7.0000 2.3913
8.0000 2.4324
9.0000 2.5079
10.0000 2.5384
11.0000 2.6098
12.0000 2.6628
13.0000 2.6034
14.0000 2.5510
15.0000 2.4618
16.0000 2.4256
17.0000 2.4230
18.0000 2.3430
19.0000 2.2449
20.0000 2.1479
21.0000 2.0984
22.0000 2.0536
23.0000 2.0894
24.0000 2.1306
25.0000 2.2173
26.0000 2.2890
27.0000 2.3491
28.0000 2.2753
29.0000 2.1826
30.0000 2.0882
31.0000 1.9991
32.0000 1.9063
33.0000 1.8633
34.0000 1.9602
35.0000 2.0518
36.0000 2.0702
37.0000 1.9910
38.0000 1.8955
39.0000 1.7958
40.0000 1.7114
41.0000 1.6167
42.0000 1.5402
43.0000 1.4487
44.0000 1.3675
45.0000 1.3884
46.0000 1.3169
47.0000 1.2691
48.0000 1.2743
49.0000 1.3522
50.0000 1.4249
51.0000 1.5212
52.0000 1.6170
53.0000 1.7098
54.0000 1.8091
55.0000 1.8635
56.0000 1.9252
57.0000 1.8855
58.0000 1.8728
59.0000 1.8408
60.0000 1.8469
61.0000 1.9116
62.0000 1.8920
63.0000 1.9387
64.0000 1.9806
65.0000 1.9968
66.0000 1.9418
67.0000 1.9275
68.0000 1.8977
69.0000 1.8083
70.0000 1.7394
71.0000 1.6491
72.0000 1.5732
73.0000 1.5709
74.0000 1.6630
75.0000 1.7539
76.0000 1.7528
77.0000 1.8199
78.0000 1.8936
79.0000 1.8533
80.0000 1.7535
81.0000 1.6544
82.0000 1.5544
83.0000 1.4686
84.0000 1.3924
85.0000 1.3015
86.0000 1.3884
87.0000 1.4462
88.0000 1.5221
89.0000 1.6188
90.0000 1.6816
91.0000 1.7794
92.0000 1.8791
93.0000 1.9700
94.0000 2.0684
95.0000 2.1645
96.0000 2.2493
97.0000 2.3469
98.0000 2.3602
99.0000 2.3138
100.0000 2.2769
101.0000 2.2505
102.0000 2.2812
103.0000 2.2915
104.0000 2.3058
105.0000 2.2150
106.0000 2.1845
107.0000 2.0846
108.0000 2.0307
109.0000 1.9678
110.0000 1.8770
111.0000 1.8616
112.0000 1.7980
113.0000 1.6999
114.0000 1.5999
115.0000 1.5952
116.0000 1.4957
117.0000 1.5257
118.0000 1.5380
119.0000 1.5167
120.0000 1.5165
121.0000 1.4356
122.0000 1.4788
123.0000 1.4375
124.0000 1.4538
125.0000 1.4852
126.0000 1.4957
127.0000 1.5743
128.0000 1.6708
129.0000 1.7686
130.0000 1.8416
131.0000 1.9107
132.0000 2.0077
133.0000 2.0936
134.0000 2.1469
135.0000 2.1455
136.0000 2.0647
137.0000 2.0264
138.0000 2.1215
139.0000 2.2215
140.0000 2.1943
141.0000 2.1723
142.0000 2.2234
143.0000 2.1369
144.0000 2.0376
145.0000 1.9500
146.0000 1.8695
147.0000 1.8490
148.0000 1.8602
149.0000 1.7892
150.0000 1.8349
