1.0000 2.1423
2.0000 2.1717
3.0000 2.1162
4.0000 2.0748
5.0000 2.0550
6.0000 2.0071
7.0000 2.0154
8.0000 1.9520
9.0000 1.9331
10.0000 2.0300
11.0000 2.1090
12.0000 2.2061
13.0000 2.2584
14.0000 2.2812
15.0000 2.1904
16.0000 2.2574
17.0000 2.1888
18.0000 2.1356
19.0000 2.1127
20.0000 2.1304
21.0000 2.0446
22.0000 1.9516
23.0000 1.9466
24.0000 1.8574
25.0000 1.7937
26.0000 1.7631
27.0000 1.6940
28.0000 1.7605
29.0000 1.7241
30.0000 1.6244
31.0000 1.5244
32.0000 1.4688
33.0000 1.4216
34.0000 1.4816
35.0000 1.5789
36.0000 1.6637
37.0000 1.7571
38.0000 1.8325
39.0000 1.8848
40.0000 1.8896
41.0000 1.8594
42.0000 1.8397
43.0000 1.7729
44.0000 1.6759
45.0000 1.5861
46.0000 1.5177
47.0000 1.4897
48.0000 1.5808
49.0000 1.6136
50.0000 1.6740
51.0000 1.7220
52.0000 1.7391
53.0000 1.6548
54.0000 1.6112
55.0000 1.5393
56.0000 1.4510
57.0000 1.3510
58.0000 1.3149
59.0000 1.4114
60.0000 1.4821
61.0000 1.5217
62.0000 1.4534
63.0000 1.3535
64.0000 1.3294
65.0000 1.3281
66.0000 1.3544
67.0000 1.4407
68.0000 1.4502
69.0000 1.4701
70.0000 1.4107
71.0000 1.3183
72.0000 1.3700
73.0000 1.4230
74.0000 1.5220
75.0000 1.6029
76.0000 1.6311
77.0000 1.6968
78.0000 1.7642
79.0000 1.8516
80.0000 1.9052
81.0000 1.8052
82.0000 1.7621
83.0000 1.8014
84.0000 1.8451
85.0000 1.7504
86.0000 1.7004
87.0000 1.6156
88.0000 1.6508
89.0000 1.7501
90.0000 1.8257
91.0000 1.9248
92.0000 2.0196
93.0000 1.9657
94.0000 1.9121
95.0000 1.8166
96.0000 1.8541
97.0000 1.9462
98.0000 2.0286
99.0000 1.9943
100.0000 1.9310
101.0000 2.0010
102.0000 1.9067
103.0000 1.8332
104.0000 1.7793
105.0000 1.8734
106.0000 1.9695
107.0000 1.9513
108.0000 1.8858
109.0000 1.8064
110.0000 1.7064
111.0000 1.7929
112.0000 1.8631
113.0000 1.9495
114.0000 1.9670
115.0000 1.9013
116.0000 1.9060
117.0000 1.9956
118.0000 2.0553
119.0000 1.9721
120.0000 2.0381
121.0000 2.0669
122.0000 2.0619
123.0000 2.1033
124.0000 2.1108
125.0000 2.1155
126.0000 2.1398
127.0000 2.1163
128.0000 2.1737
129.0000 2.0936
130.0000 2.0247
131.0000 1.9282
132.0000 1.8970
133.0000 1.7983
134.0000 1.6986
135.0000 1.5987
136.0000 1.4991
137.0000 1.3996
138.0000 1.3206
139.0000 1.2242
140.0000 1.1463
141.0000 1.1378
142.0000 1.2080
143.0000 1.2959
144.0000 1.3792
145.0000 1.3211
146.0000 1.3260
147.0000 1.2920
148.0000 1.3175
149.0000 1.4053
150.0000 1.4758
