1.0000 2.2375
2.0000 2.2403
3.0000 2.2437
4.0000 2.2558
5.0000 2.2825
6.0000 2.3442
7.0000 2.3792
8.0000 2.4004
9.0000 2.4998
10.0000 2.4698
11.0000 2.4669
12.0000 2.3670
13.0000 2.3745
14.0000 2.4147
15.0000 2.4300
16.0000 2.3954
17.0000 2.3319
18.0000 2.2513
19.0000 2.2918
20.0000 2.3900
21.0000 2.4814
22.0000 2.5812
23.0000 2.6735
24.0000 2.7348
25.0000 2.8055
26.0000 2.7153
27.0000 2.6257
28.0000 2.5305
29.0000 2.4397
30.0000 2.3572
31.0000 2.3252
32.0000 2.2968
33.0000 2.3163
34.0000 2.4141
35.0000 2.4139
36.0000 2.3170
37.0000 2.2213
38.0000 2.1380
39.0000 2.0388
40.0000 1.9688
41.0000 1.9336
42.0000 1.9053
43.0000 1.9047
44.0000 1.8171
45.0000 1.8398
46.0000 1.8333
47.0000 1.9333
48.0000 1.9949
49.0000 1.9482
50.0000 1.8675
51.0000 1.7941
52.0000 1.7110
53.0000 1.6181
54.0000 1.5870
55.0000 1.5476
56.0000 1.4484
57.0000 1.4045
58.0000 1.3059
59.0000 1.2361
60.0000 1.1391
61.0000 1.0581
62.0000 0.9635
63.0000 0.9111
64.0000 0.8297
65.0000 0.7360
66.0000 0.7038
67.0000 0.6854
68.0000 0.7714
69.0000 0.8659
70.0000 0.9481
71.0000 0.9903
72.0000 1.0860
73.0000 1.1491
74.0000 1.0950
75.0000 1.0110
76.0000 0.9114
77.0000 0.8236
78.0000 0.7500
79.0000 0.6889
80.0000 0.5918
81.0000 0.5340
82.0000 0.5963
83.0000 0.6853
84.0000 0.7852
85.0000 0.8739
86.0000 0.9442
87.0000 1.0279
88.0000 1.1255
89.0000 1.2063
90.0000 1.3061
91.0000 1.3981
92.0000 1.4908
93.0000 1.5861
94.0000 1.6610
95.0000 1.7106
96.0000 1.6733
97.0000 1.7426
98.0000 1.8368
99.0000 1.8965
100.0000 1.8206
101.0000 1.7207
102.0000 1.6862
103.0000 1.7404
104.0000 1.8402
105.0000 1.9380
106.0000 1.9728
107.0000 2.0488
108.0000 2.1337
109.0000 2.2331
110.0000 2.2786
111.0000 2.2433
112.0000 2.1713
113.0000 2.0842
114.0000 2.0203
115.0000 1.9287
116.0000 1.8322
117.0000 1.7328
118.0000 1.6328
119.0000 1.5329
120.0000 1.5485
121.0000 1.5214
122.0000 1.4633
123.0000 1.5539
124.0000 1.6441
125.0000 1.7404
126.0000 1.8367
127.0000 1.9295
128.0000 1.9587
129.0000 2.0506
130.0000 2.1425
131.0000 2.2371
132.0000 2.1941
133.0000 2.1226
134.0000 2.0249
135.0000 1.9836
136.0000 1.9845
137.0000 1.9842
138.0000 1.9868
139.0000 1.8915
140.0000 1.8120
141.0000 1.7125
142.0000 1.6160
143.0000 1.5367
144.0000 1.4368
145.0000 1.3423
146.0000 1.3508
147.0000 1.3672
148.0000 1.4558
149.0000 1.4193
150.0000 1.4335
