1.0000 2.1839
2.0000 2.2017
3.0000 2.2935
4.0000 2.2306
5.0000 2.1752
6.0000 2.1479
7.0000 2.0631
8.0000 2.0008
9.0000 2.0720
10.0000 2.1676
11.0000 2.1841
12.0000 2.2144
13.0000 2.1180
14.0000 2.0703
15.0000 2.0015
16.0000 2.0107
17.0000 2.0653
18.0000 1.9846
19.0000 1.8875
20.0000 1.7983
21.0000 1.6994
22.0000 1.6210
23.0000 1.5363
24.0000 1.4494
25.0000 1.3707
26.0000 1.2907
27.0000 1.1908
28.0000 1.1196
29.0000 1.0976
30.0000 1.0355
31.0000 0.9944
32.0000 0.9097
33.0000 0.8578
34.0000 0.8502
35.0000 0.8623
36.0000 0.8313
37.0000 0.7402
38.0000 0.6418
39.0000 0.5816
40.0000 0.4862
41.0000 0.4181
42.0000 0.3440
43.0000 0.2447
44.0000 0.2337
45.0000 0.3266
46.0000 0.4173
47.0000 0.5090
48.0000 0.5959
49.0000 0.6168
50.0000 0.5189
51.0000 0.5105
52.0000 0.4852
53.0000 0.4723
54.0000 0.5292
55.0000 0.6273
56.0000 0.6443
57.0000 0.7366
58.0000 0.8244
59.0000 0.8699
60.0000 0.8426
61.0000 0.8878
62.0000 0.8677
63.0000 0.7765
64.0000 0.6807
65.0000 0.6001
66.0000 0.5154
67.0000 0.5154
68.0000 0.5236
69.0000 0.5992
70.0000 0.6533
71.0000 0.7052
72.0000 0.7958
73.0000 0.8421
74.0000 0.8758
75.0000 0.9440
76.0000 0.8936
77.0000 0.9104
78.0000 0.9137
79.0000 1.0039
80.0000 0.9979
81.0000 1.0105
82.0000 1.0935
83.0000 1.0986
84.0000 1.0825
85.0000 1.1258
86.0000 1.2049
87.0000 1.3022
88.0000 1.3536
89.0000 1.4064
90.0000 1.4474
91.0000 1.5438
92.0000 1.6412
93.0000 1.7287
94.0000 1.8271
95.0000 1.8812
96.0000 1.9791
97.0000 2.0746
98.0000 2.0380
99.0000 2.0003
100.0000 2.0959
101.0000 2.1491
102.0000 2.1367
103.0000 2.0854
104.0000 2.1802
105.0000 2.1670
106.0000 2.1161
107.0000 2.2035
108.0000 2.1604
109.0000 2.1707
110.0000 2.1578
111.0000 2.1645
112.0000 2.1407
113.0000 2.0668
114.0000 2.0453
115.0000 1.9723
116.0000 1.8930
117.0000 1.8078
118.0000 1.7229
119.0000 1.6452
120.0000 1.5705
121.0000 1.5006
122.0000 1.5390
123.0000 1.5952
124.0000 1.6797
125.0000 1.7737
126.0000 1.8616
127.0000 1.9056
128.0000 1.9825
129.0000 2.0728
130.0000 2.1684
131.0000 2.2153
132.0000 2.1691
133.0000 2.2664
134.0000 2.3569
135.0000 2.4426
136.0000 2.4678
137.0000 2.5352
138.0000 2.6194
139.0000 2.5538
140.0000 2.4931
141.0000 2.4031
142.0000 2.3096
143.0000 2.2112
144.0000 2.1732
145.0000 2.2361
146.0000 2.3094
147.0000 2.3162
148.0000 2.3642
149.0000 2.4347
150.0000 2.3460
