1.0000 2.1461
2.0000 2.1448
3.0000 2.0866
4.0000 2.0307
5.0000 1.9321
6.0000 1.8640
7.0000 1.8282
8.0000 1.7364
9.0000 1.6386
10.0000 1.5660
11.0000 1.6057
12.0000 1.5956
13.0000 1.5170
14.0000 1.4940
15.0000 1.4774
16.0000 1.4513
17.0000 1.3637
18.0000 1.2637
19.0000 1.1776
20.0000 1.1290
21.0000 1.0509
22.0000 1.0872
23.0000 1.0657
24.0000 1.0080
25.0000 0.9093
26.0000 0.8327
27.0000 0.7549
28.0000 0.6809
29.0000 0.5832
30.0000 0.5035
31.0000 0.4914
32.0000 0.4306
33.0000 0.4221
34.0000 0.5068
35.0000 0.6000
36.0000 0.6964
37.0000 0.7922
38.0000 0.8645
39.0000 0.9589
40.0000 1.0483
41.0000 1.1263
42.0000 1.1448
43.0000 1.1085
44.0000 1.0753
45.0000 1.1087
46.0000 1.2052
47.0000 1.3008
48.0000 1.3993
49.0000 1.4984
50.0000 1.5942
51.0000 1.6382
52.0000 1.7248
53.0000 1.7518
54.0000 1.7518
55.0000 1.7587
56.0000 1.7991
57.0000 1.7404
58.0000 1.8228
59.0000 1.8331
60.0000 1.7488
61.0000 1.6489
62.0000 1.5521
63.0000 1.4522
64.0000 1.4348
65.0000 1.4905
66.0000 1.4385
67.0000 1.4967
68.0000 1.5941
69.0000 1.6460
70.0000 1.6613
71.0000 1.5633
72.0000 1.4886
73.0000 1.5290
74.0000 1.6229
75.0000 1.7041
76.0000 1.6773
77.0000 1.5780
78.0000 1.5042
79.0000 1.4595
80.0000 1.5497
81.0000 1.5978
82.0000 1.6806
83.0000 1.7311
84.0000 1.7369
85.0000 1.7404
86.0000 1.7784
87.0000 1.8591
88.0000 1.9467
89.0000 2.0431
90.0000 2.0216
91.0000 2.0664
92.0000 2.0696
93.0000 1.9714
94.0000 1.9539
95.0000 1.8879
96.0000 1.9586
97.0000 1.9485
98.0000 1.9684
99.0000 1.9807
100.0000 1.9200
101.0000 1.8873
102.0000 1.9483
103.0000 1.9957
104.0000 1.9853
105.0000 2.0060
106.0000 2.0287
107.0000 1.9475
108.0000 1.8479
109.0000 1.8683
110.0000 1.8400
111.0000 1.7449
112.0000 1.6949
113.0000 1.6122
114.0000 1.5625
115.0000 1.6093
116.0000 1.5821
117.0000 1.6268
118.0000 1.5571
119.0000 1.4598
120.0000 1.3603
121.0000 1.3069
122.0000 1.2918
123.0000 1.3558
124.0000 1.4026
125.0000 1.4649
126.0000 1.4902
127.0000 1.4539
128.0000 1.3760
129.0000 1.3743
130.0000 1.4236
131.0000 1.5102
132.0000 1.4965
133.0000 1.4839
134.0000 1.5787
135.0000 1.6670
136.0000 1.7636
137.0000 1.7313
138.0000 1.7268
139.0000 1.6269
140.0000 1.5442
141.0000 1.4963
142.0000 1.4293
143.0000 1.4562
144.0000 1.5554
145.0000 1.6031
146.0000 1.6555
147.0000 1.7464
148.0000 1.8286
149.0000 1.9168
150.0000 1.9902
