1.0000 2.1384
2.0000 2.1020
3.0000 2.1038
4.0000 2.0843
5.0000 2.0747
6.0000 2.0505
7.0000 2.1095
8.0000 2.1044
9.0000 2.0433
10.0000 1.9474
11.0000 1.8611
12.0000 1.8289
13.0000 1.7337
14.0000 1.6395
15.0000 1.5842
16.0000 1.6769
17.0000 1.7125
18.0000 1.7828
19.0000 1.8761
20.0000 1.9478
21.0000 2.0110
22.0000 2.0914
23.0000 2.0802
24.0000 2.1343
25.0000 2.1342
26.0000 2.1661
27.0000 2.1018
28.0000 2.0036
29.0000 1.9164
30.0000 1.8166
31.0000 1.8442
32.0000 1.8911
33.0000 1.9769
34.0000 2.0627
35.0000 2.0881
36.0000 2.1826
37.0000 2.2650
38.0000 2.2607
39.0000 2.2107
40.0000 2.1308
41.0000 2.0365
42.0000 2.0797
43.0000 2.0521
44.0000 1.9888
45.0000 1.9034
46.0000 1.8037
47.0000 1.7575
48.0000 1.6599
49.0000 1.6633
50.0000 1.7190
51.0000 1.7329
52.0000 1.6333
53.0000 1.6437
54.0000 1.7415
55.0000 1.8378
56.0000 1.9361
57.0000 1.9777
58.0000 2.0742
59.0000 2.0297
60.0000 1.9816
61.0000 1.9995
62.0000 2.0291
63.0000 2.1230
64.0000 2.0637
65.0000 2.0741
66.0000 1.9974
67.0000 1.9155
68.0000 1.8393
69.0000 1.7435
70.0000 1.6750
71.0000 1.5782
72.0000 1.5425
73.0000 1.5869
74.0000 1.6518
75.0000 1.7223
76.0000 1.8161
77.0000 1.8944
78.0000 1.8793
79.0000 1.8752
80.0000 1.8585
81.0000 1.7672
82.0000 1.7561
83.0000 1.8516
84.0000 1.8307
85.0000 1.8743
86.0000 1.9657
87.0000 2.0097
88.0000 1.9345
89.0000 1.9329
90.0000 1.9352
91.0000 2.0000
92.0000 1.9297
93.0000 1.9738
94.0000 1.9591
95.0000 2.0219
96.0000 1.9234
97.0000 1.8535
98.0000 1.7580
99.0000 1.6718
100.0000 1.7057
101.0000 1.7477
102.0000 1.8385
103.0000 1.9210
104.0000 1.9815
105.0000 1.9152
106.0000 1.9558
107.0000 1.9911
108.0000 1.9401
109.0000 1.9354
110.0000 2.0339
111.0000 2.1281
112.0000 2.2216
113.0000 2.2470
114.0000 2.2842
115.0000 2.2240
116.0000 2.2500
117.0000 2.1557
118.0000 2.0758
119.0000 2.0227
120.0000 1.9227
121.0000 1.9500
122.0000 1.8934
123.0000 1.8150
124.0000 1.7496
125.0000 1.6764
126.0000 1.6170
127.0000 1.6303
128.0000 1.7198
129.0000 1.7596
130.0000 1.8458
131.0000 1.9051
132.0000 1.9614
133.0000 2.0309
134.0000 2.0417
135.0000 1.9836
136.0000 1.9645
137.0000 1.9448
138.0000 1.9680
139.0000 1.9307
140.0000 2.0009
141.0000 2.0985
142.0000 2.1879
143.0000 2.2083
144.0000 2.1985
145.0000 2.1393
146.0000 2.0929
147.0000 2.0671
148.0000 2.1636
149.0000 2.2303
150.0000 2.3148
