1.0000 2.2225
2.0000 2.1556
3.0000 2.0557
4.0000 1.9583
5.0000 1.8824
6.0000 1.7937
7.0000 1.7303
8.0000 1.7073
9.0000 1.6203
10.0000 1.5782
11.0000 1.5056
12.0000 1.4633
13.0000 1.5427
14.0000 1.5867
15.0000 1.6295
16.0000 1.6942
17.0000 1.7836
18.0000 1.8558
19.0000 1.9556
20.0000 1.9539
21.0000 1.8574
22.0000 1.7634
23.0000 1.7902
24.0000 1.8227
25.0000 1.9138
26.0000 1.9863
27.0000 2.0211
28.0000 1.9211
29.0000 1.8326
30.0000 1.8388
31.0000 1.7519
32.0000 1.8094
33.0000 1.8686
34.0000 1.8735
35.0000 1.9295
36.0000 2.0278
37.0000 2.0599
38.0000 1.9717
39.0000 1.8921
40.0000 1.9157
41.0000 1.9893
42.0000 2.0877
43.0000 2.1418
44.0000 2.2389
45.0000 2.3126
46.0000 2.3705
47.0000 2.4501
48.0000 2.4233
49.0000 2.3421
50.0000 2.3147
51.0000 2.3451
52.0000 2.3177
53.0000 2.2618
54.0000 2.1845
55.0000 2.1195
56.0000 2.1851
57.0000 2.1212
58.0000 2.0941
59.0000 2.1637
60.0000 2.2033
61.0000 2.3004
62.0000 2.3508
63.0000 2.2561
64.0000 2.2924
65.0000 2.2042
66.0000 2.1827
67.0000 2.2825
68.0000 2.3275
69.0000 2.2286
70.0000 2.2088
71.0000 2.2508
72.0000 2.2707
73.0000 2.3026
74.0000 2.3723
75.0000 2.4076
76.0000 2.4851
77.0000 2.5546
78.0000 2.6395
79.0000 2.6971
80.0000 2.7232
81.0000 2.6239
82.0000 2.6696
83.0000 2.6954
84.0000 2.6055
85.0000 2.5914
86.0000 2.5146
87.0000 2.5655
88.0000 2.5975
89.0000 2.5972
90.0000 2.6247
91.0000 2.6264
92.0000 2.6189
93.0000 2.5867
94.0000 2.5080
95.0000 2.5001
96.0000 2.5132
97.0000 2.4886
98.0000 2.4999
99.0000 2.5543
100.0000 2.5606
101.0000 2.5579
102.0000 2.5888
103.0000 2.4973
104.0000 2.4003
105.0000 2.4867
106.0000 2.5698
107.0000 2.5649
108.0000 2.4783
109.0000 2.5342
110.0000 2.4562
111.0000 2.3971
112.0000 2.2973
113.0000 2.2316
114.0000 2.3086
115.0000 2.4080
116.0000 2.4204
117.0000 2.4660
118.0000 2.4562
119.0000 2.3562
120.0000 2.2565
121.0000 2.1565
122.0000 2.1074
123.0000 2.0141
124.0000 1.9207
125.0000 1.8254
126.0000 1.7283
127.0000 1.6722
128.0000 1.6263
129.0000 1.5944
130.0000 1.6629
131.0000 1.7341
132.0000 1.7837
133.0000 1.7949
134.0000 1.8298
135.0000 1.7761
136.0000 1.6980
137.0000 1.6020
138.0000 1.5080
139.0000 1.4090
140.0000 1.3093
141.0000 1.2114
142.0000 1.1116
143.0000 1.1114
144.0000 1.0877
145.0000 1.0080
146.0000 0.9712
147.0000 0.9283
148.0000 0.8400
149.0000 0.7867
150.0000 0.7906
