1.0000 2.1412
2.0000 2.0806
3.0000 1.9814
4.0000 1.9185
5.0000 2.0084
6.0000 2.1054
7.0000 2.0292
8.0000 1.9334
9.0000 1.8397
10.0000 1.7591
11.0000 1.7007
12.0000 1.6389
13.0000 1.5847
14.0000 1.5019
15.0000 1.4048
16.0000 1.3094
17.0000 1.3580
18.0000 1.4155
19.0000 1.4387
20.0000 1.4573
21.0000 1.3917
22.0000 1.4066
23.0000 1.4728
24.0000 1.5459
25.0000 1.6334
26.0000 1.7018
27.0000 1.6618
28.0000 1.6011
29.0000 1.5171
30.0000 1.4172
31.0000 1.3709
32.0000 1.4137
33.0000 1.4747
34.0000 1.4856
35.0000 1.3903
36.0000 1.2924
37.0000 1.3756
38.0000 1.4756
39.0000 1.5714
40.0000 1.5916
41.0000 1.5717
42.0000 1.5041
43.0000 1.4041
44.0000 1.3349
45.0000 1.3580
46.0000 1.4141
47.0000 1.4551
48.0000 1.4636
49.0000 1.5168
50.0000 1.6084
51.0000 1.6553
52.0000 1.6146
53.0000 1.5917
54.0000 1.5692
55.0000 1.4892
56.0000 1.4176
57.0000 1.3869
58.0000 1.4009
59.0000 1.4133
60.0000 1.4324
61.0000 1.5106
62.0000 1.6103
63.0000 1.6276
64.0000 1.6425
65.0000 1.6258
66.0000 1.6523
67.0000 1.7500
68.0000 1.8173
69.0000 1.7711
70.0000 1.7434
71.0000 1.6731
72.0000 1.6618
73.0000 1.5652
74.0000 1.4745
75.0000 1.4218
76.0000 1.4690
77.0000 1.4436
78.0000 1.4357
79.0000 1.4476
80.0000 1.4681
81.0000 1.5188
82.0000 1.5444
83.0000 1.5929
84.0000 1.6928
85.0000 1.7840
86.0000 1.8453
87.0000 1.8728
88.0000 1.9706
89.0000 2.0588
90.0000 1.9599
91.0000 1.9005
92.0000 1.8324
93.0000 1.8368
94.0000 1.8754
95.0000 1.9176
96.0000 1.9528
97.0000 1.9897
98.0000 1.9907
99.0000 1.9605
100.0000 1.8992
101.0000 1.8378
102.0000 1.8064
103.0000 1.8383
104.0000 1.9029
105.0000 2.0010
106.0000 1.9659
107.0000 1.8975
108.0000 1.8184
109.0000 1.7879
110.0000 1.6910
111.0000 1.6022
112.0000 1.5024
113.0000 1.4344
114.0000 1.3408
115.0000 1.2817
116.0000 1.1863
117.0000 1.0949
118.0000 1.0677
119.0000 1.0832
120.0000 1.0944
121.0000 1.1211
122.0000 1.1469
123.0000 1.2153
124.0000 1.3147
125.0000 1.4012
126.0000 1.4779
127.0000 1.5263
128.0000 1.5395
129.0000 1.5224
130.0000 1.4874
131.0000 1.4376
132.0000 1.4321
133.0000 1.4659
134.0000 1.5481
135.0000 1.6433
136.0000 1.7190
137.0000 1.7934
138.0000 1.8422
139.0000 1.9375
140.0000 2.0303
141.0000 2.1303
142.0000 2.2248
143.0000 2.2937
144.0000 2.3811
145.0000 2.4794
146.0000 2.4930
147.0000 2.5552
148.0000 2.4919
149.0000 2.4029
150.0000 2.3031
