1.0000 2.1381
2.0000 2.0420
3.0000 1.9784
4.0000 1.9121
5.0000 1.8208
6.0000 1.7228
7.0000 1.6434
8.0000 1.5604
9.0000 1.5380
10.0000 1.4895
11.0000 1.4265
12.0000 1.4560
13.0000 1.5355
14.0000 1.6353
15.0000 1.6671
16.0000 1.7312
17.0000 1.7248
18.0000 1.7145
19.0000 1.6759
20.0000 1.5884
21.0000 1.5404
22.0000 1.4460
23.0000 1.3461
24.0000 1.3379
25.0000 1.4347
26.0000 1.5071
27.0000 1.6070
28.0000 1.6181
29.0000 1.6965
30.0000 1.7425
31.0000 1.8414
32.0000 1.9374
33.0000 2.0362
34.0000 1.9470
35.0000 1.8476
36.0000 1.7599
37.0000 1.6759
38.0000 1.5903
39.0000 1.5004
40.0000 1.4255
41.0000 1.3261
42.0000 1.2954
43.0000 1.3170
44.0000 1.3790
45.0000 1.3094
46.0000 1.3842
47.0000 1.4841
48.0000 1.5816
49.0000 1.6361
50.0000 1.7329
51.0000 1.7399
52.0000 1.8380
53.0000 1.9200
54.0000 2.0091
55.0000 2.0797
56.0000 2.1387
57.0000 2.1010
58.0000 2.0530
59.0000 2.1317
60.0000 2.1165
61.0000 2.0775
62.0000 2.0774
63.0000 1.9945
64.0000 1.9551
65.0000 1.8794
66.0000 1.8074
67.0000 1.7153
68.0000 1.6440
69.0000 1.5580
70.0000 1.5834
71.0000 1.5469
72.0000 1.5312
73.0000 1.6121
74.0000 1.6978
75.0000 1.7421
76.0000 1.8233
77.0000 1.9122
78.0000 2.0104
79.0000 2.1000
80.0000 2.0960
81.0000 2.1598
82.0000 2.1964
83.0000 2.2434
84.0000 2.2333
85.0000 2.2632
86.0000 2.1800
87.0000 2.1063
88.0000 2.0702
89.0000 2.1157
90.0000 2.1892
91.0000 2.0905
92.0000 1.9949
93.0000 1.8953
94.0000 1.7960
95.0000 1.7705
96.0000 1.6923
97.0000 1.5929
98.0000 1.4974
99.0000 1.3988
100.0000 1.3692
101.0000 1.4671
102.0000 1.5557
103.0000 1.5287
104.0000 1.6287
105.0000 1.5679
106.0000 1.6631
107.0000 1.7076
108.0000 1.7205
109.0000 1.8185
110.0000 1.9181
111.0000 2.0181
112.0000 2.1140
113.0000 2.2137
114.0000 2.2918
115.0000 2.2254
116.0000 2.1844
117.0000 2.1951
118.0000 2.2161
119.0000 2.2575
120.0000 2.2692
121.0000 2.2925
122.0000 2.3728
123.0000 2.4390
124.0000 2.4179
125.0000 2.4148
126.0000 2.4686
127.0000 2.4799
128.0000 2.3875
129.0000 2.4479
130.0000 2.5015
131.0000 2.5998
132.0000 2.5631
133.0000 2.5482
134.0000 2.6480
135.0000 2.7479
136.0000 2.8210
137.0000 2.8176
138.0000 2.7397
139.0000 2.6560
140.0000 2.6940
141.0000 2.6336
142.0000 2.5408
143.0000 2.5078
144.0000 2.4171
145.0000 2.4070
146.0000 2.4020
147.0000 2.3025
148.0000 2.2036
149.0000 2.1041
150.0000 2.0632
