1.0000 2.2194
2.0000 2.1261
3.0000 2.1113
4.0000 2.2050
5.0000 2.1050
6.0000 2.0063
7.0000 1.9194
8.0000 1.9116
9.0000 1.8998
10.0000 1.9838
11.0000 2.0596
12.0000 2.1596
13.0000 2.2425
14.0000 2.2677
15.0000 2.3626
16.0000 2.4412
17.0000 2.4897
18.0000 2.4160
19.0000 2.3160
20.0000 2.2163
21.0000 2.1464
22.0000 2.0601
23.0000 1.9672
24.0000 1.8862
25.0000 1.8342
26.0000 1.7629
27.0000 1.7706
28.0000 1.7320
29.0000 1.6327
30.0000 1.5613
31.0000 1.6215
32.0000 1.6768
33.0000 1.6579
34.0000 1.6709
35.0000 1.6073
36.0000 1.5237
37.0000 1.4632
38.0000 1.4412
39.0000 1.4255
40.0000 1.3601
41.0000 1.2602
42.0000 1.2134
43.0000 1.2556
44.0000 1.1706
45.0000 1.0780
46.0000 0.9800
47.0000 1.0381
48.0000 0.9887
49.0000 0.8910
50.0000 0.7929
51.0000 0.7124
52.0000 0.7101
53.0000 0.6109
54.0000 0.6261
55.0000 0.6772
56.0000 0.7765
57.0000 0.8759
58.0000 0.9284
59.0000 0.9543
60.0000 0.9745
61.0000 1.0716
62.0000 1.1716
63.0000 1.2641
64.0000 1.3084
65.0000 1.2245
66.0000 1.1343
67.0000 1.0393
68.0000 0.9413
69.0000 0.9800
70.0000 0.9980
71.0000 0.9347
72.0000 0.8827
73.0000 0.7834
74.0000 0.7164
75.0000 0.6167
76.0000 0.5189
77.0000 0.4292
78.0000 0.3491
79.0000 0.2745
80.0000 0.2215
81.0000 0.1545
82.0000 0.1062
83.0000 0.0913
84.0000 0.1276
85.0000 0.1954
86.0000 0.2714
87.0000 0.3685
88.0000 0.4681
89.0000 0.5673
90.0000 0.6333
91.0000 0.6898
92.0000 0.7429
93.0000 0.7843
94.0000 0.8000
95.0000 0.7717
96.0000 0.6833
97.0000 0.6764
98.0000 0.5940
99.0000 0.5695
100.0000 0.5768
101.0000 0.6761
102.0000 0.7689
103.0000 0.8686
104.0000 0.9683
105.0000 1.0307
106.0000 1.0421
107.0000 0.9776
108.0000 0.9278
109.0000 0.8328
110.0000 0.7804
111.0000 0.8189
112.0000 0.7652
113.0000 0.6679
114.0000 0.5748
115.0000 0.4888
116.0000 0.5524
117.0000 0.5826
118.0000 0.6168
119.0000 0.7061
120.0000 0.7930
121.0000 0.7992
122.0000 0.8069
123.0000 0.9067
124.0000 0.9903
125.0000 1.0420
126.0000 0.9797
127.0000 0.8819
128.0000 0.8482
129.0000 0.8163
130.0000 0.7164
131.0000 0.6189
132.0000 0.5221
133.0000 0.4349
134.0000 0.4118
135.0000 0.4124
136.0000 0.3271
137.0000 0.3339
138.0000 0.4145
139.0000 0.5143
140.0000 0.5995
141.0000 0.6246
142.0000 0.7162
143.0000 0.8160
144.0000 0.9153
145.0000 0.9484
146.0000 0.9932
147.0000 1.0813
148.0000 1.0171
149.0000 0.9171
150.0000 0.8171
