1.0000 2.2712
2.0000 2.2816
3.0000 2.2198
4.0000 2.2228
5.0000 2.2473
6.0000 2.3435
7.0000 2.3864
8.0000 2.3484
9.0000 2.3665
10.0000 2.2869
11.0000 2.1984
12.0000 2.2046
13.0000 2.2211
14.0000 2.2769
15.0000 2.2449
16.0000 2.3175
17.0000 2.2997
18.0000 2.1997
19.0000 2.1868
20.0000 2.0892
21.0000 1.9892
22.0000 2.0192
23.0000 2.0723
24.0000 2.1332
25.0000 2.0355
26.0000 1.9475
27.0000 1.8850
28.0000 1.8263
29.0000 1.8740
30.0000 1.9478
31.0000 1.9761
32.0000 2.0760
33.0000 2.1492
34.0000 2.2053
35.0000 2.2596
36.0000 2.3516
37.0000 2.4470
38.0000 2.5326
39.0000 2.6324
40.0000 2.5340
41.0000 2.4355
42.0000 2.3452
43.0000 2.2960
44.0000 2.2441
45.0000 2.2002
46.0000 2.1146
47.0000 2.0701
48.0000 2.1355
49.0000 2.1957
50.0000 2.2579
51.0000 2.3238
52.0000 2.4236
53.0000 2.4654
54.0000 2.4346
55.0000 2.3542
56.0000 2.2704
57.0000 2.2755
58.0000 2.2478
59.0000 2.1793
60.0000 2.1759
61.0000 2.1022
62.0000 2.0669
63.0000 2.0768
64.0000 1.9777
65.0000 1.9244
66.0000 1.9068
67.0000 1.8894
68.0000 1.9785
69.0000 2.0678
70.0000 1.9837
71.0000 2.0205
72.0000 2.0860
73.0000 1.9997
74.0000 1.8997
75.0000 1.8061
76.0000 1.7136
77.0000 1.7031
78.0000 1.8003
79.0000 1.9001
80.0000 1.8754
81.0000 1.9058
82.0000 1.9315
83.0000 2.0204
84.0000 2.0077
85.0000 1.9580
86.0000 1.8991
87.0000 1.9519
88.0000 1.9894
89.0000 1.9108
90.0000 1.8149
91.0000 1.7568
92.0000 1.6837
93.0000 1.6507
94.0000 1.6392
95.0000 1.5812
96.0000 1.6784
97.0000 1.7778
98.0000 1.7837
99.0000 1.7484
100.0000 1.7874
101.0000 1.8603
102.0000 1.9600
103.0000 2.0486
104.0000 2.0859
105.0000 2.0779
106.0000 2.0238
107.0000 2.0480
108.0000 2.1183
109.0000 2.0783
110.0000 2.1000
111.0000 2.0760
112.0000 1.9774
113.0000 1.9590
114.0000 2.0080
115.0000 2.0238
116.0000 1.9417
117.0000 1.8587
118.0000 1.8465
119.0000 1.7993
120.0000 1.7396
121.0000 1.6610
122.0000 1.5611
123.0000 1.4680
124.0000 1.3781
125.0000 1.2814
126.0000 1.2041
127.0000 1.2317
128.0000 1.1491
129.0000 1.1433
130.0000 1.1444
131.0000 1.2018
132.0000 1.1717
133.0000 1.1169
134.0000 1.0267
135.0000 0.9621
136.0000 0.9579
137.0000 1.0540
138.0000 1.1538
139.0000 1.2528
140.0000 1.2885
141.0000 1.2455
142.0000 1.2426
143.0000 1.1516
144.0000 1.0517
145.0000 0.9544
146.0000 0.8784
147.0000 0.7860
148.0000 0.7469
149.0000 0.6599
150.0000 0.5658
