1.0000 2.2535
2.0000 2.2471
3.0000 2.1503
4.0000 2.1155
5.0000 2.0338
6.0000 1.9445
7.0000 1.9488
8.0000 1.9033
9.0000 1.8921
10.0000 1.8944
11.0000 1.9425
12.0000 2.0157
13.0000 1.9626
14.0000 1.9518
15.0000 1.9612
16.0000 1.9452
17.0000 1.8984
18.0000 1.9871
19.0000 2.0375
20.0000 2.1212
21.0000 2.1919
22.0000 2.2130
23.0000 2.1402
24.0000 2.1287
25.0000 2.0288
26.0000 1.9463
27.0000 1.9768
28.0000 1.9543
29.0000 1.8934
30.0000 1.9237
31.0000 1.9001
32.0000 1.8219
33.0000 1.8151
34.0000 1.8580
35.0000 1.9580
36.0000 2.0550
37.0000 2.1451
38.0000 2.0908
39.0000 2.1590
40.0000 2.2331
41.0000 2.2572
42.0000 2.2214
43.0000 2.1882
44.0000 2.1451
45.0000 2.0461
46.0000 1.9904
47.0000 1.9824
48.0000 2.0246
49.0000 2.0325
50.0000 1.9375
51.0000 1.8384
52.0000 1.7384
53.0000 1.6485
54.0000 1.5635
55.0000 1.6370
56.0000 1.6905
57.0000 1.6335
58.0000 1.7313
59.0000 1.7978
60.0000 1.8843
61.0000 1.9817
62.0000 1.9852
63.0000 1.8933
64.0000 1.7935
65.0000 1.7043
66.0000 1.6794
67.0000 1.6941
68.0000 1.6071
69.0000 1.5160
70.0000 1.4162
71.0000 1.3530
72.0000 1.2795
73.0000 1.1828
74.0000 1.1382
75.0000 1.0626
76.0000 0.9734
77.0000 0.9200
78.0000 0.8502
79.0000 0.8971
80.0000 0.9688
81.0000 1.0332
82.0000 1.0351
83.0000 0.9352
84.0000 0.9439
85.0000 0.9428
86.0000 0.9322
87.0000 0.9958
88.0000 1.0591
89.0000 1.0682
90.0000 1.1579
91.0000 1.2524
92.0000 1.3454
93.0000 1.4446
94.0000 1.5443
95.0000 1.5014
96.0000 1.4479
97.0000 1.4522
98.0000 1.5455
99.0000 1.6024
100.0000 1.7012
101.0000 1.7927
102.0000 1.8523
103.0000 1.9519
104.0000 2.0420
105.0000 2.0525
106.0000 2.0147
107.0000 2.0009
108.0000 2.0237
109.0000 2.0287
110.0000 1.9756
111.0000 1.9896
112.0000 1.9937
113.0000 1.9480
114.0000 1.9999
115.0000 1.9217
116.0000 1.8870
117.0000 1.9794
118.0000 1.9487
119.0000 1.9060
120.0000 1.9342
121.0000 1.8342
122.0000 1.7372
123.0000 1.6856
124.0000 1.5932
125.0000 1.6527
126.0000 1.5980
127.0000 1.5728
128.0000 1.5994
129.0000 1.5488
130.0000 1.4586
131.0000 1.3595
132.0000 1.3031
133.0000 1.2145
134.0000 1.1156
135.0000 1.0198
136.0000 0.9633
137.0000 0.8927
138.0000 0.9190
139.0000 0.9054
140.0000 0.8471
141.0000 0.8966
142.0000 0.8154
143.0000 0.7431
144.0000 0.6495
145.0000 0.7020
146.0000 0.7928
147.0000 0.8913
148.0000 0.9177
149.0000 0.8675
150.0000 0.7725
