1.0000 2.1486
2.0000 2.0822
3.0000 2.0259
4.0000 2.0441
5.0000 2.0549
6.0000 1.9552
7.0000 1.8625
8.0000 1.7654
9.0000 1.6873
10.0000 1.5920
11.0000 1.4937
12.0000 1.4399
13.0000 1.5362
14.0000 1.6044
15.0000 1.7024
16.0000 1.7474
17.0000 1.8390
18.0000 1.9154
19.0000 1.9400
20.0000 2.0227
21.0000 1.9678
22.0000 1.9476
23.0000 2.0207
24.0000 2.1199
25.0000 2.2182
26.0000 2.2417
27.0000 2.1467
28.0000 2.0956
29.0000 2.0195
30.0000 2.0598
31.0000 2.0835
32.0000 2.1795
33.0000 2.2322
34.0000 2.2417
35.0000 2.1512
36.0000 2.0785
37.0000 1.9985
38.0000 2.0027
39.0000 2.0225
40.0000 2.0008
41.0000 1.9090
42.0000 1.8491
43.0000 1.9479
44.0000 2.0387
45.0000 2.1283
46.0000 2.2263
47.0000 2.3262
48.0000 2.4262
49.0000 2.5127
50.0000 2.4775
51.0000 2.3779
52.0000 2.3644
53.0000 2.4057
54.0000 2.3934
55.0000 2.2948
56.0000 2.1949
57.0000 2.1054
58.0000 2.0102
59.0000 1.9220
60.0000 1.8244
61.0000 1.7301
62.0000 1.6547
63.0000 1.6213
64.0000 1.5808
65.0000 1.6604
66.0000 1.7327
67.0000 1.7628
68.0000 1.7308
69.0000 1.8107
70.0000 1.8989
71.0000 1.9497
72.0000 2.0477
73.0000 2.1128
74.0000 2.0261
75.0000 1.9308
76.0000 1.8909
77.0000 1.8501
78.0000 1.7938
79.0000 1.7016
80.0000 1.6123
81.0000 1.5185
82.0000 1.4221
83.0000 1.3489
84.0000 1.3360
85.0000 1.3147
86.0000 1.2339
87.0000 1.2437
88.0000 1.2485
89.0000 1.3448
90.0000 1.3910
91.0000 1.4356
92.0000 1.4921
93.0000 1.5644
94.0000 1.5194
95.0000 1.4828
96.0000 1.3837
97.0000 1.2946
98.0000 1.2234
99.0000 1.1892
100.0000 1.2840
101.0000 1.3807
102.0000 1.3658
103.0000 1.4009
104.0000 1.4103
105.0000 1.4906
106.0000 1.5742
107.0000 1.6670
108.0000 1.7180
109.0000 1.7545
110.0000 1.8354
111.0000 1.9292
112.0000 2.0080
113.0000 2.0862
114.0000 2.1861
115.0000 2.2623
116.0000 2.3623
117.0000 2.4550
118.0000 2.4574
119.0000 2.5200
120.0000 2.5678
121.0000 2.6677
122.0000 2.7554
123.0000 2.8330
124.0000 2.8041
125.0000 2.7841
126.0000 2.7460
127.0000 2.6790
128.0000 2.6232
129.0000 2.6923
130.0000 2.7680
131.0000 2.8407
132.0000 2.8276
133.0000 2.7334
134.0000 2.6384
135.0000 2.5440
136.0000 2.5442
137.0000 2.6198
138.0000 2.7186
139.0000 2.8170
140.0000 2.8015
141.0000 2.7288
142.0000 2.7185
143.0000 2.7802
144.0000 2.8367
145.0000 2.8858
146.0000 2.8502
147.0000 2.7502
148.0000 2.6710
149.0000 2.5851
150.0000 2.4853
