1.0000 2.1444
2.0000 2.0444
3.0000 1.9567
4.0000 1.8793
5.0000 1.7917
6.0000 1.6955
7.0000 1.6115
8.0000 1.5148
9.0000 1.4153
10.0000 1.3582
11.0000 1.2596
12.0000 1.1796
13.0000 1.1639
14.0000 1.2615
15.0000 1.3062
16.0000 1.4037
17.0000 1.4967
18.0000 1.5962
19.0000 1.6907
20.0000 1.7177
21.0000 1.7186
22.0000 1.6298
23.0000 1.5309
24.0000 1.4410
25.0000 1.3410
26.0000 1.3924
27.0000 1.4794
28.0000 1.5389
29.0000 1.6365
30.0000 1.7314
31.0000 1.8312
32.0000 1.9168
33.0000 1.9127
34.0000 1.8920
35.0000 1.9413
36.0000 1.9963
37.0000 1.9965
38.0000 1.9154
39.0000 1.8166
40.0000 1.7244
41.0000 1.6248
42.0000 1.5375
43.0000 1.4563
44.0000 1.3665
45.0000 1.3545
46.0000 1.3040
47.0000 1.2312
48.0000 1.2161
49.0000 1.2137
50.0000 1.2693
51.0000 1.3356
52.0000 1.3100
53.0000 1.2549
54.0000 1.2748
55.0000 1.3401
56.0000 1.3914
57.0000 1.4177
58.0000 1.3727
59.0000 1.4388
60.0000 1.5330
61.0000 1.5786
62.0000 1.6375
63.0000 1.6232
64.0000 1.6205
65.0000 1.7178
66.0000 1.8098
67.0000 1.8380
68.0000 1.9211
69.0000 1.8936
70.0000 1.7969
71.0000 1.6970
72.0000 1.5991
73.0000 1.5014
74.0000 1.4015
75.0000 1.3949
76.0000 1.3472
77.0000 1.2494
78.0000 1.1808
79.0000 1.2647
80.0000 1.3495
81.0000 1.3383
82.0000 1.3860
83.0000 1.4281
84.0000 1.4693
85.0000 1.5630
86.0000 1.6460
87.0000 1.6877
88.0000 1.7674
89.0000 1.8161
90.0000 1.8648
91.0000 1.9284
92.0000 1.9654
93.0000 1.9782
94.0000 2.0109
95.0000 1.9596
96.0000 1.8715
97.0000 1.7756
98.0000 1.7334
99.0000 1.7563
100.0000 1.7219
101.0000 1.6813
102.0000 1.6959
103.0000 1.6674
104.0000 1.7484
105.0000 1.6485
106.0000 1.5547
107.0000 1.4656
108.0000 1.4071
109.0000 1.3085
110.0000 1.2086
111.0000 1.1090
112.0000 1.0099
113.0000 0.9625
114.0000 1.0434
115.0000 1.1316
116.0000 1.2194
117.0000 1.3118
118.0000 1.3844
119.0000 1.4813
120.0000 1.5464
121.0000 1.6226
122.0000 1.7079
123.0000 1.7697
124.0000 1.8573
125.0000 1.9355
126.0000 1.9990
127.0000 2.0039
128.0000 1.9040
129.0000 1.8275
130.0000 1.7320
131.0000 1.6365
132.0000 1.5402
133.0000 1.5605
134.0000 1.6524
135.0000 1.7399
136.0000 1.8164
137.0000 1.8843
138.0000 1.9329
139.0000 2.0232
140.0000 1.9842
141.0000 1.9477
142.0000 1.9801
143.0000 1.8934
144.0000 1.8689
145.0000 1.8173
146.0000 1.7755
147.0000 1.8355
148.0000 1.8537
149.0000 1.9234
150.0000 2.0168
