1.0000 2.1976
2.0000 2.1570
3.0000 2.1317
4.0000 2.0580
5.0000 2.0670
6.0000 2.0889
7.0000 2.1740
8.0000 2.1025
9.0000 2.1332
10.0000 2.1445
11.0000 2.0906
12.0000 2.0211
13.0000 1.9306
14.0000 1.8432
15.0000 1.7450
16.0000 1.6599
17.0000 1.5664
18.0000 1.5740
19.0000 1.5672
20.0000 1.6074
21.0000 1.6875
22.0000 1.7859
23.0000 1.8852
24.0000 1.9850
25.0000 2.0707
26.0000 2.1675
27.0000 2.2534
28.0000 2.3438
29.0000 2.4395
30.0000 2.5278
31.0000 2.6135
32.0000 2.6968
33.0000 2.7409
34.0000 2.8281
35.0000 2.7453
36.0000 2.6528
37.0000 2.6043
38.0000 2.6600
39.0000 2.6921
40.0000 2.7317
41.0000 2.6618
42.0000 2.5820
43.0000 2.4982
44.0000 2.4555
45.0000 2.5150
46.0000 2.4932
47.0000 2.4729
48.0000 2.4155
49.0000 2.5049
50.0000 2.6045
51.0000 2.5792
52.0000 2.4861
53.0000 2.4406
54.0000 2.3696
55.0000 2.4362
56.0000 2.3590
57.0000 2.2765
58.0000 2.1817
59.0000 2.2011
60.0000 2.2525
61.0000 2.1963
62.0000 2.2802
63.0000 2.2985
64.0000 2.3409
65.0000 2.3881
66.0000 2.4865
67.0000 2.5017
68.0000 2.5958
69.0000 2.6548
70.0000 2.5782
71.0000 2.5093
72.0000 2.4476
73.0000 2.3478
74.0000 2.3507
75.0000 2.2846
76.0000 2.1848
77.0000 2.1047
78.0000 2.1866
79.0000 2.2595
80.0000 2.2724
81.0000 2.2603
82.0000 2.1738
83.0000 2.1204
84.0000 2.0540
85.0000 2.0816
86.0000 2.0496
87.0000 2.1397
88.0000 2.2293
89.0000 2.2513
90.0000 2.2409
91.0000 2.2270
92.0000 2.2865
93.0000 2.3816
94.0000 2.4679
95.0000 2.5657
96.0000 2.5512
97.0000 2.4655
98.0000 2.3726
99.0000 2.2957
100.0000 2.2058
101.0000 2.1748
102.0000 2.2111
103.0000 2.2035
104.0000 2.2755
105.0000 2.3677
106.0000 2.4550
107.0000 2.5396
108.0000 2.6021
109.0000 2.5729
110.0000 2.5485
111.0000 2.4831
112.0000 2.5828
113.0000 2.6698
114.0000 2.7624
115.0000 2.8622
116.0000 2.7995
117.0000 2.7013
118.0000 2.6361
119.0000 2.5367
120.0000 2.4512
121.0000 2.3513
122.0000 2.2861
123.0000 2.2421
124.0000 2.2168
125.0000 2.2772
126.0000 2.3749
127.0000 2.4743
128.0000 2.5457
129.0000 2.5556
130.0000 2.5001
131.0000 2.4492
132.0000 2.4348
133.0000 2.4231
134.0000 2.4811
135.0000 2.5301
136.0000 2.4303
137.0000 2.3366
138.0000 2.2386
139.0000 2.2805
140.0000 2.3560
141.0000 2.4553
142.0000 2.5475
143.0000 2.6032
144.0000 2.6994
145.0000 2.7883
146.0000 2.7349
147.0000 2.7487
148.0000 2.8362
149.0000 2.7659
150.0000 2.7539
