1.0000 2.1559
2.0000 2.0720
3.0000 2.0531
4.0000 2.1347
5.0000 2.2343
6.0000 2.2246
7.0000 2.1374
8.0000 2.0374
9.0000 1.9771
10.0000 1.9362
11.0000 1.8362
12.0000 1.8577
13.0000 1.9577
14.0000 1.9932
15.0000 2.0921
16.0000 2.1414
17.0000 2.0839
18.0000 1.9871
19.0000 1.8935
20.0000 1.8059
21.0000 1.7154
22.0000 1.7784
23.0000 1.8447
24.0000 1.8264
25.0000 1.7747
26.0000 1.6854
27.0000 1.7375
28.0000 1.7880
29.0000 1.8151
30.0000 1.7785
31.0000 1.6971
32.0000 1.6547
33.0000 1.6203
34.0000 1.5504
35.0000 1.4526
36.0000 1.3598
37.0000 1.3788
38.0000 1.4707
39.0000 1.5702
40.0000 1.6271
41.0000 1.6015
42.0000 1.5183
43.0000 1.5470
44.0000 1.5359
45.0000 1.6079
46.0000 1.7079
47.0000 1.7811
48.0000 1.7290
49.0000 1.8022
50.0000 1.8854
51.0000 1.9660
52.0000 2.0364
53.0000 2.0561
54.0000 2.0427
55.0000 2.1095
56.0000 2.1940
57.0000 2.1299
58.0000 2.1548
59.0000 2.0877
60.0000 2.0395
61.0000 2.0226
62.0000 2.0670
63.0000 2.0387
64.0000 2.0494
65.0000 2.1348
66.0000 2.2228
67.0000 2.2399
68.0000 2.3052
69.0000 2.3698
70.0000 2.2698
71.0000 2.1978
72.0000 2.0979
73.0000 2.0040
74.0000 1.9542
75.0000 1.9357
76.0000 1.8629
77.0000 1.9629
78.0000 2.0502
79.0000 2.0388
80.0000 2.1210
81.0000 2.2174
82.0000 2.1344
83.0000 2.0447
84.0000 2.0402
85.0000 1.9403
86.0000 1.8496
87.0000 1.8489
88.0000 1.9089
89.0000 1.9956
90.0000 2.0140
91.0000 2.0185
92.0000 1.9322
93.0000 1.8698
94.0000 1.7698
95.0000 1.7391
96.0000 1.7664
97.0000 1.7583
98.0000 1.8048
99.0000 1.7118
100.0000 1.6395
101.0000 1.5397
102.0000 1.4616
103.0000 1.3975
104.0000 1.4110
105.0000 1.3166
106.0000 1.2286
107.0000 1.1383
108.0000 1.0472
109.0000 1.1305
110.0000 1.2294
111.0000 1.3216
112.0000 1.3898
113.0000 1.3918
114.0000 1.3019
115.0000 1.2671
116.0000 1.1719
117.0000 1.0992
118.0000 1.1007
119.0000 1.0278
120.0000 0.9846
121.0000 0.9237
122.0000 0.9577
123.0000 0.8958
124.0000 0.8597
125.0000 0.7606
126.0000 0.7215
127.0000 0.7295
128.0000 0.6638
129.0000 0.7310
130.0000 0.8290
131.0000 0.7504
132.0000 0.7723
133.0000 0.8524
134.0000 0.9172
135.0000 0.9900
136.0000 1.0817
137.0000 1.1353
138.0000 1.0900
139.0000 1.0009
140.0000 0.9125
141.0000 0.8143
142.0000 0.7941
143.0000 0.8490
144.0000 0.9192
145.0000 0.8985
146.0000 0.8033
147.0000 0.7041
148.0000 0.6123
149.0000 0.5269
150.0000 0.4340
