1.0000 2.1552
2.0000 2.0627
3.0000 2.0047
4.0000 2.0167
5.0000 2.0370
6.0000 2.1362
7.0000 2.1762
8.0000 2.2732
9.0000 2.3204
10.0000 2.2344
11.0000 2.1364
12.0000 2.0453
13.0000 2.0413
14.0000 2.1235
15.0000 2.1512
16.0000 2.1905
17.0000 2.2252
18.0000 2.2638
19.0000 2.2214
20.0000 2.2218
21.0000 2.2262
22.0000 2.2836
23.0000 2.3800
24.0000 2.4552
25.0000 2.5421
26.0000 2.6405
27.0000 2.6651
28.0000 2.5660
29.0000 2.4673
30.0000 2.5656
31.0000 2.6603
32.0000 2.6233
33.0000 2.6431
34.0000 2.7111
35.0000 2.6514
36.0000 2.5568
37.0000 2.4632
38.0000 2.3799
39.0000 2.3818
40.0000 2.3887
41.0000 2.4352
42.0000 2.4103
43.0000 2.4490
44.0000 2.5457
45.0000 2.6265
46.0000 2.7263
47.0000 2.8156
48.0000 2.7890
49.0000 2.6912
50.0000 2.6387
51.0000 2.5412
52.0000 2.5384
53.0000 2.4389
54.0000 2.3426
55.0000 2.2501
56.0000 2.1505
57.0000 2.0757
58.0000 1.9921
59.0000 1.9436
60.0000 1.8815
61.0000 1.8490
62.0000 1.8440
63.0000 1.9439
64.0000 1.9556
65.0000 2.0556
66.0000 1.9852
67.0000 1.8862
68.0000 1.8854
69.0000 1.7987
70.0000 1.6991
71.0000 1.6166
72.0000 1.5593
73.0000 1.4754
74.0000 1.3761
75.0000 1.3276
76.0000 1.4087
77.0000 1.4469
78.0000 1.3577
79.0000 1.2858
80.0000 1.1938
81.0000 1.0940
82.0000 1.0208
83.0000 1.0197
84.0000 0.9271
85.0000 0.8353
86.0000 0.7418
87.0000 0.6520
88.0000 0.6356
89.0000 0.5731
90.0000 0.5004
91.0000 0.4455
92.0000 0.4835
93.0000 0.3851
94.0000 0.3808
95.0000 0.4497
96.0000 0.5387
97.0000 0.6387
98.0000 0.7139
99.0000 0.7861
100.0000 0.7638
101.0000 0.8638
102.0000 0.9364
103.0000 1.0330
104.0000 1.1315
105.0000 1.2301
106.0000 1.3204
107.0000 1.3422
108.0000 1.2836
109.0000 1.2364
110.0000 1.2062
111.0000 1.2202
112.0000 1.2790
113.0000 1.3718
114.0000 1.4103
115.0000 1.3121
116.0000 1.2461
117.0000 1.2562
118.0000 1.3152
119.0000 1.3445
120.0000 1.4124
121.0000 1.4955
122.0000 1.4476
123.0000 1.5465
124.0000 1.6445
125.0000 1.7236
126.0000 1.7761
127.0000 1.7542
128.0000 1.6982
129.0000 1.7026
130.0000 1.7378
131.0000 1.6886
132.0000 1.6040
133.0000 1.5106
134.0000 1.4172
135.0000 1.3891
136.0000 1.4554
137.0000 1.5530
138.0000 1.4761
139.0000 1.4488
140.0000 1.5404
141.0000 1.5846
142.0000 1.6087
143.0000 1.6736
144.0000 1.7103
145.0000 1.7129
146.0000 1.7956
147.0000 1.8201
148.0000 1.8828
149.0000 1.9815
150.0000 2.0740
