1.0000 2.1431
2.0000 2.1751
3.0000 2.2738
4.0000 2.2150
5.0000 2.1582
6.0000 2.0729
7.0000 1.9783
8.0000 1.8823
9.0000 1.7881
10.0000 1.7245
11.0000 1.6268
12.0000 1.5320
13.0000 1.4600
14.0000 1.3650
15.0000 1.2725
16.0000 1.1727
17.0000 1.1640
18.0000 1.1854
19.0000 1.1327
20.0000 1.0891
21.0000 1.0921
22.0000 0.9936
23.0000 0.9717
24.0000 0.9403
25.0000 1.0261
26.0000 1.1145
27.0000 1.2144
28.0000 1.2852
29.0000 1.3763
30.0000 1.4759
31.0000 1.5710
32.0000 1.6619
33.0000 1.7493
34.0000 1.7866
35.0000 1.6891
36.0000 1.5954
37.0000 1.5630
38.0000 1.4977
39.0000 1.4022
40.0000 1.3079
41.0000 1.2683
42.0000 1.2078
43.0000 1.2216
44.0000 1.3114
45.0000 1.4075
46.0000 1.5030
47.0000 1.5960
48.0000 1.6906
49.0000 1.7756
50.0000 1.8245
51.0000 1.8637
52.0000 1.7956
53.0000 1.6977
54.0000 1.6222
55.0000 1.6373
56.0000 1.6459
57.0000 1.6004
58.0000 1.5163
59.0000 1.4337
60.0000 1.3431
61.0000 1.3746
62.0000 1.3694
63.0000 1.3518
64.0000 1.3602
65.0000 1.2709
66.0000 1.2437
67.0000 1.2034
68.0000 1.1550
69.0000 1.0774
70.0000 1.1460
71.0000 1.1393
72.0000 1.1757
73.0000 1.0912
74.0000 1.0033
75.0000 0.9101
76.0000 0.8701
77.0000 0.9138
78.0000 0.9994
79.0000 1.0909
80.0000 1.1623
81.0000 1.2391
82.0000 1.2525
83.0000 1.3004
84.0000 1.2289
85.0000 1.2357
86.0000 1.2041
87.0000 1.1079
88.0000 1.0766
89.0000 1.0629
90.0000 1.0542
91.0000 1.0589
92.0000 1.0131
93.0000 0.9246
94.0000 0.8247
95.0000 0.7539
96.0000 0.6539
97.0000 0.5651
98.0000 0.4853
99.0000 0.3911
100.0000 0.2933
101.0000 0.2075
102.0000 0.1342
103.0000 0.1349
104.0000 0.1207
105.0000 0.2207
106.0000 0.3185
107.0000 0.4165
108.0000 0.5147
109.0000 0.6013
110.0000 0.5036
111.0000 0.4539
112.0000 0.3763
113.0000 0.3819
114.0000 0.3351
115.0000 0.2921
116.0000 0.2497
117.0000 0.1835
118.0000 0.0941
119.0000 0.0702
120.0000 0.1541
121.0000 0.2348
122.0000 0.2223
123.0000 0.2536
124.0000 0.3210
125.0000 0.3652
126.0000 0.4651
127.0000 0.5492
128.0000 0.6141
129.0000 0.6300
130.0000 0.6100
131.0000 0.6222
132.0000 0.5442
133.0000 0.4444
134.0000 0.3475
135.0000 0.2766
136.0000 0.3764
137.0000 0.4669
138.0000 0.5199
139.0000 0.6132
140.0000 0.6781
141.0000 0.6669
142.0000 0.6764
143.0000 0.6990
144.0000 0.6658
145.0000 0.7210
146.0000 0.8182
147.0000 0.9025
148.0000 0.9875
149.0000 1.0805
150.0000 1.1748
