1.0000 2.1945
2.0000 2.1609
3.0000 2.0791
4.0000 2.1044
5.0000 2.0334
6.0000 1.9513
7.0000 2.0485
8.0000 2.1356
9.0000 2.2350
10.0000 2.2677
11.0000 2.1820
12.0000 2.1014
13.0000 2.0468
14.0000 1.9477
15.0000 1.9506
16.0000 1.9729
17.0000 2.0271
18.0000 1.9325
19.0000 1.8846
20.0000 1.7860
21.0000 1.7435
22.0000 1.7553
23.0000 1.6989
24.0000 1.6088
25.0000 1.5991
26.0000 1.5572
27.0000 1.6238
28.0000 1.6635
29.0000 1.7165
30.0000 1.8143
31.0000 1.9143
32.0000 2.0078
33.0000 2.0098
34.0000 1.9298
35.0000 1.8969
36.0000 1.9514
37.0000 2.0022
38.0000 2.0336
39.0000 1.9579
40.0000 1.9180
41.0000 1.9143
42.0000 1.8151
43.0000 1.7197
44.0000 1.6200
45.0000 1.6240
46.0000 1.5458
47.0000 1.5248
48.0000 1.5428
49.0000 1.6427
50.0000 1.7405
51.0000 1.8337
52.0000 1.9178
53.0000 2.0008
54.0000 1.9620
55.0000 1.9109
56.0000 1.8980
57.0000 1.8350
58.0000 1.8017
59.0000 1.7478
60.0000 1.7478
61.0000 1.7585
62.0000 1.7672
63.0000 1.6910
64.0000 1.5940
65.0000 1.5911
66.0000 1.5159
67.0000 1.4721
68.0000 1.3804
69.0000 1.3618
70.0000 1.3279
71.0000 1.2577
72.0000 1.1665
73.0000 1.1683
74.0000 1.2611
75.0000 1.1989
76.0000 1.1510
77.0000 1.0892
78.0000 1.1586
79.0000 1.2550
80.0000 1.3045
81.0000 1.2181
82.0000 1.1645
83.0000 1.1092
84.0000 1.0489
85.0000 0.9491
86.0000 0.8654
87.0000 0.8092
88.0000 0.7502
89.0000 0.6594
90.0000 0.5638
91.0000 0.4641
92.0000 0.4595
93.0000 0.4362
94.0000 0.5336
95.0000 0.6190
96.0000 0.7076
97.0000 0.8030
98.0000 0.8959
99.0000 0.9657
100.0000 1.0213
101.0000 1.1133
102.0000 1.1830
103.0000 1.2799
104.0000 1.3798
105.0000 1.4577
106.0000 1.5235
107.0000 1.6231
108.0000 1.7150
109.0000 1.8150
110.0000 1.8857
111.0000 1.9639
112.0000 2.0305
113.0000 2.0906
114.0000 2.1712
115.0000 2.2048
116.0000 2.1073
117.0000 2.1038
118.0000 2.0623
119.0000 2.0926
120.0000 2.1430
121.0000 2.0835
122.0000 2.0040
123.0000 1.9557
124.0000 1.9692
125.0000 1.9761
126.0000 2.0505
127.0000 1.9960
128.0000 1.9784
129.0000 2.0652
130.0000 2.0421
131.0000 2.1344
132.0000 2.2137
133.0000 2.2362
134.0000 2.3081
135.0000 2.4078
136.0000 2.5037
137.0000 2.5926
138.0000 2.6901
139.0000 2.7850
140.0000 2.8379
141.0000 2.9168
142.0000 3.0139
143.0000 3.1006
144.0000 3.0594
145.0000 3.0573
146.0000 3.0868
147.0000 3.1370
148.0000 3.2082
149.0000 3.2569
150.0000 3.2720
