1.0000 2.2236
2.0000 2.2503
3.0000 2.2347
4.0000 2.1351
5.0000 2.1061
6.0000 2.0720
7.0000 1.9973
8.0000 2.0398
9.0000 1.9546
10.0000 1.8750
11.0000 1.8543
12.0000 1.8335
13.0000 1.7806
14.0000 1.6924
15.0000 1.6074
16.0000 1.5239
17.0000 1.4364
18.0000 1.4531
19.0000 1.3534
20.0000 1.2896
21.0000 1.2649
22.0000 1.2965
23.0000 1.2601
24.0000 1.2723
25.0000 1.2740
26.0000 1.1886
27.0000 1.1208
28.0000 1.0324
29.0000 0.9331
30.0000 0.8800
31.0000 0.8471
32.0000 0.7653
33.0000 0.6694
34.0000 0.5696
35.0000 0.4863
36.0000 0.3875
37.0000 0.3230
38.0000 0.3052
39.0000 0.3983
40.0000 0.4669
41.0000 0.4719
42.0000 0.4490
43.0000 0.4518
44.0000 0.4179
45.0000 0.4979
46.0000 0.5748
47.0000 0.6726
48.0000 0.6690
49.0000 0.6853
50.0000 0.6986
51.0000 0.6619
52.0000 0.6575
53.0000 0.7453
54.0000 0.8423
55.0000 0.8951
56.0000 0.9695
57.0000 1.0592
58.0000 1.1582
59.0000 1.2523
60.0000 1.3031
61.0000 1.3531
62.0000 1.3855
63.0000 1.4706
64.0000 1.5211
65.0000 1.5618
66.0000 1.5582
67.0000 1.6463
68.0000 1.7463
69.0000 1.8231
70.0000 1.9007
71.0000 2.0005
72.0000 2.0728
73.0000 2.1694
74.0000 2.1455
75.0000 2.1592
76.0000 2.1229
77.0000 2.0391
78.0000 2.0311
79.0000 2.0115
80.0000 2.0112
81.0000 2.0947
82.0000 2.0468
83.0000 1.9698
84.0000 1.8796
85.0000 1.8269
86.0000 1.8309
87.0000 1.7379
88.0000 1.6945
89.0000 1.7792
90.0000 1.8757
91.0000 1.9271
92.0000 2.0200
93.0000 2.1191
94.0000 2.0915
95.0000 2.0089
96.0000 2.0917
97.0000 2.0439
98.0000 1.9733
99.0000 1.8734
100.0000 1.7896
101.0000 1.6897
102.0000 1.6015
103.0000 1.5921
104.0000 1.5837
105.0000 1.6837
106.0000 1.7706
107.0000 1.8697
108.0000 1.9615
109.0000 1.9880
110.0000 1.9773
111.0000 1.9097
112.0000 1.9654
113.0000 1.9563
114.0000 2.0050
115.0000 2.0029
116.0000 2.0002
117.0000 1.9326
118.0000 1.8455
119.0000 1.7608
120.0000 1.6615
121.0000 1.5634
122.0000 1.4874
123.0000 1.3879
124.0000 1.3670
125.0000 1.3165
126.0000 1.2225
127.0000 1.1237
128.0000 1.0585
129.0000 0.9604
130.0000 0.8610
131.0000 0.7891
132.0000 0.6963
133.0000 0.6142
134.0000 0.6454
135.0000 0.6992
136.0000 0.7635
137.0000 0.8632
138.0000 0.9509
139.0000 1.0122
140.0000 0.9805
141.0000 1.0700
142.0000 1.1611
143.0000 1.2607
144.0000 1.3409
145.0000 1.4409
146.0000 1.5256
147.0000 1.6246
148.0000 1.6976
149.0000 1.7405
150.0000 1.8109
