1.0000 2.2041
2.0000 2.2240
3.0000 2.2348
4.0000 2.1684
5.0000 2.0840
6.0000 2.1477
7.0000 2.2473
8.0000 2.2666
9.0000 2.1766
10.0000 2.1387
11.0000 2.1504
12.0000 2.2182
13.0000 2.2637
14.0000 2.3049
15.0000 2.4036
16.0000 2.4909
17.0000 2.5807
18.0000 2.6529
19.0000 2.6096
20.0000 2.5504
21.0000 2.4558
22.0000 2.5242
23.0000 2.4821
24.0000 2.4428
25.0000 2.5119
26.0000 2.4578
27.0000 2.3620
28.0000 2.2680
29.0000 2.1766
30.0000 2.0831
31.0000 2.0323
32.0000 2.0457
33.0000 2.0246
34.0000 2.0032
35.0000 1.9380
36.0000 1.8605
37.0000 1.7764
38.0000 1.6930
39.0000 1.6254
40.0000 1.5259
41.0000 1.4719
42.0000 1.4421
43.0000 1.4747
44.0000 1.4043
45.0000 1.3123
46.0000 1.2310
47.0000 1.1322
48.0000 1.0415
49.0000 0.9426
50.0000 0.8548
51.0000 0.7561
52.0000 0.7104
53.0000 0.6674
54.0000 0.5958
55.0000 0.5123
56.0000 0.5892
57.0000 0.6696
58.0000 0.7089
59.0000 0.7948
60.0000 0.8309
61.0000 0.9221
62.0000 0.8752
63.0000 0.8524
64.0000 0.8381
65.0000 0.8845
66.0000 0.8399
67.0000 0.7531
68.0000 0.7033
69.0000 0.7112
70.0000 0.7290
71.0000 0.6945
72.0000 0.7199
73.0000 0.7585
74.0000 0.8569
75.0000 0.9565
76.0000 1.0025
77.0000 1.0148
78.0000 0.9269
79.0000 0.8535
80.0000 0.7753
81.0000 0.8530
82.0000 0.9212
83.0000 1.0120
84.0000 1.1120
85.0000 1.2120
86.0000 1.2166
87.0000 1.2205
88.0000 1.1497
89.0000 1.0779
90.0000 0.9802
91.0000 0.8907
92.0000 0.8026
93.0000 0.7028
94.0000 0.7283
95.0000 0.7729
96.0000 0.7271
97.0000 0.7198
98.0000 0.6238
99.0000 0.5349
100.0000 0.4484
101.0000 0.3538
102.0000 0.2641
103.0000 0.2795
104.0000 0.3568
105.0000 0.4505
106.0000 0.5362
107.0000 0.4967
108.0000 0.3984
109.0000 0.3118
110.0000 0.2119
111.0000 0.1123
112.0000 0.0395
113.0000 0.1189
114.0000 0.2186
115.0000 0.3174
116.0000 0.3984
117.0000 0.4984
118.0000 0.5910
119.0000 0.6840
120.0000 0.7712
121.0000 0.8704
122.0000 0.9447
123.0000 1.0377
124.0000 1.1294
125.0000 1.2123
126.0000 1.3113
127.0000 1.3814
128.0000 1.4273
129.0000 1.4460
130.0000 1.5319
131.0000 1.5900
132.0000 1.6332
133.0000 1.5592
134.0000 1.4681
135.0000 1.3694
136.0000 1.3599
137.0000 1.4142
138.0000 1.4213
139.0000 1.4300
140.0000 1.3437
141.0000 1.2678
142.0000 1.2150
143.0000 1.1804
144.0000 1.2787
145.0000 1.3615
146.0000 1.4499
147.0000 1.5296
148.0000 1.6274
149.0000 1.7158
150.0000 1.7208
