1.0000 2.1788
2.0000 2.0807
3.0000 1.9845
4.0000 1.9515
5.0000 2.0186
6.0000 1.9396
7.0000 1.8733
8.0000 1.8753
9.0000 1.9736
10.0000 2.0702
11.0000 2.1237
12.0000 2.1189
13.0000 2.1360
14.0000 2.2330
15.0000 2.2524
16.0000 2.3378
17.0000 2.3311
18.0000 2.2342
19.0000 2.1364
20.0000 2.0428
21.0000 2.0125
22.0000 1.9345
23.0000 1.8400
24.0000 1.7555
25.0000 1.6575
26.0000 1.5628
27.0000 1.4720
28.0000 1.4087
29.0000 1.3979
30.0000 1.4773
31.0000 1.5654
32.0000 1.6476
33.0000 1.6990
34.0000 1.6061
35.0000 1.5062
36.0000 1.4260
37.0000 1.4074
38.0000 1.4896
39.0000 1.5505
40.0000 1.5587
41.0000 1.6385
42.0000 1.7359
43.0000 1.8359
44.0000 1.8983
45.0000 1.9629
46.0000 1.9072
47.0000 1.8912
48.0000 1.8542
49.0000 1.9535
50.0000 2.0113
51.0000 2.1069
52.0000 2.1324
53.0000 2.0332
54.0000 1.9679
55.0000 2.0464
56.0000 2.1395
57.0000 2.2083
58.0000 2.1114
59.0000 2.0129
60.0000 1.9321
61.0000 1.8794
62.0000 1.8901
63.0000 1.9284
64.0000 1.9735
65.0000 1.9843
66.0000 1.9844
67.0000 1.9529
68.0000 1.9319
69.0000 1.9857
70.0000 1.8885
71.0000 1.8114
72.0000 1.7117
73.0000 1.6752
74.0000 1.7318
75.0000 1.8267
76.0000 1.9235
77.0000 1.9991
78.0000 2.0444
79.0000 1.9981
80.0000 1.8985
81.0000 1.8694
82.0000 1.8464
83.0000 1.8834
84.0000 1.9274
85.0000 1.9601
86.0000 1.8767
87.0000 1.7967
88.0000 1.6968
89.0000 1.6133
90.0000 1.5194
91.0000 1.4205
92.0000 1.4188
93.0000 1.4179
94.0000 1.5176
95.0000 1.5691
96.0000 1.6670
97.0000 1.7589
98.0000 1.8529
99.0000 1.9462
100.0000 1.9281
101.0000 2.0229
102.0000 1.9449
103.0000 1.8515
104.0000 1.9245
105.0000 2.0107
106.0000 1.9531
107.0000 1.8996
108.0000 1.9069
109.0000 1.9991
110.0000 1.9827
111.0000 1.9555
112.0000 1.9448
113.0000 2.0108
114.0000 1.9776
115.0000 1.8783
116.0000 1.8048
117.0000 1.9001
118.0000 1.9950
119.0000 1.9896
120.0000 1.9026
121.0000 1.8410
122.0000 1.7481
123.0000 1.6717
124.0000 1.5772
125.0000 1.5271
126.0000 1.4996
127.0000 1.4885
128.0000 1.5776
129.0000 1.6454
130.0000 1.7335
131.0000 1.7918
132.0000 1.8691
133.0000 1.9645
134.0000 2.0570
135.0000 2.0164
136.0000 1.9165
137.0000 1.8211
138.0000 1.7414
139.0000 1.6970
140.0000 1.6436
141.0000 1.5803
142.0000 1.4807
143.0000 1.3885
144.0000 1.3092
145.0000 1.2408
146.0000 1.3180
147.0000 1.4082
148.0000 1.4661
149.0000 1.4865
150.0000 1.4329
