1.0000 2.1440
2.0000 2.0441
3.0000 2.0039
4.0000 2.0790
5.0000 2.1031
6.0000 2.0103
7.0000 1.9401
8.0000 1.8955
9.0000 1.9002
10.0000 1.8620
11.0000 1.7756
12.0000 1.7209
13.0000 1.7146
14.0000 1.7867
15.0000 1.8151
16.0000 1.9008
17.0000 1.8686
18.0000 1.9197
19.0000 1.9931
20.0000 2.0260
21.0000 1.9401
22.0000 1.8491
23.0000 1.7742
24.0000 1.7300
25.0000 1.7499
26.0000 1.8368
27.0000 1.9069
28.0000 1.9973
29.0000 1.9883
30.0000 1.9797
31.0000 1.8826
32.0000 1.8177
33.0000 1.7892
34.0000 1.8025
35.0000 1.8855
36.0000 1.9613
37.0000 1.9425
38.0000 1.8426
39.0000 1.8634
40.0000 1.7926
41.0000 1.7064
42.0000 1.6191
43.0000 1.5454
44.0000 1.5790
45.0000 1.6682
46.0000 1.7131
47.0000 1.6897
48.0000 1.6905
49.0000 1.5969
50.0000 1.5439
51.0000 1.5780
52.0000 1.6623
53.0000 1.7424
54.0000 1.7186
55.0000 1.7464
56.0000 1.8184
57.0000 1.7658
58.0000 1.7360
59.0000 1.7363
60.0000 1.7812
61.0000 1.8423
62.0000 1.9384
63.0000 1.9982
64.0000 2.0106
65.0000 1.9143
66.0000 1.8244
67.0000 1.7260
68.0000 1.6775
69.0000 1.5775
70.0000 1.4885
71.0000 1.4723
72.0000 1.3836
73.0000 1.2855
74.0000 1.1861
75.0000 1.0885
76.0000 0.9982
77.0000 0.8990
78.0000 0.8496
79.0000 0.8649
80.0000 0.8611
81.0000 0.8784
82.0000 0.8804
83.0000 0.9697
84.0000 1.0336
85.0000 1.1336
86.0000 1.2287
87.0000 1.1967
88.0000 1.2665
89.0000 1.3574
90.0000 1.4300
91.0000 1.3738
92.0000 1.2757
93.0000 1.2017
94.0000 1.1135
95.0000 1.0544
96.0000 0.9650
97.0000 0.8662
98.0000 0.7788
99.0000 0.7167
100.0000 0.7290
101.0000 0.8131
102.0000 0.8466
103.0000 0.9406
104.0000 1.0405
105.0000 1.1141
106.0000 1.2005
107.0000 1.2851
108.0000 1.3847
109.0000 1.4843
110.0000 1.5125
111.0000 1.5752
112.0000 1.6497
113.0000 1.7322
114.0000 1.8014
115.0000 1.8105
116.0000 1.8085
117.0000 1.8999
118.0000 1.9845
119.0000 2.0845
120.0000 2.1291
121.0000 2.0790
122.0000 2.0635
123.0000 1.9636
124.0000 2.0219
125.0000 1.9880
126.0000 1.9548
127.0000 1.8632
128.0000 1.8187
129.0000 1.8791
130.0000 1.8423
131.0000 1.7737
132.0000 1.7502
133.0000 1.6725
134.0000 1.5876
135.0000 1.5904
136.0000 1.6703
137.0000 1.7668
138.0000 1.8590
139.0000 1.9514
140.0000 2.0337
141.0000 1.9608
142.0000 2.0048
143.0000 1.9190
144.0000 1.8466
145.0000 1.8173
146.0000 1.7518
147.0000 1.8398
148.0000 1.7944
149.0000 1.8597
150.0000 1.9444
