1.0000 2.1665
2.0000 2.0722
3.0000 1.9760
4.0000 1.9454
5.0000 1.8731
6.0000 1.8612
7.0000 1.9587
8.0000 2.0226
9.0000 2.1184
10.0000 2.1416
11.0000 2.0899
12.0000 2.1042
13.0000 2.1107
14.0000 2.1411
15.0000 2.0661
16.0000 1.9680
17.0000 2.0029
18.0000 1.9769
19.0000 2.0091
20.0000 1.9160
21.0000 1.8771
22.0000 1.9442
23.0000 1.9547
24.0000 2.0043
25.0000 2.0602
26.0000 2.0762
27.0000 2.1761
28.0000 2.1672
29.0000 2.0926
30.0000 1.9931
31.0000 1.9240
32.0000 1.8328
33.0000 1.7600
34.0000 1.7772
35.0000 1.8108
36.0000 1.8112
37.0000 1.8662
38.0000 1.9654
39.0000 1.9760
40.0000 1.9492
41.0000 1.9677
42.0000 1.8713
43.0000 1.7822
44.0000 1.8124
45.0000 1.9079
46.0000 2.0006
47.0000 1.9428
48.0000 1.8601
49.0000 1.7649
50.0000 1.6683
51.0000 1.5964
52.0000 1.5097
53.0000 1.4250
54.0000 1.3619
55.0000 1.2643
56.0000 1.1672
57.0000 1.0776
58.0000 0.9940
59.0000 1.0184
60.0000 1.0396
61.0000 0.9399
62.0000 0.8399
63.0000 0.7487
64.0000 0.7395
65.0000 0.7462
66.0000 0.8329
67.0000 0.9022
68.0000 0.9909
69.0000 1.0866
70.0000 1.1089
71.0000 1.0617
72.0000 1.0707
73.0000 1.0664
74.0000 1.0645
75.0000 0.9799
76.0000 1.0190
77.0000 0.9528
78.0000 0.9764
79.0000 1.0280
80.0000 1.0302
81.0000 0.9322
82.0000 0.8843
83.0000 0.9370
84.0000 1.0141
85.0000 1.0448
86.0000 1.0057
87.0000 1.0144
88.0000 1.0949
89.0000 1.1499
90.0000 1.2430
91.0000 1.3252
92.0000 1.4038
93.0000 1.4115
94.0000 1.4377
95.0000 1.4935
96.0000 1.4824
97.0000 1.4237
98.0000 1.3795
99.0000 1.3970
100.0000 1.2992
101.0000 1.2049
102.0000 1.1838
103.0000 1.1294
104.0000 1.1673
105.0000 1.1712
106.0000 1.2234
107.0000 1.2813
108.0000 1.3811
109.0000 1.4740
110.0000 1.5741
111.0000 1.6599
112.0000 1.7400
113.0000 1.7976
114.0000 1.8048
115.0000 1.8808
116.0000 1.8997
117.0000 1.9037
118.0000 2.0037
119.0000 1.9599
120.0000 1.8621
121.0000 1.7759
122.0000 1.7457
123.0000 1.6572
124.0000 1.5626
125.0000 1.5169
126.0000 1.5209
127.0000 1.6058
128.0000 1.6584
129.0000 1.7157
130.0000 1.7648
131.0000 1.7513
132.0000 1.7832
133.0000 1.8253
134.0000 1.8196
135.0000 1.8481
136.0000 1.9426
137.0000 2.0426
138.0000 2.0940
139.0000 2.1082
140.0000 2.0969
141.0000 1.9986
142.0000 1.9166
143.0000 1.8573
144.0000 1.8284
145.0000 1.8994
146.0000 1.9323
147.0000 1.8672
148.0000 1.7683
149.0000 1.6691
150.0000 1.6265
