1.0000 2.1391
2.0000 2.0429
3.0000 2.0292
4.0000 2.0446
5.0000 1.9970
6.0000 2.0313
7.0000 2.0135
8.0000 1.9776
9.0000 1.9474
10.0000 1.8479
11.0000 1.7514
12.0000 1.8101
13.0000 1.9101
14.0000 1.9732
15.0000 2.0114
16.0000 1.9378
17.0000 1.8554
18.0000 1.8692
19.0000 1.8560
20.0000 1.7560
21.0000 1.6757
22.0000 1.5906
23.0000 1.6569
24.0000 1.6970
25.0000 1.6265
26.0000 1.5458
27.0000 1.4877
28.0000 1.4194
29.0000 1.4281
30.0000 1.3901
31.0000 1.3117
32.0000 1.2213
33.0000 1.2272
34.0000 1.2192
35.0000 1.1665
36.0000 1.0670
37.0000 1.0215
38.0000 0.9604
39.0000 0.8837
40.0000 0.9282
41.0000 1.0115
42.0000 1.1112
43.0000 1.1863
44.0000 1.2160
45.0000 1.2065
46.0000 1.2202
47.0000 1.1909
48.0000 1.2184
49.0000 1.2491
50.0000 1.3491
51.0000 1.4129
52.0000 1.4817
53.0000 1.4706
54.0000 1.5703
55.0000 1.6439
56.0000 1.7165
57.0000 1.7577
58.0000 1.8217
59.0000 1.7386
60.0000 1.7083
61.0000 1.7088
62.0000 1.6322
63.0000 1.5452
64.0000 1.4795
65.0000 1.4336
66.0000 1.3497
67.0000 1.3192
68.0000 1.2435
69.0000 1.2152
70.0000 1.2689
71.0000 1.3210
72.0000 1.3182
73.0000 1.2513
74.0000 1.2664
75.0000 1.2463
76.0000 1.2069
77.0000 1.2489
78.0000 1.2997
79.0000 1.3923
80.0000 1.3423
81.0000 1.2462
82.0000 1.2189
83.0000 1.3118
84.0000 1.3973
85.0000 1.4057
86.0000 1.4120
87.0000 1.3648
88.0000 1.2652
89.0000 1.1660
90.0000 1.0884
91.0000 1.0427
92.0000 1.0358
93.0000 0.9763
94.0000 0.8780
95.0000 0.7781
96.0000 0.6784
97.0000 0.6876
98.0000 0.7541
99.0000 0.8485
100.0000 0.8708
101.0000 0.8587
102.0000 0.7637
103.0000 0.6778
104.0000 0.5805
105.0000 0.5831
106.0000 0.5396
107.0000 0.5157
108.0000 0.6019
109.0000 0.6985
110.0000 0.7218
111.0000 0.7448
112.0000 0.6584
113.0000 0.5633
114.0000 0.5932
115.0000 0.6081
116.0000 0.5493
117.0000 0.4897
118.0000 0.4445
119.0000 0.3465
120.0000 0.3171
121.0000 0.3017
122.0000 0.3806
123.0000 0.4605
124.0000 0.5565
125.0000 0.5251
126.0000 0.4715
127.0000 0.3812
128.0000 0.3285
129.0000 0.3326
130.0000 0.3293
131.0000 0.3990
132.0000 0.3818
133.0000 0.4152
134.0000 0.4363
135.0000 0.3832
136.0000 0.4191
137.0000 0.5089
138.0000 0.5245
139.0000 0.5717
140.0000 0.6673
141.0000 0.7006
142.0000 0.7953
143.0000 0.8950
144.0000 0.9306
145.0000 1.0303
146.0000 1.1080
147.0000 1.1492
148.0000 1.0807
149.0000 1.1506
150.0000 1.1474
