1.0000 2.1673
2.0000 2.1297
3.0000 2.0326
4.0000 1.9387
5.0000 1.9353
6.0000 1.9180
7.0000 1.8642
8.0000 1.9133
9.0000 1.8378
10.0000 1.8244
11.0000 1.7398
12.0000 1.7858
13.0000 1.7802
14.0000 1.6829
15.0000 1.5840
16.0000 1.5516
17.0000 1.5379
18.0000 1.5619
19.0000 1.4707
20.0000 1.3725
21.0000 1.2755
22.0000 1.2449
23.0000 1.3414
24.0000 1.4268
25.0000 1.5109
26.0000 1.6107
27.0000 1.6579
28.0000 1.7577
29.0000 1.7444
30.0000 1.6444
31.0000 1.6505
32.0000 1.7500
33.0000 1.7386
34.0000 1.8240
35.0000 1.7256
36.0000 1.6287
37.0000 1.5292
38.0000 1.4994
39.0000 1.5693
40.0000 1.6145
41.0000 1.6426
42.0000 1.6851
43.0000 1.6436
44.0000 1.5453
45.0000 1.5022
46.0000 1.4906
47.0000 1.5121
48.0000 1.5200
49.0000 1.4596
50.0000 1.3600
51.0000 1.3571
52.0000 1.3249
53.0000 1.3499
54.0000 1.3791
55.0000 1.3543
56.0000 1.2753
57.0000 1.1848
58.0000 1.0892
59.0000 0.9901
60.0000 0.9047
61.0000 0.8113
62.0000 0.7470
63.0000 0.6710
64.0000 0.5849
65.0000 0.4861
66.0000 0.4028
67.0000 0.3028
68.0000 0.2347
69.0000 0.1426
70.0000 0.0669
71.0000 0.0522
72.0000 0.1282
73.0000 0.2152
74.0000 0.2962
75.0000 0.3765
76.0000 0.4706
77.0000 0.5556
78.0000 0.6056
79.0000 0.6915
80.0000 0.7898
81.0000 0.8768
82.0000 0.9439
83.0000 1.0396
84.0000 1.1305
85.0000 1.1437
86.0000 1.1882
87.0000 1.2868
88.0000 1.3536
89.0000 1.4475
90.0000 1.5475
91.0000 1.6473
92.0000 1.7466
93.0000 1.6803
94.0000 1.6894
95.0000 1.6036
96.0000 1.5112
97.0000 1.4448
98.0000 1.4447
99.0000 1.4684
100.0000 1.4744
101.0000 1.4299
102.0000 1.4531
103.0000 1.3851
104.0000 1.2877
105.0000 1.2404
106.0000 1.1405
107.0000 1.0503
108.0000 1.0076
109.0000 0.9363
110.0000 0.8932
111.0000 0.8269
112.0000 0.8346
113.0000 0.9225
114.0000 0.9739
115.0000 0.9980
116.0000 1.0642
117.0000 1.0447
118.0000 1.0707
119.0000 1.1107
120.0000 1.1107
121.0000 1.0301
122.0000 1.0076
123.0000 0.9100
124.0000 0.8366
125.0000 0.7450
126.0000 0.6478
127.0000 0.5515
128.0000 0.5457
129.0000 0.6214
130.0000 0.7210
131.0000 0.7945
132.0000 0.8771
133.0000 0.9770
134.0000 1.0580
135.0000 1.1046
136.0000 1.1772
137.0000 1.2612
138.0000 1.3041
139.0000 1.2554
140.0000 1.2355
141.0000 1.3344
142.0000 1.4343
143.0000 1.5340
144.0000 1.6340
145.0000 1.7151
146.0000 1.7247
147.0000 1.6525
148.0000 1.5719
149.0000 1.4749
150.0000 1.4000
