1.0000 2.2570
2.0000 2.3060
3.0000 2.3379
4.0000 2.4250
5.0000 2.4392
6.0000 2.3537
7.0000 2.2928
8.0000 2.2286
9.0000 2.1295
10.0000 2.0332
11.0000 1.9428
12.0000 1.8430
13.0000 1.7432
14.0000 1.6676
15.0000 1.6219
16.0000 1.5550
17.0000 1.5237
18.0000 1.5367
19.0000 1.4986
20.0000 1.3998
21.0000 1.3343
22.0000 1.2441
23.0000 1.1473
24.0000 1.1158
25.0000 1.2037
26.0000 1.2384
27.0000 1.2889
28.0000 1.3320
29.0000 1.3898
30.0000 1.4212
31.0000 1.4587
32.0000 1.5553
33.0000 1.5834
34.0000 1.4961
35.0000 1.4371
36.0000 1.5213
37.0000 1.5924
38.0000 1.5628
39.0000 1.5937
40.0000 1.6650
41.0000 1.7639
42.0000 1.7888
43.0000 1.8667
44.0000 1.8586
45.0000 1.8342
46.0000 1.7736
47.0000 1.6747
48.0000 1.5750
49.0000 1.5146
50.0000 1.4609
51.0000 1.4663
52.0000 1.3694
53.0000 1.2959
54.0000 1.2279
55.0000 1.2084
56.0000 1.2240
57.0000 1.3037
58.0000 1.3927
59.0000 1.3844
60.0000 1.2861
61.0000 1.1886
62.0000 1.1426
63.0000 1.0501
64.0000 1.1218
65.0000 1.2042
66.0000 1.1333
67.0000 1.0425
68.0000 0.9634
69.0000 0.8891
70.0000 0.7904
71.0000 0.6974
72.0000 0.5991
73.0000 0.6128
74.0000 0.5486
75.0000 0.4654
76.0000 0.3867
77.0000 0.4031
78.0000 0.4508
79.0000 0.3701
80.0000 0.3297
81.0000 0.4094
82.0000 0.4928
83.0000 0.5545
84.0000 0.6465
85.0000 0.7459
86.0000 0.8434
87.0000 0.9429
88.0000 1.0428
89.0000 1.0833
90.0000 1.1458
91.0000 1.2422
92.0000 1.3324
93.0000 1.4266
94.0000 1.4722
95.0000 1.5587
96.0000 1.6524
97.0000 1.7515
98.0000 1.8512
99.0000 1.9492
100.0000 2.0478
101.0000 2.1052
102.0000 2.0693
103.0000 2.1141
104.0000 2.1517
105.0000 2.2489
106.0000 2.2633
107.0000 2.1830
108.0000 2.1046
109.0000 2.0049
110.0000 1.9155
111.0000 1.8343
112.0000 1.8418
113.0000 1.8289
114.0000 1.7498
115.0000 1.6804
116.0000 1.6103
117.0000 1.6038
118.0000 1.6046
119.0000 1.7045
120.0000 1.7623
121.0000 1.7362
122.0000 1.7253
123.0000 1.8072
124.0000 1.8104
125.0000 1.7560
126.0000 1.6968
127.0000 1.5992
128.0000 1.5058
129.0000 1.4863
130.0000 1.4504
131.0000 1.3634
132.0000 1.2886
133.0000 1.2436
134.0000 1.1455
135.0000 1.0600
136.0000 0.9608
137.0000 0.8774
138.0000 0.8272
139.0000 0.8243
140.0000 0.8071
141.0000 0.7451
142.0000 0.6586
143.0000 0.6549
144.0000 0.6325
145.0000 0.6459
146.0000 0.6669
147.0000 0.6864
148.0000 0.7010
149.0000 0.8008
150.0000 0.8764
