1.0000 2.1831
2.0000 2.0835
3.0000 2.0656
4.0000 2.0881
5.0000 2.1224
6.0000 2.1538
7.0000 2.2101
8.0000 2.2276
9.0000 2.1477
10.0000 2.0501
11.0000 1.9567
12.0000 1.9067
13.0000 1.8924
14.0000 1.9168
15.0000 1.9881
16.0000 2.0852
17.0000 2.1793
18.0000 2.2707
19.0000 2.3644
20.0000 2.4644
21.0000 2.4735
22.0000 2.3806
23.0000 2.2820
24.0000 2.1831
25.0000 2.0912
26.0000 2.0754
27.0000 2.1611
28.0000 2.2197
29.0000 2.3170
30.0000 2.3587
31.0000 2.4493
32.0000 2.5083
33.0000 2.5675
34.0000 2.6174
35.0000 2.5217
36.0000 2.4377
37.0000 2.4428
38.0000 2.4003
39.0000 2.3983
40.0000 2.3075
41.0000 2.2113
42.0000 2.1114
43.0000 2.0763
44.0000 2.0094
45.0000 1.9428
46.0000 1.8457
47.0000 1.8923
48.0000 1.9073
49.0000 1.9864
50.0000 2.0591
51.0000 2.0120
52.0000 1.9520
53.0000 1.9710
54.0000 2.0165
55.0000 1.9181
56.0000 1.8457
57.0000 1.7595
58.0000 1.7113
59.0000 1.6145
60.0000 1.6976
61.0000 1.7890
62.0000 1.8728
63.0000 1.9470
64.0000 2.0429
65.0000 2.0600
66.0000 2.1337
67.0000 2.1891
68.0000 2.1787
69.0000 2.0993
70.0000 2.0635
71.0000 2.1410
72.0000 2.0954
73.0000 2.1727
74.0000 2.2612
75.0000 2.3519
76.0000 2.3545
77.0000 2.3556
78.0000 2.2938
79.0000 2.2578
80.0000 2.1579
81.0000 2.0789
82.0000 1.9819
83.0000 1.8847
84.0000 1.7967
85.0000 1.8935
86.0000 1.9786
87.0000 2.0045
88.0000 2.0018
89.0000 2.0829
90.0000 2.0835
91.0000 1.9835
92.0000 1.8849
93.0000 1.8313
94.0000 1.7883
95.0000 1.6912
96.0000 1.7422
97.0000 1.7441
98.0000 1.6483
99.0000 1.5498
100.0000 1.4506
101.0000 1.3677
102.0000 1.2844
103.0000 1.1849
104.0000 1.1981
105.0000 1.2387
106.0000 1.1952
107.0000 1.0991
108.0000 1.0133
109.0000 0.9975
110.0000 1.0005
111.0000 1.0979
112.0000 1.1339
113.0000 1.2317
114.0000 1.3153
115.0000 1.4150
116.0000 1.4926
117.0000 1.5912
118.0000 1.6782
119.0000 1.7287
120.0000 1.7186
121.0000 1.6988
122.0000 1.6009
123.0000 1.5018
124.0000 1.4020
125.0000 1.3020
126.0000 1.2047
127.0000 1.1147
128.0000 1.0155
129.0000 0.9269
130.0000 0.8270
131.0000 0.7738
132.0000 0.7599
133.0000 0.8266
134.0000 0.9112
135.0000 1.0093
136.0000 0.9854
137.0000 0.9997
138.0000 1.0300
139.0000 0.9945
140.0000 0.9375
141.0000 0.8726
142.0000 0.7734
143.0000 0.6975
144.0000 0.6078
145.0000 0.5475
146.0000 0.5683
147.0000 0.6683
148.0000 0.7682
149.0000 0.8681
150.0000 0.9270
