1.0000 2.1381
2.0000 2.0537
3.0000 2.1019
4.0000 2.0897
5.0000 2.0912
6.0000 2.0127
7.0000 1.9247
8.0000 1.8252
9.0000 1.7319
10.0000 1.6582
11.0000 1.6494
12.0000 1.7093
13.0000 1.6754
14.0000 1.5939
15.0000 1.5778
16.0000 1.5408
17.0000 1.5341
18.0000 1.5566
19.0000 1.5712
20.0000 1.6129
21.0000 1.6735
22.0000 1.7189
23.0000 1.7423
24.0000 1.7648
25.0000 1.6667
26.0000 1.6968
27.0000 1.6630
28.0000 1.5714
29.0000 1.4930
30.0000 1.4469
31.0000 1.4445
32.0000 1.5356
33.0000 1.6340
34.0000 1.6903
35.0000 1.7903
36.0000 1.8899
37.0000 1.9111
38.0000 1.9194
39.0000 1.8205
40.0000 1.7345
41.0000 1.6457
42.0000 1.5770
43.0000 1.5925
44.0000 1.4978
45.0000 1.3978
46.0000 1.3390
47.0000 1.3630
48.0000 1.3444
49.0000 1.4334
50.0000 1.4967
51.0000 1.5246
52.0000 1.5932
53.0000 1.6091
54.0000 1.6695
55.0000 1.7635
56.0000 1.7591
57.0000 1.8334
58.0000 1.9274
59.0000 2.0270
60.0000 1.9471
61.0000 1.9182
62.0000 1.8744
63.0000 1.8930
64.0000 1.9621
65.0000 1.9699
66.0000 1.9893
67.0000 1.9961
68.0000 1.9922
69.0000 1.9026
70.0000 1.8667
71.0000 1.8134
72.0000 1.7248
73.0000 1.6454
74.0000 1.5475
75.0000 1.4757
76.0000 1.3768
77.0000 1.3123
78.0000 1.2138
79.0000 1.1196
80.0000 1.0888
81.0000 1.0013
82.0000 1.0163
83.0000 1.0178
84.0000 0.9657
85.0000 0.9445
86.0000 0.8591
87.0000 0.8118
88.0000 0.7827
89.0000 0.8707
90.0000 0.8029
91.0000 0.7446
92.0000 0.6951
93.0000 0.7907
94.0000 0.8895
95.0000 0.9826
96.0000 1.0787
97.0000 1.1496
98.0000 1.2005
99.0000 1.2503
100.0000 1.3167
101.0000 1.3853
102.0000 1.4785
103.0000 1.4701
104.0000 1.3705
105.0000 1.2798
106.0000 1.2156
107.0000 1.1395
108.0000 1.1767
109.0000 1.2126
110.0000 1.2522
111.0000 1.3432
112.0000 1.3790
113.0000 1.4717
114.0000 1.5619
115.0000 1.6609
116.0000 1.7395
117.0000 1.8096
118.0000 1.9055
119.0000 1.8825
120.0000 1.7847
121.0000 1.6900
122.0000 1.6189
123.0000 1.5494
124.0000 1.5549
125.0000 1.4815
126.0000 1.3915
127.0000 1.3140
128.0000 1.2208
129.0000 1.1357
130.0000 1.0946
131.0000 1.1397
132.0000 1.1233
133.0000 1.1984
134.0000 1.1737
135.0000 1.1195
136.0000 1.0204
137.0000 1.0482
138.0000 1.1440
139.0000 1.2439
140.0000 1.3432
141.0000 1.4067
142.0000 1.4373
143.0000 1.4042
144.0000 1.4084
145.0000 1.4723
146.0000 1.5542
147.0000 1.6541
148.0000 1.7400
149.0000 1.8388
150.0000 1.9275
