1.0000 2.1642
2.0000 2.0727
3.0000 2.1449
4.0000 2.1318
5.0000 2.0629
6.0000 1.9730
7.0000 1.8760
8.0000 1.8057
9.0000 1.7508
10.0000 1.6508
11.0000 1.5770
12.0000 1.4773
13.0000 1.3943
14.0000 1.3500
15.0000 1.3237
16.0000 1.3895
17.0000 1.4815
18.0000 1.5246
19.0000 1.5221
20.0000 1.5119
21.0000 1.5459
22.0000 1.5247
23.0000 1.4257
24.0000 1.3262
25.0000 1.2540
26.0000 1.3268
27.0000 1.3920
28.0000 1.4793
29.0000 1.5629
30.0000 1.5382
31.0000 1.5355
32.0000 1.4456
33.0000 1.3516
34.0000 1.2789
35.0000 1.1796
36.0000 1.0808
37.0000 0.9848
38.0000 0.8894
39.0000 0.7903
40.0000 0.7061
41.0000 0.6910
42.0000 0.6549
43.0000 0.6698
44.0000 0.5712
45.0000 0.6375
46.0000 0.7245
47.0000 0.7949
48.0000 0.8505
49.0000 0.8290
50.0000 0.7719
51.0000 0.7071
52.0000 0.6574
53.0000 0.6955
54.0000 0.7945
55.0000 0.8927
56.0000 0.9697
57.0000 1.0451
58.0000 1.0928
59.0000 0.9941
60.0000 0.9391
61.0000 0.9208
62.0000 0.8718
63.0000 0.8126
64.0000 0.7709
65.0000 0.8690
66.0000 0.9238
67.0000 1.0211
68.0000 1.0946
69.0000 1.1413
70.0000 1.2408
71.0000 1.2323
72.0000 1.1335
73.0000 1.0365
74.0000 1.0336
75.0000 0.9679
76.0000 0.8758
77.0000 0.7790
78.0000 0.7490
79.0000 0.7245
80.0000 0.6582
81.0000 0.6232
82.0000 0.5417
83.0000 0.5753
84.0000 0.5667
85.0000 0.6532
86.0000 0.7096
87.0000 0.6645
88.0000 0.5915
89.0000 0.6465
90.0000 0.6669
91.0000 0.6258
92.0000 0.6430
93.0000 0.6104
94.0000 0.6630
95.0000 0.7609
96.0000 0.7711
97.0000 0.8618
98.0000 0.9169
99.0000 1.0113
100.0000 1.1060
101.0000 1.2029
102.0000 1.2916
103.0000 1.3674
104.0000 1.4634
105.0000 1.5608
106.0000 1.6044
107.0000 1.6985
108.0000 1.7959
109.0000 1.8862
110.0000 1.9849
111.0000 2.0058
112.0000 1.9793
113.0000 2.0779
114.0000 2.1779
115.0000 2.1675
116.0000 2.2527
117.0000 2.3366
118.0000 2.4300
119.0000 2.5020
120.0000 2.5859
121.0000 2.6556
122.0000 2.7553
123.0000 2.8319
124.0000 2.8466
125.0000 2.9246
126.0000 2.9889
127.0000 2.9171
128.0000 2.8707
129.0000 2.8655
130.0000 2.7826
131.0000 2.6862
132.0000 2.6044
133.0000 2.5044
134.0000 2.4519
135.0000 2.4510
136.0000 2.5151
137.0000 2.5237
138.0000 2.5499
139.0000 2.4720
140.0000 2.3908
141.0000 2.2987
142.0000 2.2006
143.0000 2.2063
144.0000 2.2789
145.0000 2.3789
146.0000 2.3862
147.0000 2.4105
148.0000 2.4202
149.0000 2.4555
150.0000 2.4252
