1.0000 2.1553
2.0000 2.0984
3.0000 1.9994
4.0000 1.9015
5.0000 1.8047
6.0000 1.7551
7.0000 1.7820
8.0000 1.8244
9.0000 1.8802
10.0000 1.9494
11.0000 1.8553
12.0000 1.8058
13.0000 1.9015
14.0000 2.0014
15.0000 2.1005
16.0000 2.1045
17.0000 2.1997
18.0000 2.1748
19.0000 2.1935
20.0000 2.0947
21.0000 2.0963
22.0000 2.1754
23.0000 2.2016
24.0000 2.2009
25.0000 2.1743
26.0000 2.1147
27.0000 2.0939
28.0000 2.1423
29.0000 2.2241
30.0000 2.2748
31.0000 2.3668
32.0000 2.4657
33.0000 2.5610
34.0000 2.5480
35.0000 2.5454
36.0000 2.4521
37.0000 2.4518
38.0000 2.5465
39.0000 2.6107
40.0000 2.7089
41.0000 2.8009
42.0000 2.7774
43.0000 2.6939
44.0000 2.5943
45.0000 2.5450
46.0000 2.5075
47.0000 2.4448
48.0000 2.3479
49.0000 2.2967
50.0000 2.1989
51.0000 2.1425
52.0000 2.0588
53.0000 2.0031
54.0000 1.9989
55.0000 1.9707
56.0000 1.9018
57.0000 1.8051
58.0000 1.7056
59.0000 1.6272
60.0000 1.6760
61.0000 1.6598
62.0000 1.6660
63.0000 1.6901
64.0000 1.7741
65.0000 1.8223
66.0000 1.8644
67.0000 1.9273
68.0000 1.9399
69.0000 1.9826
70.0000 2.0300
71.0000 2.0433
72.0000 2.1429
73.0000 2.2421
74.0000 2.3148
75.0000 2.3975
76.0000 2.4975
77.0000 2.5501
78.0000 2.5218
79.0000 2.4223
80.0000 2.3647
81.0000 2.4338
82.0000 2.4930
83.0000 2.5142
84.0000 2.4561
85.0000 2.3847
86.0000 2.4571
87.0000 2.4392
88.0000 2.4257
89.0000 2.4529
90.0000 2.4671
91.0000 2.3740
92.0000 2.3818
93.0000 2.4756
94.0000 2.4864
95.0000 2.5320
96.0000 2.6179
97.0000 2.7129
98.0000 2.7699
99.0000 2.7091
100.0000 2.7793
101.0000 2.8626
102.0000 2.8404
103.0000 2.8102
104.0000 2.7463
105.0000 2.6489
106.0000 2.5623
107.0000 2.5508
108.0000 2.5590
109.0000 2.5891
110.0000 2.6049
111.0000 2.5162
112.0000 2.4671
113.0000 2.4143
114.0000 2.3462
115.0000 2.3124
116.0000 2.2160
117.0000 2.1208
118.0000 2.0528
119.0000 1.9528
120.0000 1.8752
121.0000 1.8119
122.0000 1.7876
123.0000 1.7677
124.0000 1.7415
125.0000 1.7625
126.0000 1.7395
127.0000 1.7804
128.0000 1.8804
129.0000 1.9777
130.0000 2.0772
131.0000 2.1643
132.0000 2.2578
133.0000 2.2936
134.0000 2.1955
135.0000 2.1302
136.0000 2.0653
137.0000 1.9655
138.0000 1.8831
139.0000 1.8535
140.0000 1.7676
141.0000 1.7337
142.0000 1.7163
143.0000 1.6586
144.0000 1.5661
145.0000 1.5088
146.0000 1.4099
147.0000 1.3827
148.0000 1.4768
149.0000 1.5450
150.0000 1.6319
