1.0000 2.1488
2.0000 2.0633
3.0000 1.9834
4.0000 1.9250
5.0000 1.9059
6.0000 1.8577
7.0000 1.7661
8.0000 1.8513
9.0000 1.9364
10.0000 2.0201
11.0000 1.9529
12.0000 1.8545
13.0000 1.7700
14.0000 1.7067
15.0000 1.7046
16.0000 1.6078
17.0000 1.5126
18.0000 1.4180
19.0000 1.3292
20.0000 1.2485
21.0000 1.1506
22.0000 1.1881
23.0000 1.2716
24.0000 1.3692
25.0000 1.4213
26.0000 1.5107
27.0000 1.5479
28.0000 1.5291
29.0000 1.4490
30.0000 1.3493
31.0000 1.3032
32.0000 1.2344
33.0000 1.2515
34.0000 1.3079
35.0000 1.4078
36.0000 1.5078
37.0000 1.6065
38.0000 1.6062
39.0000 1.5751
40.0000 1.5825
41.0000 1.6825
42.0000 1.7719
43.0000 1.7996
44.0000 1.7250
45.0000 1.6335
46.0000 1.5722
47.0000 1.4952
48.0000 1.5719
49.0000 1.6569
50.0000 1.7558
51.0000 1.8552
52.0000 1.8004
53.0000 1.7020
54.0000 1.6456
55.0000 1.5988
56.0000 1.5525
57.0000 1.6010
58.0000 1.6273
59.0000 1.6242
60.0000 1.5244
61.0000 1.4362
62.0000 1.3767
63.0000 1.4578
64.0000 1.5521
65.0000 1.5076
66.0000 1.4176
67.0000 1.3710
68.0000 1.3051
69.0000 1.2052
70.0000 1.1271
71.0000 1.0691
72.0000 1.1184
73.0000 1.1828
74.0000 1.2367
75.0000 1.3360
76.0000 1.4351
77.0000 1.5348
78.0000 1.6337
79.0000 1.7107
80.0000 1.8012
81.0000 1.8732
82.0000 1.8804
83.0000 1.8838
84.0000 1.8711
85.0000 1.8496
86.0000 1.8947
87.0000 1.9915
88.0000 2.0728
89.0000 2.1418
90.0000 2.2087
91.0000 2.2764
92.0000 2.3114
93.0000 2.3813
94.0000 2.2983
95.0000 2.2010
96.0000 2.1134
97.0000 2.0339
98.0000 2.0302
99.0000 2.0086
100.0000 2.0417
101.0000 2.0066
102.0000 1.9210
103.0000 1.8593
104.0000 1.8219
105.0000 1.7986
106.0000 1.6994
107.0000 1.7140
108.0000 1.6913
109.0000 1.6639
110.0000 1.5645
111.0000 1.4772
112.0000 1.5641
113.0000 1.5989
114.0000 1.6470
115.0000 1.7391
116.0000 1.8363
117.0000 1.9093
118.0000 1.8337
119.0000 1.7398
120.0000 1.6600
121.0000 1.7394
122.0000 1.7124
123.0000 1.7020
124.0000 1.6912
125.0000 1.7514
126.0000 1.7983
127.0000 1.8437
128.0000 1.9359
129.0000 1.9820
130.0000 1.9999
131.0000 1.9999
132.0000 1.9947
133.0000 2.0473
134.0000 2.0194
135.0000 1.9208
136.0000 1.8504
137.0000 1.7512
138.0000 1.6546
139.0000 1.5707
140.0000 1.4933
141.0000 1.3984
142.0000 1.3112
143.0000 1.2384
144.0000 1.2605
145.0000 1.3342
146.0000 1.4335
147.0000 1.5174
148.0000 1.6173
149.0000 1.7107
150.0000 1.8104
