1.0000 2.1460
2.0000 2.0460
3.0000 1.9830
4.0000 1.9088
5.0000 1.8118
6.0000 1.8053
7.0000 1.8451
8.0000 1.9426
9.0000 2.0031
10.0000 1.9036
11.0000 1.8093
12.0000 1.7937
13.0000 1.6938
14.0000 1.6910
15.0000 1.6064
16.0000 1.5516
17.0000 1.5451
18.0000 1.6109
19.0000 1.6587
20.0000 1.5625
21.0000 1.4702
22.0000 1.3844
23.0000 1.4111
24.0000 1.4098
25.0000 1.3832
26.0000 1.4372
27.0000 1.3989
28.0000 1.3365
29.0000 1.2471
30.0000 1.2640
31.0000 1.1867
32.0000 1.1088
33.0000 1.0319
34.0000 1.0366
35.0000 1.1098
36.0000 1.0245
37.0000 0.9292
38.0000 0.8293
39.0000 0.7362
40.0000 0.7057
41.0000 0.6179
42.0000 0.5179
43.0000 0.4765
44.0000 0.4459
45.0000 0.4912
46.0000 0.5606
47.0000 0.6139
48.0000 0.6870
49.0000 0.7060
50.0000 0.6311
51.0000 0.5355
52.0000 0.5321
53.0000 0.5635
54.0000 0.6502
55.0000 0.7500
56.0000 0.7962
57.0000 0.8727
58.0000 0.9410
59.0000 1.0151
60.0000 1.1063
61.0000 1.2045
62.0000 1.2244
63.0000 1.2853
64.0000 1.3419
65.0000 1.4419
66.0000 1.5256
67.0000 1.5862
68.0000 1.6317
69.0000 1.7220
70.0000 1.8193
71.0000 1.7766
72.0000 1.6881
73.0000 1.6173
74.0000 1.5180
75.0000 1.4696
76.0000 1.3696
77.0000 1.4016
78.0000 1.3784
79.0000 1.3475
80.0000 1.2553
81.0000 1.1625
82.0000 1.0791
83.0000 0.9977
84.0000 0.9031
85.0000 0.9288
86.0000 1.0155
87.0000 1.0873
88.0000 1.1810
89.0000 1.2340
90.0000 1.1804
91.0000 1.1829
92.0000 1.2365
93.0000 1.2835
94.0000 1.2069
95.0000 1.1268
96.0000 1.1114
97.0000 1.1696
98.0000 1.0853
99.0000 1.0059
100.0000 0.9061
101.0000 0.8664
102.0000 0.9055
103.0000 0.8990
104.0000 0.8422
105.0000 0.8115
106.0000 0.7333
107.0000 0.8324
108.0000 0.8341
109.0000 0.7427
110.0000 0.7158
111.0000 0.6193
112.0000 0.5449
113.0000 0.5953
114.0000 0.6884
115.0000 0.6280
116.0000 0.6442
117.0000 0.5623
118.0000 0.4755
119.0000 0.3768
120.0000 0.2861
121.0000 0.2378
122.0000 0.1722
123.0000 0.0774
124.0000 0.0396
125.0000 0.1203
126.0000 0.1865
127.0000 0.2764
128.0000 0.3660
129.0000 0.4015
130.0000 0.4437
131.0000 0.3489
132.0000 0.2866
133.0000 0.2197
134.0000 0.1743
135.0000 0.2498
136.0000 0.3249
137.0000 0.4142
138.0000 0.5063
139.0000 0.6049
140.0000 0.7048
141.0000 0.8029
142.0000 0.9006
143.0000 1.0006
144.0000 1.0848
145.0000 1.1822
146.0000 1.2821
147.0000 1.3255
148.0000 1.4217
149.0000 1.5043
150.0000 1.5944
