1.0000 2.1369
2.0000 2.1806
3.0000 2.0925
4.0000 1.9929
5.0000 1.9011
6.0000 1.8317
7.0000 1.7357
8.0000 1.6589
9.0000 1.5602
10.0000 1.5186
11.0000 1.4526
12.0000 1.3575
13.0000 1.3311
14.0000 1.2522
15.0000 1.2006
16.0000 1.2703
17.0000 1.3703
18.0000 1.4517
19.0000 1.4292
20.0000 1.4309
21.0000 1.4108
22.0000 1.3460
23.0000 1.2920
24.0000 1.3069
25.0000 1.2361
26.0000 1.1434
27.0000 1.0447
28.0000 1.0128
29.0000 0.9842
30.0000 1.0221
31.0000 1.0582
32.0000 0.9601
33.0000 0.9527
34.0000 0.9680
35.0000 1.0102
36.0000 1.0740
37.0000 1.1740
38.0000 1.1577
39.0000 1.1598
40.0000 1.2301
41.0000 1.1729
42.0000 1.0850
43.0000 0.9858
44.0000 0.9216
45.0000 0.8400
46.0000 0.7406
47.0000 0.6654
48.0000 0.6426
49.0000 0.5519
50.0000 0.4812
51.0000 0.4969
52.0000 0.5856
53.0000 0.6856
54.0000 0.7660
55.0000 0.8611
56.0000 0.8621
57.0000 0.8230
58.0000 0.7497
59.0000 0.6798
60.0000 0.6990
61.0000 0.7670
62.0000 0.8264
63.0000 0.8781
64.0000 0.9225
65.0000 0.9538
66.0000 1.0492
67.0000 1.0831
68.0000 1.1385
69.0000 1.0739
70.0000 0.9816
71.0000 0.9263
72.0000 0.8436
73.0000 0.7445
74.0000 0.7856
75.0000 0.8775
76.0000 0.9774
77.0000 1.0262
78.0000 1.0715
79.0000 1.1017
80.0000 1.0561
81.0000 0.9743
82.0000 0.8846
83.0000 0.8103
84.0000 0.7106
85.0000 0.6106
86.0000 0.5876
87.0000 0.6112
88.0000 0.5189
89.0000 0.4375
90.0000 0.5084
91.0000 0.4931
92.0000 0.4416
93.0000 0.3432
94.0000 0.2799
95.0000 0.2848
96.0000 0.2617
97.0000 0.3539
98.0000 0.4137
99.0000 0.5132
100.0000 0.5790
101.0000 0.6477
102.0000 0.6910
103.0000 0.6200
104.0000 0.5484
105.0000 0.4685
106.0000 0.3819
107.0000 0.2883
108.0000 0.2027
109.0000 0.1331
110.0000 0.1571
111.0000 0.2507
112.0000 0.3335
113.0000 0.3708
114.0000 0.4706
115.0000 0.5375
116.0000 0.6238
117.0000 0.7236
118.0000 0.7894
119.0000 0.8619
120.0000 0.9530
121.0000 1.0478
122.0000 1.1410
123.0000 1.2142
124.0000 1.1417
125.0000 1.1467
126.0000 1.0522
127.0000 0.9765
128.0000 0.8971
129.0000 0.9723
130.0000 0.9151
131.0000 0.8566
132.0000 0.9200
133.0000 0.9150
134.0000 1.0133
135.0000 1.1012
136.0000 1.1946
137.0000 1.2942
138.0000 1.3895
139.0000 1.4585
140.0000 1.4870
141.0000 1.5308
142.0000 1.4864
143.0000 1.4661
144.0000 1.5453
145.0000 1.6262
146.0000 1.5928
147.0000 1.5926
148.0000 1.5417
149.0000 1.5277
150.0000 1.4313
