1.0000 2.2500
2.0000 2.2764
3.0000 2.3492
4.0000 2.4146
5.0000 2.3923
6.0000 2.4345
7.0000 2.4903
8.0000 2.4459
9.0000 2.4403
10.0000 2.4791
11.0000 2.4303
12.0000 2.3505
13.0000 2.2566
14.0000 2.1638
15.0000 2.0638
16.0000 1.9680
17.0000 1.9419
18.0000 1.8683
19.0000 1.8162
20.0000 1.9161
21.0000 1.9514
22.0000 2.0444
23.0000 2.1300
24.0000 2.1466
25.0000 2.2110
26.0000 2.3097
27.0000 2.3976
28.0000 2.4906
29.0000 2.5668
30.0000 2.5436
31.0000 2.4825
32.0000 2.4833
33.0000 2.3844
34.0000 2.2846
35.0000 2.1882
36.0000 2.0935
37.0000 2.0013
38.0000 2.0496
39.0000 2.1434
40.0000 2.2296
41.0000 2.3030
42.0000 2.3968
43.0000 2.4181
44.0000 2.4608
45.0000 2.5492
46.0000 2.6473
47.0000 2.7362
48.0000 2.8220
49.0000 2.8069
50.0000 2.8556
51.0000 2.8477
52.0000 2.7700
53.0000 2.6716
54.0000 2.7305
55.0000 2.8304
56.0000 2.8503
57.0000 2.7773
58.0000 2.7651
59.0000 2.8315
60.0000 2.8348
61.0000 2.7638
62.0000 2.6804
63.0000 2.6181
64.0000 2.6092
65.0000 2.5278
66.0000 2.5001
67.0000 2.4335
68.0000 2.4970
69.0000 2.5173
70.0000 2.5890
71.0000 2.5309
72.0000 2.5527
73.0000 2.4577
74.0000 2.4376
75.0000 2.3668
76.0000 2.3033
77.0000 2.3356
78.0000 2.3743
79.0000 2.3699
80.0000 2.4378
81.0000 2.5199
82.0000 2.6122
83.0000 2.6956
84.0000 2.7736
85.0000 2.7555
86.0000 2.7868
87.0000 2.7466
88.0000 2.7133
89.0000 2.6661
90.0000 2.6492
91.0000 2.5726
92.0000 2.5077
93.0000 2.4107
94.0000 2.3279
95.0000 2.2293
96.0000 2.1568
97.0000 2.2054
98.0000 2.2483
99.0000 2.3303
100.0000 2.4194
101.0000 2.4878
102.0000 2.4687
103.0000 2.5557
104.0000 2.5523
105.0000 2.5642
106.0000 2.5684
107.0000 2.4728
108.0000 2.4354
109.0000 2.3355
110.0000 2.2481
111.0000 2.2073
112.0000 2.2941
113.0000 2.3904
114.0000 2.3643
115.0000 2.3781
116.0000 2.3492
117.0000 2.2654
118.0000 2.1655
119.0000 2.0710
120.0000 2.0594
121.0000 2.0711
122.0000 2.1617
123.0000 2.2388
124.0000 2.3346
125.0000 2.4301
126.0000 2.5032
127.0000 2.5061
128.0000 2.4450
129.0000 2.4624
130.0000 2.5612
131.0000 2.5402
132.0000 2.5837
133.0000 2.5791
134.0000 2.5271
135.0000 2.6031
136.0000 2.6602
137.0000 2.5622
138.0000 2.5392
139.0000 2.5018
140.0000 2.4484
141.0000 2.3903
142.0000 2.4863
143.0000 2.5210
144.0000 2.5622
145.0000 2.6185
146.0000 2.6132
147.0000 2.6454
148.0000 2.6528
149.0000 2.7005
150.0000 2.7101
