1.0000 2.2449
2.0000 2.2318
3.0000 2.2856
4.0000 2.3856
5.0000 2.3663
6.0000 2.2839
7.0000 2.2970
8.0000 2.3524
9.0000 2.3462
10.0000 2.3382
11.0000 2.2947
12.0000 2.3651
13.0000 2.3621
14.0000 2.4080
15.0000 2.3886
16.0000 2.3569
17.0000 2.4029
18.0000 2.5014
19.0000 2.4591
20.0000 2.4005
21.0000 2.3149
22.0000 2.2503
23.0000 2.2215
24.0000 2.1898
25.0000 2.1027
26.0000 2.0104
27.0000 1.9758
28.0000 1.9905
29.0000 2.0519
30.0000 2.1487
31.0000 2.2472
32.0000 2.2620
33.0000 2.2571
34.0000 2.1919
35.0000 2.1633
36.0000 2.1970
37.0000 2.2859
38.0000 2.2982
39.0000 2.2078
40.0000 2.2072
41.0000 2.1960
42.0000 2.1232
43.0000 2.0525
44.0000 2.0453
45.0000 2.0553
46.0000 2.1452
47.0000 2.2267
48.0000 2.3256
49.0000 2.4199
50.0000 2.5085
51.0000 2.6006
52.0000 2.6986
53.0000 2.7486
54.0000 2.8214
55.0000 2.8013
56.0000 2.8172
57.0000 2.8179
58.0000 2.8288
59.0000 2.7801
60.0000 2.6867
61.0000 2.5946
62.0000 2.6073
63.0000 2.5939
64.0000 2.4940
65.0000 2.4416
66.0000 2.4297
67.0000 2.3316
68.0000 2.2639
69.0000 2.3030
70.0000 2.3943
71.0000 2.4895
72.0000 2.5877
73.0000 2.6023
74.0000 2.5106
75.0000 2.4156
76.0000 2.4147
77.0000 2.4356
78.0000 2.5134
79.0000 2.6054
80.0000 2.6341
81.0000 2.5890
82.0000 2.5402
83.0000 2.5245
84.0000 2.5332
85.0000 2.4358
86.0000 2.3741
87.0000 2.3628
88.0000 2.4403
89.0000 2.5083
90.0000 2.4759
91.0000 2.4245
92.0000 2.3798
93.0000 2.2837
94.0000 2.2170
95.0000 2.1356
96.0000 2.1470
97.0000 2.2415
98.0000 2.2804
99.0000 2.3551
100.0000 2.2938
101.0000 2.2544
102.0000 2.2822
103.0000 2.2660
104.0000 2.3660
105.0000 2.4656
106.0000 2.4858
107.0000 2.3879
108.0000 2.3893
109.0000 2.2952
110.0000 2.1972
111.0000 2.2409
112.0000 2.3267
113.0000 2.4200
114.0000 2.4363
115.0000 2.4609
116.0000 2.5536
117.0000 2.5393
118.0000 2.5932
119.0000 2.6238
120.0000 2.6586
121.0000 2.6125
122.0000 2.6524
123.0000 2.6984
124.0000 2.6241
125.0000 2.5489
126.0000 2.4516
127.0000 2.3664
128.0000 2.2692
129.0000 2.2167
130.0000 2.2109
131.0000 2.1137
132.0000 2.0336
133.0000 1.9388
134.0000 1.8502
135.0000 1.7849
136.0000 1.7616
137.0000 1.6823
138.0000 1.7350
139.0000 1.7097
140.0000 1.6512
141.0000 1.6827
142.0000 1.7379
143.0000 1.7693
144.0000 1.6947
145.0000 1.6101
146.0000 1.5205
147.0000 1.4613
148.0000 1.4137
149.0000 1.4573
150.0000 1.4467
