1.0000 2.2338
2.0000 2.2928
3.0000 2.3101
4.0000 2.2474
5.0000 2.1584
6.0000 2.1562
7.0000 2.2356
8.0000 2.2525
9.0000 2.1695
10.0000 2.1702
11.0000 2.2691
12.0000 2.3475
13.0000 2.3180
14.0000 2.3802
15.0000 2.4255
16.0000 2.5091
17.0000 2.5357
18.0000 2.6163
19.0000 2.5765
20.0000 2.6751
21.0000 2.6146
22.0000 2.5603
23.0000 2.5964
24.0000 2.6647
25.0000 2.5650
26.0000 2.4930
27.0000 2.4493
28.0000 2.3766
29.0000 2.2770
30.0000 2.2368
31.0000 2.1513
32.0000 2.0513
33.0000 1.9987
34.0000 1.9015
35.0000 1.8023
36.0000 1.7853
37.0000 1.8600
38.0000 1.8338
39.0000 1.8373
40.0000 1.8437
41.0000 1.7642
42.0000 1.6786
43.0000 1.5857
44.0000 1.4887
45.0000 1.4155
46.0000 1.4925
47.0000 1.5655
48.0000 1.6614
49.0000 1.7272
50.0000 1.6963
51.0000 1.7229
52.0000 1.7182
53.0000 1.7281
54.0000 1.8049
55.0000 1.9042
56.0000 2.0034
57.0000 2.1013
58.0000 2.2012
59.0000 2.3012
60.0000 2.3710
61.0000 2.4568
62.0000 2.5113
63.0000 2.6094
64.0000 2.6958
65.0000 2.7752
66.0000 2.7632
67.0000 2.7673
68.0000 2.6999
69.0000 2.7418
70.0000 2.7705
71.0000 2.7945
72.0000 2.7243
73.0000 2.6361
74.0000 2.5398
75.0000 2.5351
76.0000 2.6167
77.0000 2.7040
78.0000 2.7413
79.0000 2.7876
80.0000 2.8602
81.0000 2.8100
82.0000 2.7925
83.0000 2.7944
84.0000 2.8089
85.0000 2.7331
86.0000 2.6452
87.0000 2.5754
88.0000 2.4782
89.0000 2.4329
90.0000 2.4830
91.0000 2.5760
92.0000 2.6349
93.0000 2.7252
94.0000 2.8073
95.0000 2.8255
96.0000 2.7858
97.0000 2.7885
98.0000 2.7115
99.0000 2.6690
100.0000 2.5705
101.0000 2.4745
102.0000 2.4389
103.0000 2.4139
104.0000 2.5033
105.0000 2.5814
106.0000 2.6252
107.0000 2.6934
108.0000 2.7263
109.0000 2.6871
110.0000 2.5870
111.0000 2.5373
112.0000 2.4437
113.0000 2.4429
114.0000 2.5336
115.0000 2.6309
116.0000 2.6966
117.0000 2.6820
118.0000 2.6454
119.0000 2.6268
120.0000 2.6551
121.0000 2.6687
122.0000 2.6461
123.0000 2.6358
124.0000 2.5451
125.0000 2.4506
126.0000 2.3648
127.0000 2.2738
128.0000 2.1762
129.0000 2.1346
130.0000 2.0401
131.0000 1.9507
132.0000 1.8866
133.0000 1.8671
134.0000 1.8503
135.0000 1.8960
136.0000 1.8371
137.0000 1.7372
138.0000 1.6724
139.0000 1.5899
140.0000 1.4914
141.0000 1.3956
142.0000 1.3244
143.0000 1.2470
144.0000 1.2050
145.0000 1.1545
146.0000 1.0980
147.0000 1.1123
148.0000 1.2119
149.0000 1.2413
150.0000 1.3190
