1.0000 2.1369
2.0000 2.1210
3.0000 2.0389
4.0000 1.9512
5.0000 1.9585
6.0000 2.0526
7.0000 2.1295
8.0000 2.0571
9.0000 2.0115
10.0000 1.9154
11.0000 1.8156
12.0000 1.7175
13.0000 1.6888
14.0000 1.7671
15.0000 1.7657
16.0000 1.7958
17.0000 1.8393
18.0000 1.8158
19.0000 1.9065
20.0000 2.0065
21.0000 2.0934
22.0000 2.1324
23.0000 2.0772
24.0000 1.9963
25.0000 1.9504
26.0000 1.8899
27.0000 1.7995
28.0000 1.7013
29.0000 1.6090
30.0000 1.5296
31.0000 1.4353
32.0000 1.3621
33.0000 1.2773
34.0000 1.2395
35.0000 1.2459
36.0000 1.2646
37.0000 1.2334
38.0000 1.1368
39.0000 1.0370
40.0000 0.9401
41.0000 0.8455
42.0000 0.7770
43.0000 0.7259
44.0000 0.6911
45.0000 0.6588
46.0000 0.5701
47.0000 0.4840
48.0000 0.4617
49.0000 0.3632
50.0000 0.2648
51.0000 0.1650
52.0000 0.1651
53.0000 0.0856
54.0000 0.0396
55.0000 0.1394
56.0000 0.2363
57.0000 0.2789
58.0000 0.2873
59.0000 0.3378
60.0000 0.3571
61.0000 0.4056
62.0000 0.3075
63.0000 0.2240
64.0000 0.2014
65.0000 0.2674
66.0000 0.3575
67.0000 0.4516
68.0000 0.5187
69.0000 0.5774
70.0000 0.6366
71.0000 0.6576
72.0000 0.7247
73.0000 0.8214
74.0000 0.9077
75.0000 0.9898
76.0000 1.0115
77.0000 0.9158
78.0000 0.8161
79.0000 0.7921
80.0000 0.8587
81.0000 0.9556
82.0000 1.0255
83.0000 1.1117
84.0000 1.1625
85.0000 1.2596
86.0000 1.3268
87.0000 1.4232
88.0000 1.4931
89.0000 1.5913
90.0000 1.6907
91.0000 1.7869
92.0000 1.8417
93.0000 1.9337
94.0000 2.0335
95.0000 2.0840
96.0000 2.1244
97.0000 2.2091
98.0000 2.2541
99.0000 2.2924
100.0000 2.2753
101.0000 2.1824
102.0000 2.0825
103.0000 1.9832
104.0000 1.8914
105.0000 1.8265
106.0000 1.9029
107.0000 2.0028
108.0000 2.0818
109.0000 2.0733
110.0000 2.0378
111.0000 2.0901
112.0000 2.0722
113.0000 1.9725
114.0000 1.8840
115.0000 1.7905
116.0000 1.6945
117.0000 1.6109
118.0000 1.5278
119.0000 1.4301
120.0000 1.3431
121.0000 1.2895
122.0000 1.1936
123.0000 1.1135
124.0000 1.0841
125.0000 1.0121
126.0000 0.9649
127.0000 1.0200
128.0000 1.1061
129.0000 1.2058
130.0000 1.3005
131.0000 1.3889
132.0000 1.4768
133.0000 1.5628
134.0000 1.6564
135.0000 1.6271
136.0000 1.5353
137.0000 1.4481
138.0000 1.3563
139.0000 1.2950
140.0000 1.2607
141.0000 1.2428
142.0000 1.3097
143.0000 1.3840
144.0000 1.4761
145.0000 1.5414
146.0000 1.5635
147.0000 1.5193
148.0000 1.5618
149.0000 1.6103
150.0000 1.5687
