1.0000 2.1422
2.0000 2.0586
3.0000 1.9598
4.0000 1.8762
5.0000 1.7826
6.0000 1.6892
7.0000 1.6670
8.0000 1.6913
9.0000 1.6644
10.0000 1.7414
11.0000 1.8041
12.0000 1.7550
13.0000 1.6556
14.0000 1.5976
15.0000 1.4978
16.0000 1.3986
17.0000 1.3238
18.0000 1.2422
19.0000 1.3211
20.0000 1.4078
21.0000 1.4145
22.0000 1.4110
23.0000 1.4328
24.0000 1.5046
25.0000 1.6031
26.0000 1.6640
27.0000 1.7639
28.0000 1.8099
29.0000 1.9046
30.0000 1.9741
31.0000 2.0707
32.0000 2.0085
33.0000 2.0250
34.0000 2.1097
35.0000 2.1607
36.0000 2.1394
37.0000 2.1141
38.0000 2.1689
39.0000 2.1961
40.0000 2.2155
41.0000 2.1751
42.0000 2.1041
43.0000 2.0429
44.0000 1.9439
45.0000 1.9077
46.0000 1.8352
47.0000 1.7473
48.0000 1.7064
49.0000 1.6851
50.0000 1.7241
51.0000 1.6918
52.0000 1.6604
53.0000 1.5608
54.0000 1.5566
55.0000 1.4612
56.0000 1.3638
57.0000 1.4144
58.0000 1.4422
59.0000 1.4710
60.0000 1.5682
61.0000 1.5761
62.0000 1.5963
63.0000 1.6649
64.0000 1.7081
65.0000 1.7456
66.0000 1.6671
67.0000 1.6799
68.0000 1.7000
69.0000 1.7994
70.0000 1.8679
71.0000 1.8777
72.0000 1.7800
73.0000 1.6853
74.0000 1.7645
75.0000 1.7417
76.0000 1.7263
77.0000 1.6520
78.0000 1.5769
79.0000 1.4769
80.0000 1.3830
81.0000 1.3051
82.0000 1.2626
83.0000 1.2056
84.0000 1.2341
85.0000 1.2428
86.0000 1.1925
87.0000 1.0932
88.0000 1.0220
89.0000 0.9947
90.0000 0.9614
91.0000 0.9120
92.0000 0.8122
93.0000 0.7505
94.0000 0.6697
95.0000 0.5726
96.0000 0.4751
97.0000 0.3766
98.0000 0.2766
99.0000 0.2001
100.0000 0.1695
101.0000 0.0697
102.0000 0.0800
103.0000 0.1095
104.0000 0.1680
105.0000 0.2485
106.0000 0.3233
107.0000 0.4164
108.0000 0.5084
109.0000 0.5460
110.0000 0.6313
111.0000 0.7148
112.0000 0.8056
113.0000 0.8985
114.0000 0.9941
115.0000 1.0504
116.0000 1.1479
117.0000 1.2451
118.0000 1.3423
119.0000 1.4357
120.0000 1.5330
121.0000 1.5653
122.0000 1.6636
123.0000 1.6888
124.0000 1.7888
125.0000 1.8886
126.0000 1.9048
127.0000 1.9118
128.0000 1.9555
129.0000 2.0540
130.0000 2.1078
131.0000 2.1215
132.0000 2.1072
133.0000 2.0913
134.0000 2.0131
135.0000 1.9629
136.0000 1.8632
137.0000 1.7962
138.0000 1.8449
139.0000 1.7502
140.0000 1.6870
141.0000 1.5984
142.0000 1.4990
143.0000 1.4010
144.0000 1.3854
145.0000 1.3259
146.0000 1.2259
147.0000 1.1515
148.0000 1.0518
149.0000 0.9520
150.0000 0.8520
