1.0000 2.1918
2.0000 2.2106
3.0000 2.1219
4.0000 2.0302
5.0000 1.9748
6.0000 1.9727
7.0000 2.0450
8.0000 2.1335
9.0000 2.2055
10.0000 2.3017
11.0000 2.3322
12.0000 2.2324
13.0000 2.1413
14.0000 2.0935
15.0000 2.1877
16.0000 2.2858
17.0000 2.2093
18.0000 2.1094
19.0000 2.0978
20.0000 2.0750
21.0000 1.9912
22.0000 1.9946
23.0000 1.9534
24.0000 2.0023
25.0000 2.1003
26.0000 2.1996
27.0000 2.2170
28.0000 2.1251
29.0000 2.0459
30.0000 1.9943
31.0000 1.8959
32.0000 1.7981
33.0000 1.7495
34.0000 1.8037
35.0000 1.8380
36.0000 1.8655
37.0000 1.8553
38.0000 1.9010
39.0000 1.8814
40.0000 1.9791
41.0000 1.9412
42.0000 2.0051
43.0000 1.9834
44.0000 1.8844
45.0000 1.7943
46.0000 1.7088
47.0000 1.6090
48.0000 1.5208
49.0000 1.4239
50.0000 1.3320
51.0000 1.2717
52.0000 1.2052
53.0000 1.2105
54.0000 1.2864
55.0000 1.3716
56.0000 1.4714
57.0000 1.5495
58.0000 1.6371
59.0000 1.6458
60.0000 1.5701
61.0000 1.5392
62.0000 1.4395
63.0000 1.3467
64.0000 1.2519
65.0000 1.1676
66.0000 1.0676
67.0000 1.0064
68.0000 1.0425
69.0000 0.9950
70.0000 0.9241
71.0000 0.8242
72.0000 0.7280
73.0000 0.6335
74.0000 0.6453
75.0000 0.5654
76.0000 0.5653
77.0000 0.5948
78.0000 0.4985
79.0000 0.5082
80.0000 0.5165
81.0000 0.5264
82.0000 0.4361
83.0000 0.3392
84.0000 0.2408
85.0000 0.1472
86.0000 0.0473
87.0000 0.0651
88.0000 0.1649
89.0000 0.1503
90.0000 0.0840
91.0000 0.0163
92.0000 0.1156
93.0000 0.1921
94.0000 0.2912
95.0000 0.3896
96.0000 0.4888
97.0000 0.5881
98.0000 0.6573
99.0000 0.7435
100.0000 0.8431
101.0000 0.9404
102.0000 1.0372
103.0000 1.0712
104.0000 1.1427
105.0000 1.1062
106.0000 1.1646
107.0000 1.0971
108.0000 1.0818
109.0000 1.0545
110.0000 0.9657
111.0000 0.9241
112.0000 0.8836
113.0000 0.8375
114.0000 0.7801
115.0000 0.6930
116.0000 0.6311
117.0000 0.5658
118.0000 0.5167
119.0000 0.4206
120.0000 0.3413
121.0000 0.2446
122.0000 0.1680
123.0000 0.0708
124.0000 0.0413
125.0000 0.1069
126.0000 0.1746
127.0000 0.2698
128.0000 0.3640
129.0000 0.4387
130.0000 0.4771
131.0000 0.5713
132.0000 0.6574
133.0000 0.7534
134.0000 0.8421
135.0000 0.8701
136.0000 0.8719
137.0000 0.9674
138.0000 1.0544
139.0000 1.0426
140.0000 1.0224
141.0000 1.0043
142.0000 1.0421
143.0000 1.1179
144.0000 1.2143
145.0000 1.3007
146.0000 1.3907
147.0000 1.4339
148.0000 1.4074
149.0000 1.4326
150.0000 1.5300
