1.0000 2.1584
2.0000 2.1278
3.0000 2.0281
4.0000 2.0020
5.0000 2.0287
6.0000 2.0460
7.0000 2.1433
8.0000 2.1915
9.0000 2.1890
10.0000 2.2833
11.0000 2.3590
12.0000 2.4359
13.0000 2.4062
14.0000 2.4385
15.0000 2.5361
16.0000 2.6259
17.0000 2.6750
18.0000 2.6239
19.0000 2.5706
20.0000 2.5301
21.0000 2.5291
22.0000 2.5141
23.0000 2.4997
24.0000 2.4795
25.0000 2.5572
26.0000 2.6255
27.0000 2.6703
28.0000 2.7655
29.0000 2.7940
30.0000 2.7107
31.0000 2.6640
32.0000 2.5754
33.0000 2.4832
34.0000 2.4454
35.0000 2.4714
36.0000 2.4236
37.0000 2.3804
38.0000 2.3405
39.0000 2.2425
40.0000 2.1684
41.0000 2.0703
42.0000 2.0189
43.0000 2.1068
44.0000 2.2055
45.0000 2.2281
46.0000 2.2099
47.0000 2.2238
48.0000 2.3088
49.0000 2.2634
50.0000 2.2527
51.0000 2.2774
52.0000 2.3767
53.0000 2.2966
54.0000 2.2400
55.0000 2.2969
56.0000 2.2420
57.0000 2.2322
58.0000 2.3259
59.0000 2.3673
60.0000 2.2846
61.0000 2.1866
62.0000 2.1395
63.0000 2.2176
64.0000 2.3079
65.0000 2.3462
66.0000 2.3567
67.0000 2.3354
68.0000 2.3164
69.0000 2.2165
70.0000 2.1468
71.0000 2.0580
72.0000 1.9626
73.0000 1.8716
74.0000 1.8027
75.0000 1.7339
76.0000 1.6345
77.0000 1.6045
78.0000 1.5509
79.0000 1.5709
80.0000 1.6104
81.0000 1.6752
82.0000 1.6615
83.0000 1.6639
84.0000 1.7627
85.0000 1.8627
86.0000 1.9626
87.0000 2.0584
88.0000 2.1144
89.0000 2.1672
90.0000 2.2407
91.0000 2.2647
92.0000 2.2343
93.0000 2.2074
94.0000 2.2441
95.0000 2.2330
96.0000 2.1343
97.0000 2.0360
98.0000 1.9372
99.0000 1.8629
100.0000 1.7811
101.0000 1.7618
102.0000 1.6946
103.0000 1.5948
104.0000 1.5852
105.0000 1.5806
106.0000 1.6729
107.0000 1.7692
108.0000 1.7892
109.0000 1.8801
110.0000 1.8729
111.0000 1.7780
112.0000 1.6907
113.0000 1.6091
114.0000 1.6109
115.0000 1.6875
116.0000 1.6461
117.0000 1.5813
118.0000 1.4955
119.0000 1.4328
120.0000 1.3397
121.0000 1.3731
122.0000 1.4526
123.0000 1.5525
124.0000 1.6519
125.0000 1.6999
126.0000 1.7013
127.0000 1.6234
128.0000 1.5455
129.0000 1.5039
130.0000 1.5763
131.0000 1.6727
132.0000 1.7725
133.0000 1.8015
134.0000 1.7400
135.0000 1.7756
136.0000 1.8650
137.0000 1.8376
138.0000 1.7787
139.0000 1.7131
140.0000 1.7612
141.0000 1.7692
142.0000 1.6808
143.0000 1.6044
144.0000 1.5822
145.0000 1.4822
146.0000 1.4292
147.0000 1.3315
148.0000 1.2956
149.0000 1.1957
150.0000 1.1447
