1.0000 2.1768
2.0000 2.1375
3.0000 2.1170
4.0000 2.0250
5.0000 1.9254
6.0000 1.8606
7.0000 1.7803
8.0000 1.7139
9.0000 1.6920
10.0000 1.6979
11.0000 1.7924
12.0000 1.8923
13.0000 1.9407
14.0000 1.9926
15.0000 1.9309
16.0000 1.8563
17.0000 1.7569
18.0000 1.6830
19.0000 1.7311
20.0000 1.8310
21.0000 1.9293
22.0000 2.0194
23.0000 2.0169
24.0000 2.0602
25.0000 1.9823
26.0000 2.0108
27.0000 2.0140
28.0000 1.9234
29.0000 1.8431
30.0000 1.7440
31.0000 1.7311
32.0000 1.6327
33.0000 1.5910
34.0000 1.5348
35.0000 1.4380
36.0000 1.3950
37.0000 1.2953
38.0000 1.2553
39.0000 1.2981
40.0000 1.2566
41.0000 1.1596
42.0000 1.0722
43.0000 0.9724
44.0000 1.0498
45.0000 1.0918
46.0000 1.1585
47.0000 1.2585
48.0000 1.3513
49.0000 1.2687
50.0000 1.1717
51.0000 1.0849
52.0000 1.0193
53.0000 0.9196
54.0000 0.8226
55.0000 0.7485
56.0000 0.6590
57.0000 0.6059
58.0000 0.5820
59.0000 0.5253
60.0000 0.4715
61.0000 0.4243
62.0000 0.3706
63.0000 0.2706
64.0000 0.1742
65.0000 0.1248
66.0000 0.0591
67.0000 0.0421
68.0000 0.1414
69.0000 0.2180
70.0000 0.3159
71.0000 0.4158
72.0000 0.5024
73.0000 0.5243
74.0000 0.4552
75.0000 0.3580
76.0000 0.2580
77.0000 0.1590
78.0000 0.0742
79.0000 0.0904
80.0000 0.1494
81.0000 0.2103
82.0000 0.3088
83.0000 0.4077
84.0000 0.4137
85.0000 0.5132
86.0000 0.6111
87.0000 0.7092
88.0000 0.7573
89.0000 0.7547
90.0000 0.6858
91.0000 0.5872
92.0000 0.5374
93.0000 0.5665
94.0000 0.6328
95.0000 0.6106
96.0000 0.6236
97.0000 0.6900
98.0000 0.7239
99.0000 0.8239
100.0000 0.9091
101.0000 0.8989
102.0000 0.8059
103.0000 0.7065
104.0000 0.6129
105.0000 0.5211
106.0000 0.4922
107.0000 0.5919
108.0000 0.6792
109.0000 0.7792
110.0000 0.8786
111.0000 0.9785
112.0000 1.0746
113.0000 1.1489
114.0000 1.0862
115.0000 1.0649
116.0000 0.9895
117.0000 0.8959
118.0000 0.8805
119.0000 0.9709
120.0000 1.0040
121.0000 1.0227
122.0000 1.0243
123.0000 1.1214
124.0000 1.2024
125.0000 1.3023
126.0000 1.3945
127.0000 1.4508
128.0000 1.5138
129.0000 1.4977
130.0000 1.5516
131.0000 1.6409
132.0000 1.7162
133.0000 1.8126
134.0000 1.8640
135.0000 1.9634
136.0000 2.0478
137.0000 2.0478
138.0000 2.0734
139.0000 2.1153
140.0000 2.2146
141.0000 2.3114
142.0000 2.3214
143.0000 2.3973
144.0000 2.4723
145.0000 2.4322
146.0000 2.4513
147.0000 2.4812
148.0000 2.4271
149.0000 2.4540
150.0000 2.4433
