1.0000 2.1915
2.0000 2.2463
3.0000 2.3294
4.0000 2.3404
5.0000 2.4260
6.0000 2.4761
7.0000 2.5627
8.0000 2.5551
9.0000 2.5207
10.0000 2.4207
11.0000 2.3485
12.0000 2.2513
13.0000 2.1820
14.0000 2.2346
15.0000 2.2172
16.0000 2.3050
17.0000 2.3826
18.0000 2.3602
19.0000 2.4602
20.0000 2.3690
21.0000 2.2770
22.0000 2.2938
23.0000 2.3736
24.0000 2.4733
25.0000 2.4266
26.0000 2.3670
27.0000 2.3679
28.0000 2.3375
29.0000 2.2779
30.0000 2.2583
31.0000 2.1603
32.0000 2.0800
33.0000 1.9836
34.0000 1.8841
35.0000 1.8554
36.0000 1.8331
37.0000 1.9025
38.0000 1.9831
39.0000 2.0328
40.0000 2.0634
41.0000 2.0307
42.0000 1.9411
43.0000 1.8451
44.0000 1.7696
45.0000 1.6776
46.0000 1.5824
47.0000 1.4829
48.0000 1.4326
49.0000 1.5048
50.0000 1.6001
51.0000 1.6917
52.0000 1.7553
53.0000 1.7403
54.0000 1.7494
55.0000 1.8204
56.0000 1.7330
57.0000 1.7179
58.0000 1.8179
59.0000 1.9150
60.0000 1.9628
61.0000 1.9112
62.0000 1.9113
63.0000 1.8145
64.0000 1.7145
65.0000 1.7294
66.0000 1.8119
67.0000 1.7692
68.0000 1.6769
69.0000 1.7341
70.0000 1.8334
71.0000 1.9246
72.0000 2.0030
73.0000 2.0628
74.0000 2.0569
75.0000 2.0824
76.0000 1.9951
77.0000 1.9805
78.0000 1.9976
79.0000 1.9910
80.0000 1.9545
81.0000 1.8644
82.0000 1.7662
83.0000 1.6714
84.0000 1.6668
85.0000 1.5887
86.0000 1.5648
87.0000 1.5756
88.0000 1.5991
89.0000 1.6450
90.0000 1.6857
91.0000 1.7369
92.0000 1.6897
93.0000 1.6474
94.0000 1.5856
95.0000 1.6533
96.0000 1.6618
97.0000 1.7087
98.0000 1.8047
99.0000 1.8711
100.0000 1.9685
101.0000 2.0247
102.0000 2.1245
103.0000 2.0663
104.0000 2.0682
105.0000 2.0673
106.0000 2.1012
107.0000 2.0147
108.0000 1.9156
109.0000 1.8266
110.0000 1.8097
111.0000 1.7630
112.0000 1.7810
113.0000 1.8185
114.0000 1.7244
115.0000 1.7267
116.0000 1.7716
117.0000 1.7060
118.0000 1.6762
119.0000 1.7360
120.0000 1.6558
121.0000 1.6624
122.0000 1.6864
123.0000 1.6826
124.0000 1.6535
125.0000 1.5780
126.0000 1.6183
127.0000 1.5689
128.0000 1.5336
129.0000 1.5103
130.0000 1.5850
131.0000 1.6125
132.0000 1.5992
133.0000 1.6093
134.0000 1.6364
135.0000 1.6097
136.0000 1.5541
137.0000 1.6137
138.0000 1.7056
139.0000 1.7671
140.0000 1.7716
141.0000 1.8436
142.0000 1.9101
143.0000 2.0025
144.0000 1.9549
145.0000 1.8633
146.0000 1.7636
147.0000 1.7047
148.0000 1.6064
149.0000 1.5313
150.0000 1.4405
