1.0000 2.2329
2.0000 2.3011
3.0000 2.2627
4.0000 2.2536
5.0000 2.1785
6.0000 2.0890
7.0000 1.9911
8.0000 1.9595
9.0000 2.0287
10.0000 2.1271
11.0000 2.2069
12.0000 2.3066
13.0000 2.2311
14.0000 2.1357
15.0000 2.0723
16.0000 1.9952
17.0000 1.9691
18.0000 1.8712
19.0000 1.8966
20.0000 1.8109
21.0000 1.7910
22.0000 1.8910
23.0000 1.9599
24.0000 1.9771
25.0000 1.9056
26.0000 1.8350
27.0000 1.7354
28.0000 1.6363
29.0000 1.5364
30.0000 1.5810
31.0000 1.6473
32.0000 1.7168
33.0000 1.8122
34.0000 1.9117
35.0000 1.9679
36.0000 1.8963
37.0000 1.8198
38.0000 1.7260
39.0000 1.6786
40.0000 1.5841
41.0000 1.4896
42.0000 1.3920
43.0000 1.2968
44.0000 1.2004
45.0000 1.1046
46.0000 1.0236
47.0000 0.9587
48.0000 0.8841
49.0000 0.8163
50.0000 0.7237
51.0000 0.6568
52.0000 0.5628
53.0000 0.4989
54.0000 0.4774
55.0000 0.5481
56.0000 0.6140
57.0000 0.5754
58.0000 0.6440
59.0000 0.7402
60.0000 0.7985
61.0000 0.7425
62.0000 0.8403
63.0000 0.9079
64.0000 0.9759
65.0000 1.0467
66.0000 1.0963
67.0000 1.1892
68.0000 1.2750
69.0000 1.3223
70.0000 1.3493
71.0000 1.2608
72.0000 1.1961
73.0000 1.1247
74.0000 1.1298
75.0000 1.1972
76.0000 1.2081
77.0000 1.1088
78.0000 1.1574
79.0000 1.2544
80.0000 1.3488
81.0000 1.4475
82.0000 1.4512
83.0000 1.5490
84.0000 1.6354
85.0000 1.6858
86.0000 1.6802
87.0000 1.5807
88.0000 1.5410
89.0000 1.5407
90.0000 1.5276
91.0000 1.5040
92.0000 1.5063
93.0000 1.5062
94.0000 1.6014
95.0000 1.6960
96.0000 1.6999
97.0000 1.6242
98.0000 1.5262
99.0000 1.5083
100.0000 1.4723
101.0000 1.4532
102.0000 1.3532
103.0000 1.2583
104.0000 1.1601
105.0000 1.0605
106.0000 0.9649
107.0000 0.8836
108.0000 0.7911
109.0000 0.8556
110.0000 0.9331
111.0000 1.0151
112.0000 1.0734
113.0000 1.0638
114.0000 1.0486
115.0000 0.9492
116.0000 0.8562
117.0000 0.8326
118.0000 0.7351
119.0000 0.6607
120.0000 0.5634
121.0000 0.5527
122.0000 0.5457
123.0000 0.4682
124.0000 0.4703
125.0000 0.4549
126.0000 0.5233
127.0000 0.6073
128.0000 0.7071
129.0000 0.7592
130.0000 0.7997
131.0000 0.8759
132.0000 0.9641
133.0000 1.0028
134.0000 1.0285
135.0000 1.0586
136.0000 0.9932
137.0000 0.8932
138.0000 0.7947
139.0000 0.7196
140.0000 0.6228
141.0000 0.6505
142.0000 0.6308
143.0000 0.5959
144.0000 0.6853
145.0000 0.7848
146.0000 0.8807
147.0000 0.9549
148.0000 0.9507
149.0000 1.0284
150.0000 1.1144
