1.0000 2.1361
2.0000 2.1808
3.0000 2.1195
4.0000 2.1706
5.0000 2.2633
6.0000 2.1956
7.0000 2.1835
8.0000 2.1139
9.0000 2.1163
10.0000 2.2155
11.0000 2.2681
12.0000 2.2201
13.0000 2.1553
14.0000 2.0655
15.0000 1.9658
16.0000 1.8873
17.0000 1.7873
18.0000 1.7181
19.0000 1.6384
20.0000 1.6842
21.0000 1.7791
22.0000 1.7266
23.0000 1.6789
24.0000 1.7071
25.0000 1.7582
26.0000 1.8536
27.0000 1.9206
28.0000 1.9767
29.0000 2.0765
30.0000 2.1220
31.0000 2.1739
32.0000 2.1731
33.0000 2.2021
34.0000 2.1657
35.0000 2.1496
36.0000 2.1310
37.0000 2.1784
38.0000 2.1811
39.0000 2.2580
40.0000 2.2808
41.0000 2.3693
42.0000 2.4686
43.0000 2.4850
44.0000 2.5092
45.0000 2.5047
46.0000 2.4486
47.0000 2.3494
48.0000 2.2494
49.0000 2.1664
50.0000 2.1641
51.0000 2.1953
52.0000 2.1281
53.0000 2.1153
54.0000 2.1563
55.0000 2.1960
56.0000 2.2344
57.0000 2.2888
58.0000 2.1911
59.0000 2.0986
60.0000 2.0090
61.0000 1.9150
62.0000 1.8258
63.0000 1.8564
64.0000 1.9102
65.0000 1.8580
66.0000 1.8426
67.0000 1.9167
68.0000 2.0153
69.0000 2.1087
70.0000 2.1683
71.0000 2.2496
72.0000 2.3469
73.0000 2.4015
74.0000 2.4492
75.0000 2.4980
76.0000 2.3980
77.0000 2.3246
78.0000 2.2422
79.0000 2.1882
80.0000 2.1450
81.0000 2.0525
82.0000 1.9641
83.0000 1.8892
84.0000 1.7993
85.0000 1.7008
86.0000 1.6292
87.0000 1.5303
88.0000 1.4305
89.0000 1.3686
90.0000 1.4117
91.0000 1.4973
92.0000 1.5947
93.0000 1.6907
94.0000 1.7885
95.0000 1.8755
96.0000 1.9273
97.0000 2.0113
98.0000 1.9865
99.0000 1.8945
100.0000 1.7980
101.0000 1.7745
102.0000 1.6897
103.0000 1.5918
104.0000 1.4925
105.0000 1.4012
106.0000 1.3136
107.0000 1.3224
108.0000 1.4178
109.0000 1.5173
110.0000 1.6084
111.0000 1.6752
112.0000 1.7533
113.0000 1.8403
114.0000 1.8424
115.0000 1.8856
116.0000 1.9839
117.0000 2.0635
118.0000 2.0971
119.0000 2.1678
120.0000 2.1625
121.0000 2.0636
122.0000 2.0503
123.0000 2.1500
124.0000 2.2494
125.0000 2.3223
126.0000 2.4157
127.0000 2.4648
128.0000 2.5578
129.0000 2.6495
130.0000 2.7125
131.0000 2.8001
132.0000 2.8102
133.0000 2.7665
134.0000 2.7292
135.0000 2.6435
136.0000 2.5970
137.0000 2.6922
138.0000 2.7877
139.0000 2.7757
140.0000 2.6971
141.0000 2.5973
142.0000 2.6105
143.0000 2.5561
144.0000 2.5960
145.0000 2.6530
146.0000 2.5617
147.0000 2.4902
148.0000 2.3961
149.0000 2.3440
150.0000 2.2885
