1.0000 2.1814
2.0000 2.0881
3.0000 2.0298
4.0000 1.9310
5.0000 1.9038
6.0000 1.9487
7.0000 2.0475
8.0000 1.9980
9.0000 1.9299
10.0000 1.9244
11.0000 1.8255
12.0000 1.7447
13.0000 1.6644
14.0000 1.5661
15.0000 1.4952
16.0000 1.4017
17.0000 1.4334
18.0000 1.4228
19.0000 1.4048
20.0000 1.4570
21.0000 1.5082
22.0000 1.6018
23.0000 1.6888
24.0000 1.7093
25.0000 1.7511
26.0000 1.8195
27.0000 1.9194
28.0000 2.0192
29.0000 2.1129
30.0000 2.2129
31.0000 2.2276
32.0000 2.1768
33.0000 2.0796
34.0000 1.9921
35.0000 2.0042
36.0000 1.9139
37.0000 1.8992
38.0000 1.8505
39.0000 1.7571
40.0000 1.6863
41.0000 1.7155
42.0000 1.6858
43.0000 1.5986
44.0000 1.5441
45.0000 1.4520
46.0000 1.3520
47.0000 1.3376
48.0000 1.3777
49.0000 1.3299
50.0000 1.2338
51.0000 1.1367
52.0000 1.0499
53.0000 1.0083
54.0000 0.9371
55.0000 0.8371
56.0000 0.7401
57.0000 0.6702
58.0000 0.5717
59.0000 0.6046
60.0000 0.6470
61.0000 0.7270
62.0000 0.7864
63.0000 0.7038
64.0000 0.6509
65.0000 0.6633
66.0000 0.6876
67.0000 0.7164
68.0000 0.8144
69.0000 0.9144
70.0000 0.9187
71.0000 1.0173
72.0000 1.1147
73.0000 1.1388
74.0000 1.1668
75.0000 1.2619
76.0000 1.3618
77.0000 1.4292
78.0000 1.5212
79.0000 1.5714
80.0000 1.6614
81.0000 1.7440
82.0000 1.8314
83.0000 1.8402
84.0000 1.7497
85.0000 1.7050
86.0000 1.6718
87.0000 1.5894
88.0000 1.5052
89.0000 1.4148
90.0000 1.3602
91.0000 1.3056
92.0000 1.3168
93.0000 1.3997
94.0000 1.4997
95.0000 1.5478
96.0000 1.6428
97.0000 1.7337
98.0000 1.8261
99.0000 1.9189
100.0000 2.0044
101.0000 2.0883
102.0000 2.1580
103.0000 2.1955
104.0000 2.2883
105.0000 2.2647
106.0000 2.3015
107.0000 2.2619
108.0000 2.2615
109.0000 2.2520
110.0000 2.2676
111.0000 2.1738
112.0000 2.1020
113.0000 2.0386
114.0000 1.9599
115.0000 1.8649
116.0000 1.7677
117.0000 1.7980
118.0000 1.8932
119.0000 1.9583
120.0000 1.9727
121.0000 1.9476
122.0000 1.9773
123.0000 2.0559
124.0000 2.0422
125.0000 2.1414
126.0000 2.2408
127.0000 2.3404
128.0000 2.3855
129.0000 2.4337
130.0000 2.5222
131.0000 2.6192
132.0000 2.6181
133.0000 2.5201
134.0000 2.4504
135.0000 2.4661
136.0000 2.4166
137.0000 2.4626
138.0000 2.5351
139.0000 2.6101
140.0000 2.6682
141.0000 2.7303
142.0000 2.8021
143.0000 2.8702
144.0000 2.7807
145.0000 2.7930
146.0000 2.7934
147.0000 2.7027
148.0000 2.6045
149.0000 2.5089
150.0000 2.4096
