1.0000 2.2761
2.0000 2.3321
3.0000 2.3460
4.0000 2.2796
5.0000 2.2502
6.0000 2.1749
7.0000 2.1948
8.0000 2.2877
9.0000 2.3352
10.0000 2.4352
11.0000 2.5274
12.0000 2.6188
13.0000 2.5725
14.0000 2.4991
15.0000 2.4191
16.0000 2.3236
17.0000 2.2538
18.0000 2.2905
19.0000 2.2571
20.0000 2.1609
21.0000 2.0729
22.0000 1.9832
23.0000 1.9787
24.0000 2.0540
25.0000 2.0989
26.0000 2.0831
27.0000 2.0365
28.0000 1.9812
29.0000 1.9345
30.0000 1.9189
31.0000 1.9084
32.0000 1.8368
33.0000 1.9247
34.0000 2.0133
35.0000 2.0929
36.0000 2.1857
37.0000 2.2672
38.0000 2.3178
39.0000 2.3770
40.0000 2.4496
41.0000 2.5115
42.0000 2.5048
43.0000 2.4837
44.0000 2.4586
45.0000 2.4312
46.0000 2.3515
47.0000 2.2515
48.0000 2.2303
49.0000 2.2482
50.0000 2.1507
51.0000 2.0514
52.0000 1.9514
53.0000 1.9447
54.0000 1.9613
55.0000 1.9950
56.0000 1.9917
57.0000 1.9272
58.0000 1.8584
59.0000 1.7805
60.0000 1.6817
61.0000 1.5882
62.0000 1.5072
63.0000 1.5642
64.0000 1.6479
65.0000 1.6479
66.0000 1.5696
67.0000 1.5103
68.0000 1.4581
69.0000 1.3893
70.0000 1.3835
71.0000 1.3645
72.0000 1.3422
73.0000 1.2620
74.0000 1.1998
75.0000 1.1594
76.0000 1.1471
77.0000 1.2453
78.0000 1.3453
79.0000 1.4325
80.0000 1.4191
81.0000 1.3507
82.0000 1.3129
83.0000 1.2993
84.0000 1.3748
85.0000 1.4279
86.0000 1.4972
87.0000 1.4730
88.0000 1.3942
89.0000 1.3775
90.0000 1.4422
91.0000 1.5306
92.0000 1.5509
93.0000 1.4710
94.0000 1.5709
95.0000 1.6707
96.0000 1.7603
97.0000 1.8575
98.0000 1.9430
99.0000 2.0425
100.0000 2.0345
101.0000 2.0630
102.0000 2.1459
103.0000 2.2214
104.0000 2.3201
105.0000 2.4143
106.0000 2.4295
107.0000 2.5126
108.0000 2.6017
109.0000 2.5544
110.0000 2.4914
111.0000 2.4210
112.0000 2.3272
113.0000 2.2286
114.0000 2.1591
115.0000 2.1262
116.0000 2.1410
117.0000 2.0985
118.0000 2.0025
119.0000 1.9337
120.0000 1.8591
121.0000 1.9388
122.0000 1.9630
123.0000 1.8631
124.0000 1.7637
125.0000 1.6828
126.0000 1.5876
127.0000 1.5918
128.0000 1.6290
129.0000 1.7185
130.0000 1.6966
131.0000 1.7098
132.0000 1.7685
133.0000 1.8528
134.0000 1.9302
135.0000 2.0036
136.0000 2.0193
137.0000 2.0191
138.0000 2.1061
139.0000 2.1420
140.0000 2.1986
141.0000 2.2498
142.0000 2.2954
143.0000 2.3751
144.0000 2.4322
145.0000 2.4790
146.0000 2.3893
147.0000 2.3094
148.0000 2.2685
149.0000 2.3660
150.0000 2.4127
