1.0000 2.1821
2.0000 2.1073
3.0000 2.0087
4.0000 2.0059
5.0000 1.9723
6.0000 1.9095
7.0000 1.8297
8.0000 1.8632
9.0000 1.9105
10.0000 1.9898
11.0000 2.0771
12.0000 2.0908
13.0000 2.0274
14.0000 2.0878
15.0000 2.1836
16.0000 2.2550
17.0000 2.3549
18.0000 2.3617
19.0000 2.3939
20.0000 2.4930
21.0000 2.4738
22.0000 2.3739
23.0000 2.3050
24.0000 2.2842
25.0000 2.1935
26.0000 2.1368
27.0000 2.0860
28.0000 2.1822
29.0000 2.1559
30.0000 2.0566
31.0000 1.9571
32.0000 2.0278
33.0000 2.0915
34.0000 2.1826
35.0000 2.2763
36.0000 2.3484
37.0000 2.3685
38.0000 2.3386
39.0000 2.2494
40.0000 2.2233
41.0000 2.1970
42.0000 2.2142
43.0000 2.1620
44.0000 2.0625
45.0000 1.9748
46.0000 2.0513
47.0000 2.1282
48.0000 2.2095
49.0000 2.2968
50.0000 2.3968
51.0000 2.4904
52.0000 2.5891
53.0000 2.6196
54.0000 2.5964
55.0000 2.6016
56.0000 2.5404
57.0000 2.4462
58.0000 2.3492
59.0000 2.4082
60.0000 2.4352
61.0000 2.3955
62.0000 2.3198
63.0000 2.4137
64.0000 2.4707
65.0000 2.4060
66.0000 2.3720
67.0000 2.3585
68.0000 2.3536
69.0000 2.4429
70.0000 2.5064
71.0000 2.4391
72.0000 2.3392
73.0000 2.2454
74.0000 2.2148
75.0000 2.2078
76.0000 2.2371
77.0000 2.2519
78.0000 2.2039
79.0000 2.1042
80.0000 2.0060
81.0000 1.9159
82.0000 1.8627
83.0000 1.8638
84.0000 1.8995
85.0000 1.9851
86.0000 1.8865
87.0000 1.7982
88.0000 1.7229
89.0000 1.6254
90.0000 1.5314
91.0000 1.4394
92.0000 1.3535
93.0000 1.2560
94.0000 1.1846
95.0000 1.1847
96.0000 1.0882
97.0000 1.0906
98.0000 1.0008
99.0000 0.9098
100.0000 0.8501
101.0000 0.9263
102.0000 1.0010
103.0000 1.0428
104.0000 1.0883
105.0000 1.1442
106.0000 1.2442
107.0000 1.3382
108.0000 1.3989
109.0000 1.4773
110.0000 1.5320
111.0000 1.6068
112.0000 1.6722
113.0000 1.6128
114.0000 1.6391
115.0000 1.7350
116.0000 1.7706
117.0000 1.8133
118.0000 1.8720
119.0000 1.8737
120.0000 1.9697
121.0000 2.0482
122.0000 2.1072
123.0000 2.1445
124.0000 2.2401
125.0000 2.3119
126.0000 2.2780
127.0000 2.2089
128.0000 2.1697
129.0000 2.2009
130.0000 2.1198
131.0000 2.0602
132.0000 1.9745
133.0000 1.8812
134.0000 1.9355
135.0000 1.8649
136.0000 1.8130
137.0000 1.7131
138.0000 1.6543
139.0000 1.6245
140.0000 1.5809
141.0000 1.5067
142.0000 1.4800
143.0000 1.5037
144.0000 1.4463
145.0000 1.3726
146.0000 1.2765
147.0000 1.1892
148.0000 1.0969
149.0000 1.0473
150.0000 0.9473
