1.0000 2.2628
2.0000 2.2630
3.0000 2.1637
4.0000 2.1103
5.0000 2.1012
6.0000 2.0466
7.0000 2.1104
8.0000 2.1920
9.0000 2.1270
10.0000 2.0477
11.0000 2.0225
12.0000 1.9574
13.0000 1.8674
14.0000 1.7674
15.0000 1.6748
16.0000 1.5829
17.0000 1.4851
18.0000 1.5189
19.0000 1.5452
20.0000 1.5993
21.0000 1.6903
22.0000 1.7666
23.0000 1.8063
24.0000 1.8090
25.0000 1.7504
26.0000 1.6567
27.0000 1.5568
28.0000 1.4680
29.0000 1.3712
30.0000 1.4031
31.0000 1.3470
32.0000 1.3421
33.0000 1.4032
34.0000 1.4975
35.0000 1.5946
36.0000 1.6398
37.0000 1.5705
38.0000 1.4709
39.0000 1.3730
40.0000 1.2758
41.0000 1.2784
42.0000 1.2291
43.0000 1.1884
44.0000 1.1152
45.0000 1.1118
46.0000 1.1754
47.0000 1.2557
48.0000 1.2968
49.0000 1.3524
50.0000 1.3085
51.0000 1.2466
52.0000 1.2968
53.0000 1.2874
54.0000 1.3041
55.0000 1.2921
56.0000 1.2860
57.0000 1.3306
58.0000 1.2424
59.0000 1.1969
60.0000 1.0975
61.0000 1.0227
62.0000 0.9242
63.0000 0.8247
64.0000 0.7499
65.0000 0.7105
66.0000 0.8016
67.0000 0.8812
68.0000 0.9694
69.0000 1.0399
70.0000 1.0848
71.0000 1.1828
72.0000 1.2579
73.0000 1.3090
74.0000 1.3501
75.0000 1.3274
76.0000 1.2308
77.0000 1.1379
78.0000 1.0936
79.0000 1.1832
80.0000 1.2832
81.0000 1.2952
82.0000 1.3270
83.0000 1.3915
84.0000 1.4422
85.0000 1.5317
86.0000 1.5942
87.0000 1.6332
88.0000 1.6584
89.0000 1.5669
90.0000 1.4766
91.0000 1.4249
92.0000 1.3747
93.0000 1.3400
94.0000 1.2910
95.0000 1.2254
96.0000 1.2366
97.0000 1.1433
98.0000 1.0971
99.0000 1.1003
100.0000 1.0247
101.0000 0.9621
102.0000 0.8917
103.0000 0.8362
104.0000 0.7459
105.0000 0.6460
106.0000 0.5692
107.0000 0.6502
108.0000 0.7481
109.0000 0.7994
110.0000 0.8857
111.0000 0.9185
112.0000 0.9541
113.0000 1.0331
114.0000 1.0255
115.0000 1.0939
116.0000 1.1875
117.0000 1.1945
118.0000 1.2616
119.0000 1.3584
120.0000 1.4546
121.0000 1.5535
122.0000 1.6512
123.0000 1.7491
124.0000 1.8369
125.0000 1.9161
126.0000 2.0123
127.0000 2.0600
128.0000 2.1169
129.0000 2.1994
130.0000 2.2674
131.0000 2.2623
132.0000 2.1636
133.0000 2.0800
134.0000 2.0199
135.0000 1.9214
136.0000 1.8215
137.0000 1.7598
138.0000 1.6990
139.0000 1.6035
140.0000 1.6890
141.0000 1.6212
142.0000 1.5555
143.0000 1.4578
144.0000 1.3612
145.0000 1.2783
146.0000 1.2408
147.0000 1.1418
148.0000 1.1547
149.0000 1.1061
150.0000 1.0941
