1.0000 2.1729
2.0000 2.1163
3.0000 2.0564
4.0000 1.9564
5.0000 1.9826
6.0000 2.0572
7.0000 2.0776
8.0000 1.9791
9.0000 1.9768
10.0000 1.9202
11.0000 1.8426
12.0000 1.7714
13.0000 1.6715
14.0000 1.5800
15.0000 1.5170
16.0000 1.5638
17.0000 1.5902
18.0000 1.5194
19.0000 1.5050
20.0000 1.4757
21.0000 1.5631
22.0000 1.4845
23.0000 1.4239
24.0000 1.3253
25.0000 1.2476
26.0000 1.3047
27.0000 1.2680
28.0000 1.3583
29.0000 1.4504
30.0000 1.5485
31.0000 1.5525
32.0000 1.6171
33.0000 1.7034
34.0000 1.7889
35.0000 1.8693
36.0000 1.9176
37.0000 2.0002
38.0000 2.0790
39.0000 2.0542
40.0000 2.0015
41.0000 2.0362
42.0000 2.0869
43.0000 2.1860
44.0000 2.2854
45.0000 2.3852
46.0000 2.4833
47.0000 2.4274
48.0000 2.3282
49.0000 2.2321
50.0000 2.1831
51.0000 2.0891
52.0000 2.1887
53.0000 2.2011
54.0000 2.1027
55.0000 2.0177
56.0000 1.9518
57.0000 1.8622
58.0000 1.7809
59.0000 1.6997
60.0000 1.6371
61.0000 1.5573
62.0000 1.5273
63.0000 1.5191
64.0000 1.4520
65.0000 1.5467
66.0000 1.5993
67.0000 1.6534
68.0000 1.6105
69.0000 1.5958
70.0000 1.6771
71.0000 1.7743
72.0000 1.8717
73.0000 1.9235
74.0000 1.8979
75.0000 1.9308
76.0000 2.0295
77.0000 2.1192
78.0000 2.1761
79.0000 2.2668
80.0000 2.3622
81.0000 2.3573
82.0000 2.3049
83.0000 2.2177
84.0000 2.1214
85.0000 2.0547
86.0000 1.9565
87.0000 1.8949
88.0000 1.8129
89.0000 1.8183
90.0000 1.8664
91.0000 1.9075
92.0000 1.9939
93.0000 1.9923
94.0000 1.9080
95.0000 1.9024
96.0000 1.8894
97.0000 1.8330
98.0000 1.7872
99.0000 1.8868
100.0000 1.9868
101.0000 2.0758
102.0000 2.0250
103.0000 2.0091
104.0000 1.9887
105.0000 1.9936
106.0000 1.9857
107.0000 1.9923
108.0000 1.8978
109.0000 1.8448
110.0000 1.7715
111.0000 1.7362
112.0000 1.6659
113.0000 1.6317
114.0000 1.6211
115.0000 1.5258
116.0000 1.4373
117.0000 1.4469
118.0000 1.3536
119.0000 1.2794
120.0000 1.2061
121.0000 1.1067
122.0000 1.0250
123.0000 1.0237
124.0000 1.0174
125.0000 1.0047
126.0000 1.0003
127.0000 0.9515
128.0000 0.9598
129.0000 1.0203
130.0000 1.1129
131.0000 1.1638
132.0000 1.2368
133.0000 1.2736
134.0000 1.3364
135.0000 1.2374
136.0000 1.1380
137.0000 1.0653
138.0000 1.0236
139.0000 1.0052
140.0000 1.0111
141.0000 1.0479
142.0000 1.0293
143.0000 0.9352
144.0000 0.8411
145.0000 0.8468
146.0000 0.9331
147.0000 1.0292
148.0000 1.0906
149.0000 1.0469
150.0000 1.0928
