1.0000 2.1373
2.0000 2.0812
3.0000 2.0119
4.0000 2.0768
5.0000 2.1767
6.0000 2.2682
7.0000 2.3009
8.0000 2.3038
9.0000 2.2600
10.0000 2.2909
11.0000 2.3119
12.0000 2.2825
13.0000 2.1939
14.0000 2.1221
15.0000 2.1196
16.0000 2.1515
17.0000 2.1827
18.0000 2.2745
19.0000 2.3369
20.0000 2.4337
21.0000 2.5333
22.0000 2.5770
23.0000 2.5121
24.0000 2.4121
25.0000 2.3163
26.0000 2.2397
27.0000 2.2087
28.0000 2.1178
29.0000 2.0973
30.0000 2.0479
31.0000 2.0352
32.0000 2.0823
33.0000 2.1685
34.0000 2.2657
35.0000 2.3639
36.0000 2.4335
37.0000 2.4409
38.0000 2.5027
39.0000 2.5885
40.0000 2.6093
41.0000 2.5569
42.0000 2.4620
43.0000 2.4395
44.0000 2.5395
45.0000 2.5456
46.0000 2.5559
47.0000 2.5124
48.0000 2.4130
49.0000 2.3543
50.0000 2.2867
51.0000 2.2218
52.0000 2.1235
53.0000 2.0256
54.0000 2.0511
55.0000 2.0974
56.0000 2.1722
57.0000 2.2611
58.0000 2.3084
59.0000 2.3352
60.0000 2.3854
61.0000 2.4100
62.0000 2.4384
63.0000 2.4699
64.0000 2.5553
65.0000 2.5319
66.0000 2.4421
67.0000 2.3508
68.0000 2.2627
69.0000 2.2080
70.0000 2.1724
71.0000 2.1792
72.0000 2.2579
73.0000 2.3539
74.0000 2.4154
75.0000 2.3594
76.0000 2.2829
77.0000 2.1897
78.0000 2.1141
79.0000 2.0322
80.0000 1.9648
81.0000 1.8999
82.0000 1.8044
83.0000 1.7084
84.0000 1.6205
85.0000 1.5349
86.0000 1.5172
87.0000 1.5377
88.0000 1.4792
89.0000 1.4137
90.0000 1.3473
91.0000 1.3306
92.0000 1.3254
93.0000 1.3957
94.0000 1.3782
95.0000 1.3568
96.0000 1.3829
97.0000 1.3273
98.0000 1.2649
99.0000 1.2051
100.0000 1.1210
101.0000 1.0398
102.0000 0.9475
103.0000 0.8498
104.0000 0.7589
105.0000 0.7149
106.0000 0.6484
107.0000 0.6040
108.0000 0.6319
109.0000 0.6551
110.0000 0.7536
111.0000 0.8461
112.0000 0.8746
113.0000 0.8902
114.0000 0.9640
115.0000 0.9076
116.0000 0.8581
117.0000 0.9177
118.0000 0.9399
119.0000 1.0338
120.0000 1.0395
121.0000 0.9651
122.0000 0.9629
123.0000 0.9616
124.0000 1.4205
125.0000 1.3554
126.0000 1.2963
127.0000 1.2194
128.0000 1.1369
129.0000 1.0400
130.0000 0.9454
131.0000 0.9608
132.0000 1.0578
133.0000 1.1546
134.0000 1.2534
135.0000 1.3340
136.0000 1.2425
137.0000 1.1437
138.0000 1.1548
139.0000 1.1776
140.0000 1.1440
141.0000 1.1148
142.0000 1.0150
143.0000 1.0031
144.0000 1.0594
145.0000 1.1587
146.0000 1.2512
147.0000 1.2702
148.0000 1.3157
149.0000 1.3437
150.0000 1.4182
