1.0000 2.2576
2.0000 2.1749
3.0000 2.0865
4.0000 2.0319
5.0000 1.9324
6.0000 1.8547
7.0000 1.7942
8.0000 1.7763
9.0000 1.7697
10.0000 1.8483
11.0000 1.8881
12.0000 1.9482
13.0000 1.9666
14.0000 2.0657
15.0000 2.1270
16.0000 2.2261
17.0000 2.3064
18.0000 2.2411
19.0000 2.1419
20.0000 2.0674
21.0000 2.0231
22.0000 2.0647
23.0000 2.1615
24.0000 2.2015
25.0000 2.2991
26.0000 2.3174
27.0000 2.2175
28.0000 2.1250
29.0000 2.0321
30.0000 1.9322
31.0000 1.8323
32.0000 1.7326
33.0000 1.7461
34.0000 1.8357
35.0000 1.8904
36.0000 1.9665
37.0000 2.0161
38.0000 2.0295
39.0000 2.0556
40.0000 2.0353
41.0000 1.9420
42.0000 1.8450
43.0000 1.7830
44.0000 1.7017
45.0000 1.6495
46.0000 1.6482
47.0000 1.6730
48.0000 1.7011
49.0000 1.7150
50.0000 1.7774
51.0000 1.8770
52.0000 1.9457
53.0000 1.9790
54.0000 2.0789
55.0000 2.1782
56.0000 2.2149
57.0000 2.1448
58.0000 2.0453
59.0000 1.9819
60.0000 2.0563
61.0000 2.1169
62.0000 2.1913
63.0000 2.2890
64.0000 2.3889
65.0000 2.4747
66.0000 2.5736
67.0000 2.6630
68.0000 2.7527
69.0000 2.7163
70.0000 2.7311
71.0000 2.7379
72.0000 2.7360
73.0000 2.6586
74.0000 2.5739
75.0000 2.5445
76.0000 2.4915
77.0000 2.5141
78.0000 2.5602
79.0000 2.6573
80.0000 2.7336
81.0000 2.8230
82.0000 2.7487
83.0000 2.7411
84.0000 2.6657
85.0000 2.6553
86.0000 2.5910
87.0000 2.5009
88.0000 2.4101
89.0000 2.3106
90.0000 2.2304
91.0000 2.1341
92.0000 2.0376
93.0000 1.9411
94.0000 1.8710
95.0000 1.8768
96.0000 1.8157
97.0000 1.8777
98.0000 1.8794
99.0000 1.7843
100.0000 1.6989
101.0000 1.6181
102.0000 1.5206
103.0000 1.4387
104.0000 1.4082
105.0000 1.4683
106.0000 1.4726
107.0000 1.5535
108.0000 1.5693
109.0000 1.5795
110.0000 1.5745
111.0000 1.4922
112.0000 1.4479
113.0000 1.3492
114.0000 1.2963
115.0000 1.3326
116.0000 1.4264
117.0000 1.5250
118.0000 1.6188
119.0000 1.6968
120.0000 1.7737
121.0000 1.8679
122.0000 1.9656
123.0000 2.0017
124.0000 1.9891
125.0000 2.0855
126.0000 2.1804
127.0000 2.2801
128.0000 2.2368
129.0000 2.2914
130.0000 2.2281
131.0000 2.2619
132.0000 2.1995
133.0000 2.1872
134.0000 2.1208
135.0000 2.1507
136.0000 2.0609
137.0000 1.9754
138.0000 1.9506
139.0000 1.8511
140.0000 1.7673
141.0000 1.6677
142.0000 1.5916
143.0000 1.5092
144.0000 1.4681
145.0000 1.4421
146.0000 1.4270
147.0000 1.3814
148.0000 1.3372
149.0000 1.4350
150.0000 1.5181
