1.0000 2.1996
2.0000 2.1180
3.0000 2.1304
4.0000 2.1031
5.0000 2.1995
6.0000 2.2011
7.0000 2.1580
8.0000 2.2069
9.0000 2.3048
10.0000 2.3368
11.0000 2.3004
12.0000 2.2843
13.0000 2.3369
14.0000 2.4368
15.0000 2.4299
16.0000 2.3594
17.0000 2.2598
18.0000 2.1741
19.0000 2.0852
20.0000 1.9881
21.0000 1.9578
22.0000 1.8642
23.0000 1.8567
24.0000 1.7873
25.0000 1.6880
26.0000 1.7062
27.0000 1.8010
28.0000 1.8964
29.0000 1.9951
30.0000 2.0440
31.0000 2.0019
32.0000 1.9125
33.0000 1.8682
34.0000 1.8635
35.0000 1.8383
36.0000 1.8771
37.0000 1.9713
38.0000 2.0589
39.0000 2.1203
40.0000 2.2199
41.0000 2.3103
42.0000 2.3003
43.0000 2.2828
44.0000 2.2538
45.0000 2.2255
46.0000 2.1524
47.0000 2.0577
48.0000 2.0084
49.0000 1.9085
50.0000 1.8288
51.0000 1.7560
52.0000 1.6561
53.0000 1.5570
54.0000 1.4798
55.0000 1.4892
56.0000 1.5846
57.0000 1.6830
58.0000 1.7771
59.0000 1.8530
60.0000 1.9445
61.0000 2.0365
62.0000 2.0681
63.0000 2.1401
64.0000 2.0603
65.0000 1.9711
66.0000 1.8936
67.0000 1.8543
68.0000 1.8560
69.0000 1.7611
70.0000 1.7046
71.0000 1.6659
72.0000 1.6428
73.0000 1.6904
74.0000 1.7842
75.0000 1.8815
76.0000 1.9109
77.0000 1.9828
78.0000 2.0249
79.0000 2.0890
80.0000 2.0930
81.0000 2.1277
82.0000 2.1510
83.0000 2.1706
84.0000 2.1281
85.0000 2.1060
86.0000 2.0192
87.0000 1.9220
88.0000 1.8618
89.0000 1.7832
90.0000 1.7777
91.0000 1.7196
92.0000 1.6445
93.0000 1.6108
94.0000 1.6638
95.0000 1.6398
96.0000 1.7239
97.0000 1.7174
98.0000 1.7751
99.0000 1.8697
100.0000 1.8731
101.0000 1.9727
102.0000 2.0520
103.0000 2.1352
104.0000 2.1910
105.0000 2.1211
106.0000 2.0220
107.0000 1.9270
108.0000 1.9967
109.0000 2.0131
110.0000 2.0498
111.0000 1.9837
112.0000 1.8837
113.0000 1.7917
114.0000 1.7059
115.0000 1.6701
116.0000 1.6308
117.0000 1.5971
118.0000 1.5553
119.0000 1.5143
120.0000 1.4311
121.0000 1.3555
122.0000 1.2922
123.0000 1.2520
124.0000 1.2437
125.0000 1.3229
126.0000 1.3835
127.0000 1.4398
128.0000 1.5196
129.0000 1.5275
130.0000 1.5077
131.0000 1.5105
132.0000 1.5786
133.0000 1.6030
134.0000 1.6304
135.0000 1.7148
136.0000 1.8122
137.0000 1.8868
138.0000 1.9415
139.0000 1.9814
140.0000 1.9873
141.0000 1.9745
142.0000 1.9148
143.0000 1.9107
144.0000 1.8604
145.0000 1.8779
146.0000 1.9722
147.0000 1.9701
148.0000 1.9819
149.0000 2.0016
150.0000 1.9426
