1.0000 2.2451
2.0000 2.1620
3.0000 2.0885
4.0000 1.9892
5.0000 1.8906
6.0000 1.7939
7.0000 1.7206
8.0000 1.6213
9.0000 1.5224
10.0000 1.5314
11.0000 1.5733
12.0000 1.6038
13.0000 1.6933
14.0000 1.7879
15.0000 1.8856
16.0000 1.9636
17.0000 1.9679
18.0000 2.0529
19.0000 2.1118
20.0000 2.1483
21.0000 2.0646
22.0000 2.0154
23.0000 1.9186
24.0000 1.8188
25.0000 1.7920
26.0000 1.7013
27.0000 1.6229
28.0000 1.6824
29.0000 1.6821
30.0000 1.6714
31.0000 1.6052
32.0000 1.5397
33.0000 1.4686
34.0000 1.4681
35.0000 1.4408
36.0000 1.4350
37.0000 1.4578
38.0000 1.4259
39.0000 1.3315
40.0000 1.2981
41.0000 1.2150
42.0000 1.1372
43.0000 1.1151
44.0000 1.0205
45.0000 1.0326
46.0000 1.0624
47.0000 1.1505
48.0000 1.2483
49.0000 1.3474
50.0000 1.4361
51.0000 1.5216
52.0000 1.6199
53.0000 1.7168
54.0000 1.6895
55.0000 1.7491
56.0000 1.7911
57.0000 1.8831
58.0000 1.9829
59.0000 2.0826
60.0000 2.1765
61.0000 2.1953
62.0000 2.1231
63.0000 2.1578
64.0000 2.2457
65.0000 2.2217
66.0000 2.2391
67.0000 2.2413
68.0000 2.3277
69.0000 2.4265
70.0000 2.5082
71.0000 2.4083
72.0000 2.3085
73.0000 2.2155
74.0000 2.1747
75.0000 2.1159
76.0000 2.0179
77.0000 1.9658
78.0000 1.9005
79.0000 1.8125
80.0000 1.7637
81.0000 1.8130
82.0000 1.9003
83.0000 1.9980
84.0000 2.0648
85.0000 1.9767
86.0000 1.9551
87.0000 2.0008
88.0000 1.9130
89.0000 1.9426
90.0000 1.8731
91.0000 1.8702
92.0000 1.8923
93.0000 1.8597
94.0000 1.8989
95.0000 1.9046
96.0000 1.9944
97.0000 2.0884
98.0000 2.1718
99.0000 2.2322
100.0000 2.2831
101.0000 2.2150
102.0000 2.1166
103.0000 2.0392
104.0000 1.9392
105.0000 1.8689
106.0000 1.8291
107.0000 1.7292
108.0000 1.6763
109.0000 1.6268
110.0000 1.6316
111.0000 1.6011
112.0000 1.5963
113.0000 1.5760
114.0000 1.5755
115.0000 1.6626
116.0000 1.5931
117.0000 1.5897
118.0000 1.5513
119.0000 1.4513
120.0000 1.4219
121.0000 1.3593
122.0000 1.2598
123.0000 1.3592
124.0000 1.4376
125.0000 1.5308
126.0000 1.6298
127.0000 1.6188
128.0000 1.6532
129.0000 1.6837
130.0000 1.6990
131.0000 1.6892
132.0000 1.7710
133.0000 1.8660
134.0000 1.8134
135.0000 1.7539
136.0000 1.6559
137.0000 1.5605
138.0000 1.4879
139.0000 1.3884
140.0000 1.3015
141.0000 1.2021
142.0000 1.1357
143.0000 1.0386
144.0000 0.9526
145.0000 0.8537
146.0000 0.8908
147.0000 0.9678
148.0000 1.0658
149.0000 1.1650
150.0000 1.2641
