1.0000 2.1422
2.0000 2.0558
3.0000 2.0840
4.0000 2.1026
5.0000 2.1899
6.0000 2.2898
7.0000 2.2144
8.0000 2.2505
9.0000 2.2719
10.0000 2.2339
11.0000 2.1724
12.0000 2.0815
13.0000 2.0005
14.0000 1.9009
15.0000 1.8188
16.0000 1.7672
17.0000 1.7687
18.0000 1.7690
19.0000 1.7727
20.0000 1.7515
21.0000 1.6838
22.0000 1.6579
23.0000 1.5810
24.0000 1.4978
25.0000 1.4269
26.0000 1.3277
27.0000 1.2768
28.0000 1.3561
29.0000 1.3115
30.0000 1.3213
31.0000 1.3631
32.0000 1.3517
33.0000 1.2639
34.0000 1.2979
35.0000 1.2474
36.0000 1.1688
37.0000 1.1166
38.0000 1.0281
39.0000 0.9596
40.0000 1.0496
41.0000 1.0727
42.0000 1.1677
43.0000 1.2515
44.0000 1.3374
45.0000 1.4224
46.0000 1.4363
47.0000 1.3547
48.0000 1.2960
49.0000 1.2891
50.0000 1.3177
51.0000 1.2724
52.0000 1.2605
53.0000 1.2837
54.0000 1.3725
55.0000 1.4714
56.0000 1.4382
57.0000 1.4881
58.0000 1.4720
59.0000 1.3837
60.0000 1.2873
61.0000 1.2013
62.0000 1.1557
63.0000 1.1356
64.0000 1.0406
65.0000 0.9673
66.0000 0.8839
67.0000 0.8053
68.0000 0.7075
69.0000 0.6081
70.0000 0.5196
71.0000 0.4205
72.0000 0.3206
73.0000 0.2339
74.0000 0.1781
75.0000 0.2740
76.0000 0.3661
77.0000 0.4248
78.0000 0.5168
79.0000 0.5930
80.0000 0.6921
81.0000 0.7856
82.0000 0.8303
83.0000 0.8916
84.0000 0.8574
85.0000 0.8926
86.0000 0.9867
87.0000 1.0536
88.0000 1.1498
89.0000 1.2434
90.0000 1.3199
91.0000 1.3740
92.0000 1.4069
93.0000 1.3091
94.0000 1.2101
95.0000 1.1539
96.0000 1.0946
97.0000 1.1482
98.0000 1.2093
99.0000 1.2007
100.0000 1.2088
101.0000 1.2059
102.0000 1.2683
103.0000 1.3551
104.0000 1.4392
105.0000 1.4515
106.0000 1.3698
107.0000 1.3011
108.0000 1.2584
109.0000 1.3352
110.0000 1.3774
111.0000 1.3087
112.0000 1.3006
113.0000 1.3218
114.0000 1.2598
115.0000 1.1602
116.0000 1.0664
117.0000 0.9664
118.0000 0.8742
119.0000 0.8648
120.0000 0.7720
121.0000 0.6948
122.0000 0.6038
123.0000 0.5594
124.0000 0.5399
125.0000 0.5916
126.0000 0.6249
127.0000 0.6668
128.0000 0.6834
129.0000 0.7705
130.0000 0.8705
131.0000 0.9612
132.0000 1.0239
133.0000 1.0254
134.0000 1.0931
135.0000 1.1897
136.0000 1.2661
137.0000 1.3507
138.0000 1.4499
139.0000 1.4848
140.0000 1.5445
141.0000 1.6401
142.0000 1.7192
143.0000 1.7291
144.0000 1.8171
145.0000 1.8733
146.0000 1.8824
147.0000 1.9802
148.0000 2.0711
149.0000 2.1511
150.0000 2.0695
