1.0000 2.2013
2.0000 2.1018
3.0000 2.1014
4.0000 2.1151
5.0000 2.1782
6.0000 2.1765
7.0000 2.2652
8.0000 2.3603
9.0000 2.3433
10.0000 2.3295
11.0000 2.4017
12.0000 2.4306
13.0000 2.3896
14.0000 2.3406
15.0000 2.2659
16.0000 2.3295
17.0000 2.4206
18.0000 2.4266
19.0000 2.3995
20.0000 2.4231
21.0000 2.4683
22.0000 2.5600
23.0000 2.5919
24.0000 2.5146
25.0000 2.4168
26.0000 2.3280
27.0000 2.2433
28.0000 2.2285
29.0000 2.3007
30.0000 2.2702
31.0000 2.2523
32.0000 2.3415
33.0000 2.4414
34.0000 2.5402
35.0000 2.6399
36.0000 2.7384
37.0000 2.8238
38.0000 2.8131
39.0000 2.8274
40.0000 2.7675
41.0000 2.6852
42.0000 2.7648
43.0000 2.7043
44.0000 2.7624
45.0000 2.6726
46.0000 2.5727
47.0000 2.4778
48.0000 2.3984
49.0000 2.4431
50.0000 2.4417
51.0000 2.3469
52.0000 2.2522
53.0000 2.1961
54.0000 2.1083
55.0000 2.0109
56.0000 2.1062
57.0000 2.1628
58.0000 2.2559
59.0000 2.2619
60.0000 2.3010
61.0000 2.3302
62.0000 2.4271
63.0000 2.4803
64.0000 2.4057
65.0000 2.3901
66.0000 2.3209
67.0000 2.2827
68.0000 2.1878
69.0000 2.1181
70.0000 2.1400
71.0000 2.2307
72.0000 2.1998
73.0000 2.1067
74.0000 2.0123
75.0000 1.9154
76.0000 1.8325
77.0000 1.7501
78.0000 1.6872
79.0000 1.5872
80.0000 1.5033
81.0000 1.5041
82.0000 1.4055
83.0000 1.4071
84.0000 1.4176
85.0000 1.5145
86.0000 1.6112
87.0000 1.7050
88.0000 1.8046
89.0000 1.7750
90.0000 1.7984
91.0000 1.8140
92.0000 1.8636
93.0000 1.9219
94.0000 2.0170
95.0000 2.1108
96.0000 2.1754
97.0000 2.1739
98.0000 2.1411
99.0000 2.0411
100.0000 1.9428
101.0000 1.8761
102.0000 1.7867
103.0000 1.7306
104.0000 1.8190
105.0000 1.8297
106.0000 1.8194
107.0000 1.7385
108.0000 1.6389
109.0000 1.5466
110.0000 1.4566
111.0000 1.3787
112.0000 1.2898
113.0000 1.3524
114.0000 1.4263
115.0000 1.5262
116.0000 1.5877
117.0000 1.6873
118.0000 1.7284
119.0000 1.7719
120.0000 1.7886
121.0000 1.7118
122.0000 1.6420
123.0000 1.5710
124.0000 1.4710
125.0000 1.4666
126.0000 1.4232
127.0000 1.4920
128.0000 1.5747
129.0000 1.4878
130.0000 1.5164
131.0000 1.5010
132.0000 1.5093
133.0000 1.4384
134.0000 1.3389
135.0000 1.2465
136.0000 1.1760
137.0000 1.2744
138.0000 1.2194
139.0000 1.3062
140.0000 1.4046
141.0000 1.5043
142.0000 1.5140
143.0000 1.6103
144.0000 1.7103
145.0000 1.8040
146.0000 1.8955
147.0000 1.9907
148.0000 2.0428
149.0000 2.0937
150.0000 2.1209
