1.0000 2.1863
2.0000 2.1295
3.0000 2.0712
4.0000 1.9971
5.0000 1.9036
6.0000 1.9214
7.0000 1.8639
8.0000 1.8030
9.0000 1.7177
10.0000 1.6588
11.0000 1.7256
12.0000 1.7870
13.0000 1.8126
14.0000 1.8988
15.0000 1.9699
16.0000 1.9597
17.0000 1.8802
18.0000 1.7847
19.0000 1.7263
20.0000 1.7995
21.0000 1.8840
22.0000 1.8689
23.0000 1.9421
24.0000 1.9667
25.0000 1.9671
26.0000 1.8674
27.0000 1.8012
28.0000 1.7621
29.0000 1.7350
30.0000 1.7889
31.0000 1.7163
32.0000 1.7610
33.0000 1.7895
34.0000 1.8887
35.0000 1.9847
36.0000 2.0822
37.0000 2.1420
38.0000 2.2086
39.0000 2.2447
40.0000 2.1523
41.0000 2.2095
42.0000 2.2342
43.0000 2.1775
44.0000 2.1386
45.0000 2.0452
46.0000 1.9458
47.0000 1.8498
48.0000 1.7581
49.0000 1.6629
50.0000 1.5741
51.0000 1.4773
52.0000 1.3873
53.0000 1.3288
54.0000 1.2433
55.0000 1.1488
56.0000 1.0628
57.0000 0.9628
58.0000 0.8651
59.0000 0.7711
60.0000 0.6890
61.0000 0.5911
62.0000 0.4949
63.0000 0.4997
64.0000 0.4564
65.0000 0.5124
66.0000 0.5597
67.0000 0.6595
68.0000 0.7588
69.0000 0.8502
70.0000 0.8675
71.0000 0.9305
72.0000 0.9763
73.0000 1.0592
74.0000 1.1457
75.0000 1.2454
76.0000 1.3186
77.0000 1.4183
78.0000 1.3902
79.0000 1.4020
80.0000 1.3058
81.0000 1.2639
82.0000 1.3579
83.0000 1.4527
84.0000 1.5029
85.0000 1.4350
86.0000 1.4266
87.0000 1.5255
88.0000 1.5848
89.0000 1.5403
90.0000 1.6402
91.0000 1.7365
92.0000 1.8153
93.0000 1.8011
94.0000 1.7131
95.0000 1.7016
96.0000 1.7803
97.0000 1.8800
98.0000 1.9774
99.0000 1.9826
100.0000 1.9641
101.0000 1.9618
102.0000 1.8953
103.0000 1.9070
104.0000 1.9415
105.0000 2.0296
106.0000 2.0639
107.0000 2.0208
108.0000 1.9212
109.0000 1.8220
110.0000 1.7447
111.0000 1.6945
112.0000 1.5972
113.0000 1.5052
114.0000 1.5132
115.0000 1.5779
116.0000 1.6249
117.0000 1.7241
118.0000 1.8208
119.0000 1.9180
120.0000 1.9796
121.0000 2.0312
122.0000 1.9324
123.0000 1.8448
124.0000 1.8339
125.0000 1.8231
126.0000 1.8027
127.0000 1.8776
128.0000 1.9767
129.0000 2.0314
130.0000 2.1236
131.0000 2.0908
132.0000 1.9972
133.0000 2.0593
134.0000 2.1019
135.0000 2.1363
136.0000 2.2313
137.0000 2.3181
138.0000 2.2800
139.0000 2.2549
140.0000 2.1552
141.0000 2.0655
142.0000 1.9659
143.0000 1.8721
144.0000 1.7866
145.0000 1.8447
146.0000 1.9198
147.0000 2.0137
148.0000 1.9621
149.0000 1.9292
150.0000 1.8614
