1.0000 2.2060
2.0000 2.2178
3.0000 2.1200
4.0000 2.0204
5.0000 1.9364
6.0000 1.9619
7.0000 1.9634
8.0000 1.8880
9.0000 1.8223
10.0000 1.7255
11.0000 1.6255
12.0000 1.5779
13.0000 1.4916
14.0000 1.4229
15.0000 1.4350
16.0000 1.4297
17.0000 1.4954
18.0000 1.5059
19.0000 1.4134
20.0000 1.3520
21.0000 1.4107
22.0000 1.4268
23.0000 1.5191
24.0000 1.6157
25.0000 1.7152
26.0000 1.7935
27.0000 1.8923
28.0000 1.9712
29.0000 2.0333
30.0000 2.0830
31.0000 2.1570
32.0000 2.2419
33.0000 2.1964
34.0000 2.2075
35.0000 2.2687
36.0000 2.2729
37.0000 2.3696
38.0000 2.4162
39.0000 2.3269
40.0000 2.2552
41.0000 2.1574
42.0000 2.0652
43.0000 1.9658
44.0000 1.8770
45.0000 1.8361
46.0000 1.9019
47.0000 1.9442
48.0000 2.0380
49.0000 2.0614
50.0000 2.1529
51.0000 2.1735
52.0000 2.1090
53.0000 2.0518
54.0000 2.0529
55.0000 2.1432
56.0000 2.2314
57.0000 2.3193
58.0000 2.4126
59.0000 2.4998
60.0000 2.5981
61.0000 2.6955
62.0000 2.7939
63.0000 2.8253
64.0000 2.7404
65.0000 2.6618
66.0000 2.5769
67.0000 2.5285
68.0000 2.5490
69.0000 2.5828
70.0000 2.5794
71.0000 2.5014
72.0000 2.4256
73.0000 2.3450
74.0000 2.2473
75.0000 2.1474
76.0000 2.1487
77.0000 2.1370
78.0000 2.1768
79.0000 2.2375
80.0000 2.3362
81.0000 2.2581
82.0000 2.1613
83.0000 2.0964
84.0000 2.1237
85.0000 2.2086
86.0000 2.2399
87.0000 2.2724
88.0000 2.3178
89.0000 2.3291
90.0000 2.3898
91.0000 2.4633
92.0000 2.5088
93.0000 2.5293
94.0000 2.4553
95.0000 2.4233
96.0000 2.3249
97.0000 2.2634
98.0000 2.3330
99.0000 2.4280
100.0000 2.4191
101.0000 2.4999
102.0000 2.5895
103.0000 2.6635
104.0000 2.7015
105.0000 2.7170
106.0000 2.7391
107.0000 2.8322
108.0000 2.8655
109.0000 2.7808
110.0000 2.7418
111.0000 2.6545
112.0000 2.6574
113.0000 2.6901
114.0000 2.7125
115.0000 2.6476
116.0000 2.5686
117.0000 2.4691
118.0000 2.3716
119.0000 2.2972
120.0000 2.2965
121.0000 2.2364
122.0000 2.1853
123.0000 2.0999
124.0000 1.9999
125.0000 1.9091
126.0000 1.8517
127.0000 1.7535
128.0000 1.7038
129.0000 1.6278
130.0000 1.6339
131.0000 1.7317
132.0000 1.8313
133.0000 1.8311
134.0000 1.7807
135.0000 1.7893
136.0000 1.7404
137.0000 1.7081
138.0000 1.7039
139.0000 1.6245
140.0000 1.5524
141.0000 1.4702
142.0000 1.4542
143.0000 1.5320
144.0000 1.6299
145.0000 1.5499
146.0000 1.5073
147.0000 1.4876
148.0000 1.5042
149.0000 1.5657
150.0000 1.5817
