1.0000 2.1820
2.0000 2.1354
3.0000 2.1783
4.0000 2.1720
5.0000 2.0726
6.0000 1.9921
7.0000 1.9570
8.0000 2.0316
9.0000 2.0497
10.0000 1.9595
11.0000 1.9100
12.0000 1.8111
13.0000 1.7839
14.0000 1.7576
15.0000 1.7793
16.0000 1.7438
17.0000 1.8324
18.0000 1.8800
19.0000 1.8217
20.0000 1.8363
21.0000 1.9295
22.0000 1.9948
23.0000 1.8967
24.0000 1.8218
25.0000 1.8393
26.0000 1.7520
27.0000 1.7339
28.0000 1.7542
29.0000 1.7130
30.0000 1.7165
31.0000 1.7020
32.0000 1.6135
33.0000 1.5243
34.0000 1.4429
35.0000 1.3465
36.0000 1.2787
37.0000 1.2928
38.0000 1.3646
39.0000 1.3506
40.0000 1.4101
41.0000 1.4903
42.0000 1.5180
43.0000 1.4586
44.0000 1.4645
45.0000 1.5350
46.0000 1.4932
47.0000 1.5078
48.0000 1.5079
49.0000 1.5645
50.0000 1.5586
51.0000 1.6568
52.0000 1.7518
53.0000 1.8487
54.0000 1.9241
55.0000 1.9110
56.0000 2.0096
57.0000 2.1047
58.0000 2.2032
59.0000 2.2891
60.0000 2.3134
61.0000 2.2820
62.0000 2.1826
63.0000 2.0982
64.0000 2.0356
65.0000 1.9539
66.0000 2.0538
67.0000 2.0397
68.0000 2.0481
69.0000 2.0565
70.0000 1.9568
71.0000 1.9476
72.0000 1.9017
73.0000 1.8077
74.0000 1.7408
75.0000 1.6433
76.0000 1.5590
77.0000 1.5985
78.0000 1.6128
79.0000 1.6088
80.0000 1.6252
81.0000 1.5948
82.0000 1.5553
83.0000 1.5033
84.0000 1.4585
85.0000 1.4368
86.0000 1.3714
87.0000 1.3877
88.0000 1.3201
89.0000 1.2251
90.0000 1.1414
91.0000 1.0592
92.0000 0.9592
93.0000 0.8804
94.0000 0.8885
95.0000 0.8821
96.0000 0.9809
97.0000 1.0487
98.0000 1.0975
99.0000 1.1075
100.0000 1.2004
101.0000 1.3003
102.0000 1.3074
103.0000 1.2560
104.0000 1.1640
105.0000 1.0773
106.0000 0.9801
107.0000 0.9234
108.0000 0.8845
109.0000 0.7922
110.0000 0.7287
111.0000 0.7814
112.0000 0.8814
113.0000 0.9738
114.0000 0.9089
115.0000 0.8681
116.0000 0.9469
117.0000 0.9724
118.0000 1.0402
119.0000 1.1216
120.0000 1.2048
121.0000 1.2828
122.0000 1.3593
123.0000 1.2734
124.0000 1.1784
125.0000 1.1692
126.0000 1.1472
127.0000 1.0613
128.0000 0.9732
129.0000 0.9071
130.0000 0.8406
131.0000 0.7785
132.0000 0.7154
133.0000 0.6815
134.0000 0.6739
135.0000 0.6737
136.0000 0.6037
137.0000 0.6058
138.0000 0.6949
139.0000 0.7879
140.0000 0.8879
141.0000 0.9734
142.0000 0.9637
143.0000 1.0316
144.0000 1.1276
145.0000 1.2169
146.0000 1.2611
147.0000 1.3495
148.0000 1.4373
149.0000 1.4797
150.0000 1.5149
