1.0000 2.2600
2.0000 2.1961
3.0000 2.1287
4.0000 2.0290
5.0000 1.9292
6.0000 1.8422
7.0000 1.7738
8.0000 1.6938
9.0000 1.6029
10.0000 1.5072
11.0000 1.4131
12.0000 1.3141
13.0000 1.3209
14.0000 1.3599
15.0000 1.4404
16.0000 1.5083
17.0000 1.5982
18.0000 1.6943
19.0000 1.7934
20.0000 1.8929
21.0000 1.9873
22.0000 2.0308
23.0000 2.0938
24.0000 2.0552
25.0000 2.0232
26.0000 2.0148
27.0000 2.0969
28.0000 2.1644
29.0000 2.0880
30.0000 2.0279
31.0000 1.9688
32.0000 1.8699
33.0000 1.8178
34.0000 1.8928
35.0000 1.9057
36.0000 1.8506
37.0000 1.7540
38.0000 1.6584
39.0000 1.5729
40.0000 1.4729
41.0000 1.3792
42.0000 1.3860
43.0000 1.3942
44.0000 1.3114
45.0000 1.2201
46.0000 1.1202
47.0000 1.0202
48.0000 1.0325
49.0000 0.9470
50.0000 0.8594
51.0000 0.8328
52.0000 0.7385
53.0000 0.6505
54.0000 0.5520
55.0000 0.5001
56.0000 0.5372
57.0000 0.5698
58.0000 0.6005
59.0000 0.5856
60.0000 0.6270
61.0000 0.6485
62.0000 0.7276
63.0000 0.7975
64.0000 0.8171
65.0000 0.8901
66.0000 0.9802
67.0000 1.0748
68.0000 1.1681
69.0000 1.2676
70.0000 1.3480
71.0000 1.4479
72.0000 1.4865
73.0000 1.4097
74.0000 1.3129
75.0000 1.2191
76.0000 1.1354
77.0000 1.0744
78.0000 1.0999
79.0000 1.1210
80.0000 1.2168
81.0000 1.3139
82.0000 1.4127
83.0000 1.4731
84.0000 1.5159
85.0000 1.5476
86.0000 1.6115
87.0000 1.6342
88.0000 1.6047
89.0000 1.5649
90.0000 1.4695
91.0000 1.4042
92.0000 1.3489
93.0000 1.3316
94.0000 1.2318
95.0000 1.1504
96.0000 1.0827
97.0000 1.0089
98.0000 0.9377
99.0000 0.8523
100.0000 0.8178
101.0000 0.9126
102.0000 1.0031
103.0000 1.1030
104.0000 1.2017
105.0000 1.3005
106.0000 1.3932
107.0000 1.4894
108.0000 1.5887
109.0000 1.6685
110.0000 1.7616
111.0000 1.7842
112.0000 1.6961
113.0000 1.7077
114.0000 1.8007
115.0000 1.9006
116.0000 1.9799
117.0000 1.9539
118.0000 2.0378
119.0000 2.1152
120.0000 2.2038
121.0000 2.3038
122.0000 2.3302
123.0000 2.4224
124.0000 2.5211
125.0000 2.4983
126.0000 2.5716
127.0000 2.5484
128.0000 2.5832
129.0000 2.5027
130.0000 2.4161
131.0000 2.3281
132.0000 2.2290
133.0000 2.1473
134.0000 2.0494
135.0000 2.0283
136.0000 2.0017
137.0000 2.0958
138.0000 2.1585
139.0000 2.2529
140.0000 2.2677
141.0000 2.2534
142.0000 2.3358
143.0000 3.2173
144.0000 3.1430
145.0000 3.1060
146.0000 2.2435
147.0000 2.2053
148.0000 3.0572
149.0000 3.0863
150.0000 2.0977
