1.0000 2.1861
2.0000 2.1867
3.0000 2.2167
4.0000 2.3038
5.0000 2.3567
6.0000 2.4522
7.0000 2.4555
8.0000 2.4783
9.0000 2.5688
10.0000 2.5710
11.0000 2.5247
12.0000 2.4620
13.0000 2.4473
14.0000 2.5395
15.0000 2.6152
16.0000 2.6950
17.0000 2.7449
18.0000 2.8448
19.0000 2.8396
20.0000 2.7462
21.0000 2.6567
22.0000 2.7072
23.0000 2.6799
24.0000 2.6445
25.0000 2.5681
26.0000 2.5013
27.0000 2.4185
28.0000 2.3565
29.0000 2.3300
30.0000 2.4102
31.0000 2.4430
32.0000 2.5262
33.0000 2.5232
34.0000 2.4870
35.0000 2.4783
36.0000 2.5507
37.0000 2.5891
38.0000 2.5250
39.0000 2.5458
40.0000 2.4702
41.0000 2.3702
42.0000 2.4459
43.0000 2.5459
44.0000 2.6446
45.0000 2.6349
46.0000 2.6828
47.0000 2.7815
48.0000 2.7904
49.0000 2.7815
50.0000 2.6886
51.0000 2.6756
52.0000 2.6550
53.0000 2.7417
54.0000 2.7707
55.0000 2.8345
56.0000 2.8032
57.0000 2.7567
58.0000 2.6577
59.0000 2.6592
60.0000 2.7014
61.0000 2.7706
62.0000 2.6707
63.0000 2.5719
64.0000 2.5039
65.0000 2.4145
66.0000 2.3159
67.0000 2.3307
68.0000 2.3519
69.0000 2.3690
70.0000 2.3665
71.0000 2.3672
72.0000 2.3462
73.0000 2.4151
74.0000 2.4673
75.0000 2.3998
76.0000 2.2999
77.0000 2.2005
78.0000 2.1019
79.0000 2.0301
80.0000 2.0090
81.0000 1.9111
82.0000 1.8123
83.0000 1.7212
84.0000 1.6375
85.0000 1.5487
86.0000 1.4852
87.0000 1.4797
88.0000 1.3806
89.0000 1.3018
90.0000 1.3005
91.0000 1.2010
92.0000 1.2870
93.0000 1.3231
94.0000 1.4097
95.0000 1.4561
96.0000 1.5296
97.0000 1.6173
98.0000 1.7076
99.0000 1.7058
100.0000 1.7257
101.0000 1.7832
102.0000 1.8237
103.0000 1.8490
104.0000 1.9167
105.0000 2.0100
106.0000 2.1028
107.0000 2.0353
108.0000 2.0213
109.0000 2.1045
110.0000 2.1677
111.0000 2.2341
112.0000 2.3229
113.0000 2.3236
114.0000 2.3936
115.0000 2.4869
116.0000 2.5354
117.0000 2.5444
118.0000 2.6440
119.0000 2.7438
120.0000 2.8122
121.0000 2.7532
122.0000 2.7970
123.0000 2.7910
124.0000 2.7928
125.0000 2.7667
126.0000 2.7002
127.0000 2.6523
128.0000 2.6167
129.0000 2.5260
130.0000 2.5179
131.0000 2.4465
132.0000 2.3509
133.0000 2.2509
134.0000 2.2029
135.0000 2.1321
136.0000 2.0321
137.0000 1.9561
138.0000 2.0283
139.0000 2.0782
140.0000 2.0673
141.0000 2.0486
142.0000 2.0724
143.0000 2.1639
144.0000 2.2216
145.0000 2.3127
146.0000 2.4090
147.0000 2.4131
148.0000 2.3978
149.0000 2.3139
150.0000 2.2188
