1.0000 2.1600
2.0000 2.0910
3.0000 1.9978
4.0000 1.9601
5.0000 1.8713
6.0000 1.8322
7.0000 1.7323
8.0000 1.6334
9.0000 1.6269
10.0000 1.5682
11.0000 1.5323
12.0000 1.4882
13.0000 1.3903
14.0000 1.2972
15.0000 1.2565
16.0000 1.1762
17.0000 1.0767
18.0000 0.9785
19.0000 0.8824
20.0000 0.8651
21.0000 0.9580
22.0000 0.9208
23.0000 1.0026
24.0000 1.0711
25.0000 0.9907
26.0000 0.8919
27.0000 0.7945
28.0000 0.7024
29.0000 0.6263
30.0000 0.5687
31.0000 0.4696
32.0000 0.3872
33.0000 0.2904
34.0000 0.1917
35.0000 0.1487
36.0000 0.1107
37.0000 0.0150
38.0000 0.0937
39.0000 0.1851
40.0000 0.2686
41.0000 0.3466
42.0000 0.4453
43.0000 0.5242
44.0000 0.5625
45.0000 0.5684
46.0000 0.4924
47.0000 0.4348
48.0000 0.4926
49.0000 0.5620
50.0000 0.6548
51.0000 0.7493
52.0000 0.8479
53.0000 0.9111
54.0000 1.0038
55.0000 1.1010
56.0000 1.1840
57.0000 1.1904
58.0000 1.2753
59.0000 1.3504
60.0000 1.2589
61.0000 1.1979
62.0000 1.2288
63.0000 1.3066
64.0000 1.4031
65.0000 1.4566
66.0000 1.5060
67.0000 1.4187
68.0000 1.3459
69.0000 1.4283
70.0000 1.5283
71.0000 1.6207
72.0000 1.7013
73.0000 1.7348
74.0000 1.8188
75.0000 1.8205
76.0000 1.7441
77.0000 1.7056
78.0000 1.7246
79.0000 1.7121
80.0000 1.6782
81.0000 1.5917
82.0000 1.4971
83.0000 1.3975
84.0000 1.2993
85.0000 1.2099
86.0000 1.1695
87.0000 1.0847
88.0000 1.0206
89.0000 1.0174
90.0000 0.9504
91.0000 0.9269
92.0000 0.9252
93.0000 0.8757
94.0000 0.9313
95.0000 0.9823
96.0000 0.9820
97.0000 1.0127
98.0000 0.9904
99.0000 0.9435
100.0000 1.0121
101.0000 1.1077
102.0000 1.1742
103.0000 1.1593
104.0000 1.2391
105.0000 1.3391
106.0000 1.4388
107.0000 1.5386
108.0000 1.5957
109.0000 1.5964
110.0000 1.6587
111.0000 1.6578
112.0000 1.6020
113.0000 1.5027
114.0000 1.4044
115.0000 1.3409
116.0000 1.3022
117.0000 1.2023
118.0000 1.1571
119.0000 1.0652
120.0000 1.1310
121.0000 1.2095
122.0000 1.1526
123.0000 1.2383
124.0000 1.3278
125.0000 1.3993
126.0000 1.4792
127.0000 1.5759
128.0000 1.6750
129.0000 1.7724
130.0000 1.7790
131.0000 1.8422
132.0000 1.8813
133.0000 1.9607
134.0000 2.0306
135.0000 2.1256
136.0000 2.2197
137.0000 2.2256
138.0000 2.3157
139.0000 2.4074
140.0000 2.4721
141.0000 2.4849
142.0000 2.4573
143.0000 2.3599
144.0000 2.2705
145.0000 2.2745
146.0000 2.3183
147.0000 2.4183
148.0000 2.5183
149.0000 2.4930
150.0000 2.4009
