1.0000 2.2652
2.0000 2.2420
3.0000 2.2531
4.0000 2.1532
5.0000 2.0758
6.0000 2.0422
7.0000 2.1362
8.0000 2.1545
9.0000 2.2544
10.0000 2.3541
11.0000 2.3218
12.0000 2.2877
13.0000 2.2673
14.0000 2.2156
15.0000 2.2560
16.0000 2.3527
17.0000 2.4485
18.0000 2.5485
19.0000 2.6451
20.0000 2.6741
21.0000 2.7182
22.0000 2.8089
23.0000 2.7790
24.0000 2.8346
25.0000 2.8227
26.0000 2.8435
27.0000 2.8060
28.0000 2.7291
29.0000 2.6690
30.0000 2.6019
31.0000 2.5100
32.0000 2.4100
33.0000 2.3196
34.0000 2.2544
35.0000 2.1880
36.0000 2.1003
37.0000 2.0011
38.0000 1.9234
39.0000 1.8397
40.0000 1.7547
41.0000 1.7314
42.0000 1.7009
43.0000 1.6168
44.0000 1.6843
45.0000 1.6800
46.0000 1.7060
47.0000 1.6665
48.0000 1.5692
49.0000 1.4715
50.0000 1.3768
51.0000 1.2925
52.0000 1.2041
53.0000 1.1136
54.0000 1.2070
55.0000 1.3059
56.0000 1.3864
57.0000 1.4653
58.0000 1.5265
59.0000 1.5120
60.0000 1.5652
61.0000 1.5804
62.0000 1.4807
63.0000 1.3903
64.0000 1.2926
65.0000 1.2187
66.0000 1.2319
67.0000 1.3236
68.0000 1.4081
69.0000 1.4999
70.0000 1.5714
71.0000 1.6711
72.0000 1.7600
73.0000 1.8032
74.0000 1.7953
75.0000 1.7790
76.0000 1.8255
77.0000 1.8895
78.0000 1.9755
79.0000 1.9974
80.0000 2.0601
81.0000 2.1161
82.0000 2.1320
83.0000 2.1165
84.0000 2.0367
85.0000 1.9382
86.0000 1.8410
87.0000 1.7921
88.0000 1.7056
89.0000 1.6198
90.0000 1.5369
91.0000 1.4419
92.0000 1.3450
93.0000 1.3316
94.0000 1.2467
95.0000 1.1473
96.0000 1.0483
97.0000 0.9868
98.0000 0.9378
99.0000 0.8422
100.0000 0.7422
101.0000 0.7332
102.0000 0.8139
103.0000 0.8868
104.0000 0.9355
105.0000 0.8608
106.0000 0.8716
107.0000 0.7759
108.0000 0.6763
109.0000 0.5780
110.0000 0.4864
111.0000 0.4196
112.0000 0.3325
113.0000 0.2470
114.0000 0.1822
115.0000 0.1580
116.0000 0.2450
117.0000 0.3430
118.0000 0.4377
119.0000 0.5270
120.0000 0.6249
121.0000 0.6132
122.0000 0.5872
123.0000 0.5229
124.0000 0.5524
125.0000 0.6373
126.0000 0.7312
127.0000 0.8105
128.0000 0.9090
129.0000 1.0026
130.0000 1.0927
131.0000 1.1913
132.0000 1.2245
133.0000 1.3067
134.0000 1.4043
135.0000 1.4500
136.0000 1.4289
137.0000 1.5249
138.0000 1.6248
139.0000 1.7054
140.0000 1.6933
141.0000 1.6756
142.0000 1.6355
143.0000 1.7242
144.0000 1.8175
145.0000 1.8949
146.0000 1.9904
147.0000 2.0406
148.0000 1.9659
149.0000 1.8871
150.0000 1.8302
