1.0000 2.2197
2.0000 2.2295
3.0000 2.1588
4.0000 2.0589
5.0000 2.0662
6.0000 2.1235
7.0000 2.2223
8.0000 2.3065
9.0000 2.3911
10.0000 2.3849
11.0000 2.4349
12.0000 2.5344
13.0000 2.6237
14.0000 2.6498
15.0000 2.6086
16.0000 2.5873
17.0000 2.5518
18.0000 2.4739
19.0000 2.5275
20.0000 2.6061
21.0000 2.6991
22.0000 2.7194
23.0000 2.7664
24.0000 2.8058
25.0000 2.7253
26.0000 2.6289
27.0000 2.5843
28.0000 2.5465
29.0000 2.5529
30.0000 2.6443
31.0000 2.7157
32.0000 2.6818
33.0000 2.7013
34.0000 2.6893
35.0000 2.6682
36.0000 2.7491
37.0000 2.8090
38.0000 2.7294
39.0000 2.6295
40.0000 2.5953
41.0000 2.6054
42.0000 2.5444
43.0000 2.4477
44.0000 2.4681
45.0000 2.4233
46.0000 2.3370
47.0000 2.2531
48.0000 2.1692
49.0000 2.1020
50.0000 2.0179
51.0000 1.9218
52.0000 1.8714
53.0000 1.8199
54.0000 1.7228
55.0000 1.6228
56.0000 1.5247
57.0000 1.4340
58.0000 1.3340
59.0000 1.2402
60.0000 1.2063
61.0000 1.2682
62.0000 1.1732
63.0000 1.1124
64.0000 1.1705
65.0000 1.1806
66.0000 1.2736
67.0000 1.3732
68.0000 1.3717
69.0000 1.2772
70.0000 1.2494
71.0000 1.3286
72.0000 1.3955
73.0000 1.4220
74.0000 1.4588
75.0000 1.5283
76.0000 1.5365
77.0000 1.4526
78.0000 1.3590
79.0000 1.3337
80.0000 1.3737
81.0000 1.4263
82.0000 1.4579
83.0000 1.4406
84.0000 1.3811
85.0000 1.4512
86.0000 1.4692
87.0000 1.5207
88.0000 1.5415
89.0000 1.5433
90.0000 1.4520
91.0000 1.3891
92.0000 1.3030
93.0000 1.2397
94.0000 1.1482
95.0000 1.2005
96.0000 1.2159
97.0000 1.3145
98.0000 1.4102
99.0000 1.4250
100.0000 1.3920
101.0000 1.3819
102.0000 1.3382
103.0000 1.3674
104.0000 1.4464
105.0000 1.5196
106.0000 1.6088
107.0000 1.7043
108.0000 1.7583
109.0000 1.8570
110.0000 1.9568
111.0000 1.9756
112.0000 2.0324
113.0000 1.9325
114.0000 1.8325
115.0000 1.7586
116.0000 1.7939
117.0000 1.7134
118.0000 1.6273
119.0000 1.6018
120.0000 1.5515
121.0000 1.5146
122.0000 1.4255
123.0000 1.3270
124.0000 1.2275
125.0000 1.1944
126.0000 1.1090
127.0000 1.1656
128.0000 1.1975
129.0000 1.2882
130.0000 1.3530
131.0000 1.3779
132.0000 1.2996
133.0000 1.2611
134.0000 1.1779
135.0000 1.1322
136.0000 1.1066
137.0000 1.1156
138.0000 1.0570
139.0000 1.0586
140.0000 1.1357
141.0000 1.2291
142.0000 1.2086
143.0000 1.1124
144.0000 1.0294
145.0000 0.9323
146.0000 0.8329
147.0000 0.7333
148.0000 0.6815
149.0000 0.6657
150.0000 0.6469
