1.0000 2.2280
2.0000 2.2160
3.0000 2.1821
4.0000 2.1328
5.0000 2.1754
6.0000 2.2722
7.0000 2.3717
8.0000 2.4488
9.0000 2.4249
10.0000 2.3708
11.0000 2.2708
12.0000 2.1850
13.0000 2.1229
14.0000 2.0460
15.0000 1.9574
16.0000 1.9519
17.0000 2.0367
18.0000 2.1264
19.0000 2.1998
20.0000 2.1886
21.0000 2.1756
22.0000 2.1118
23.0000 2.0971
24.0000 2.0139
25.0000 2.0107
26.0000 2.0898
27.0000 2.1896
28.0000 2.2442
29.0000 2.2118
30.0000 2.2657
31.0000 2.3565
32.0000 2.4126
33.0000 2.4069
34.0000 2.3584
35.0000 2.3100
36.0000 2.3449
37.0000 2.2528
38.0000 2.1528
39.0000 2.0696
40.0000 2.0128
41.0000 1.9539
42.0000 1.8540
43.0000 1.7654
44.0000 1.7373
45.0000 1.7385
46.0000 1.7306
47.0000 1.8193
48.0000 1.8864
49.0000 1.9256
50.0000 1.9820
51.0000 1.9748
52.0000 1.9859
53.0000 2.0828
54.0000 2.1798
55.0000 2.2344
56.0000 2.3067
57.0000 2.3646
58.0000 2.4637
59.0000 2.5545
60.0000 2.5014
61.0000 2.5603
62.0000 2.4636
63.0000 2.3639
64.0000 2.2735
65.0000 2.1756
66.0000 2.1087
67.0000 2.0504
68.0000 1.9537
69.0000 1.8540
70.0000 1.7702
71.0000 1.6993
72.0000 1.6557
73.0000 1.5613
74.0000 1.4723
75.0000 1.3775
76.0000 1.3475
77.0000 1.3326
78.0000 1.3840
79.0000 1.4582
80.0000 1.5300
81.0000 1.6144
82.0000 1.7107
83.0000 1.8009
84.0000 1.8030
85.0000 1.7319
86.0000 1.6519
87.0000 1.5718
88.0000 1.5152
89.0000 1.5426
90.0000 1.6123
91.0000 1.6397
92.0000 1.5418
93.0000 1.4448
94.0000 1.3459
95.0000 1.3022
96.0000 1.3020
97.0000 1.3385
98.0000 1.2392
99.0000 1.1520
100.0000 1.0568
101.0000 0.9733
102.0000 0.8913
103.0000 0.8139
104.0000 0.8834
105.0000 0.9833
106.0000 1.0149
107.0000 1.1141
108.0000 1.1873
109.0000 1.2386
110.0000 1.2252
111.0000 1.2960
112.0000 1.3827
113.0000 1.3332
114.0000 1.4074
115.0000 1.4774
116.0000 1.5770
117.0000 1.6767
118.0000 1.7357
119.0000 1.8351
120.0000 1.9344
121.0000 2.0331
122.0000 2.1182
123.0000 2.1128
124.0000 2.0501
125.0000 1.9540
126.0000 1.8665
127.0000 1.7859
128.0000 1.6866
129.0000 1.5867
130.0000 1.5393
131.0000 1.4894
132.0000 1.5246
133.0000 1.6239
134.0000 1.7239
135.0000 1.7868
136.0000 1.8241
137.0000 1.7976
138.0000 1.6978
139.0000 1.7075
140.0000 1.6154
141.0000 1.5186
142.0000 1.4260
143.0000 1.3658
144.0000 1.4278
145.0000 1.4802
146.0000 1.5469
147.0000 1.6179
148.0000 1.7051
149.0000 1.7956
150.0000 1.7939
