1.0000 2.1915
2.0000 2.1498
3.0000 2.0509
4.0000 1.9529
5.0000 1.8764
6.0000 1.8466
7.0000 1.7849
8.0000 1.6914
9.0000 1.5927
10.0000 1.5414
11.0000 1.5392
12.0000 1.5562
13.0000 1.6450
14.0000 1.7417
15.0000 1.7868
16.0000 1.8789
17.0000 1.9510
18.0000 2.0349
19.0000 2.1265
20.0000 2.2122
21.0000 2.1588
22.0000 2.1650
23.0000 2.2644
24.0000 2.2147
25.0000 2.1210
26.0000 2.0212
27.0000 1.9719
28.0000 1.9566
29.0000 1.8578
30.0000 1.7580
31.0000 1.6744
32.0000 1.6120
33.0000 1.5120
34.0000 1.5284
35.0000 1.6282
36.0000 1.6294
37.0000 1.7294
38.0000 1.8116
39.0000 1.8686
40.0000 1.9536
41.0000 2.0279
42.0000 2.0128
43.0000 2.0822
44.0000 2.0559
45.0000 1.9800
46.0000 1.8883
47.0000 1.7894
48.0000 1.7132
49.0000 1.6137
50.0000 1.5139
51.0000 1.4402
52.0000 1.5128
53.0000 1.6127
54.0000 1.7013
55.0000 1.7988
56.0000 1.8055
57.0000 1.7997
58.0000 1.7539
59.0000 1.6683
60.0000 1.5920
61.0000 1.5035
62.0000 1.4518
63.0000 1.3888
64.0000 1.2965
65.0000 1.2019
66.0000 1.1331
67.0000 1.0340
68.0000 0.9571
69.0000 0.8875
70.0000 0.8386
71.0000 0.7411
72.0000 0.7776
73.0000 0.7771
74.0000 0.6783
75.0000 0.5793
76.0000 0.5794
77.0000 0.5717
78.0000 0.6044
79.0000 0.5545
80.0000 0.6090
81.0000 0.6903
82.0000 0.7901
83.0000 0.8700
84.0000 0.9587
85.0000 1.0371
86.0000 1.1252
87.0000 1.1434
88.0000 1.1498
89.0000 1.1097
90.0000 1.0304
91.0000 0.9460
92.0000 0.8509
93.0000 0.8046
94.0000 0.8055
95.0000 0.8409
96.0000 0.7961
97.0000 0.8176
98.0000 0.8568
99.0000 0.9281
100.0000 0.9936
101.0000 1.0831
102.0000 1.1675
103.0000 1.2170
104.0000 1.2247
105.0000 1.2920
106.0000 1.3903
107.0000 1.4873
108.0000 1.4805
109.0000 1.4960
110.0000 1.5767
111.0000 1.6722
112.0000 1.7131
113.0000 1.7453
114.0000 1.8434
115.0000 1.9140
116.0000 1.8147
117.0000 1.7529
118.0000 1.6535
119.0000 1.5949
120.0000 1.6497
121.0000 1.5852
122.0000 1.5103
123.0000 1.4679
124.0000 1.4552
125.0000 1.3753
126.0000 1.2757
127.0000 1.1810
128.0000 1.2382
129.0000 1.2911
130.0000 1.3850
131.0000 1.4725
132.0000 1.4941
133.0000 1.5840
134.0000 1.6821
135.0000 1.7208
136.0000 1.7910
137.0000 1.8581
138.0000 1.9156
139.0000 1.9767
140.0000 1.9418
141.0000 1.8731
142.0000 1.9526
143.0000 1.9934
144.0000 1.9268
145.0000 1.8273
146.0000 1.7409
147.0000 1.7780
148.0000 1.7973
149.0000 1.7863
150.0000 1.7644
