1.0000 2.1363
2.0000 2.0949
3.0000 2.1105
4.0000 2.1586
5.0000 2.1264
6.0000 2.0764
7.0000 2.0336
8.0000 2.0082
9.0000 1.9437
10.0000 1.8678
11.0000 1.7920
12.0000 1.6951
13.0000 1.5953
14.0000 1.6007
15.0000 1.5633
16.0000 1.6506
17.0000 1.6903
18.0000 1.7735
19.0000 1.8730
20.0000 1.9615
21.0000 2.0032
22.0000 2.1029
23.0000 2.1974
24.0000 2.1007
25.0000 2.0286
26.0000 1.9887
27.0000 2.0018
28.0000 2.0335
29.0000 1.9401
30.0000 1.8481
31.0000 1.8922
32.0000 1.9186
33.0000 2.0174
34.0000 1.9338
35.0000 1.8374
36.0000 1.7482
37.0000 1.6507
38.0000 1.5619
39.0000 1.6505
40.0000 1.7174
41.0000 1.7803
42.0000 1.6840
43.0000 1.6025
44.0000 1.5843
45.0000 1.5574
46.0000 1.6347
47.0000 1.6908
48.0000 1.7234
49.0000 1.7715
50.0000 1.8667
51.0000 1.9386
52.0000 1.9631
53.0000 2.0626
54.0000 2.0365
55.0000 2.1332
56.0000 2.2045
57.0000 2.2440
58.0000 2.2080
59.0000 2.1164
60.0000 2.0857
61.0000 1.9870
62.0000 1.8982
63.0000 1.8009
64.0000 1.7724
65.0000 1.8268
66.0000 1.7474
67.0000 1.6510
68.0000 1.5524
69.0000 1.4648
70.0000 1.3777
71.0000 1.3869
72.0000 1.4596
73.0000 1.4970
74.0000 1.4377
75.0000 1.3897
76.0000 1.3346
77.0000 1.3470
78.0000 1.3893
79.0000 1.3234
80.0000 1.3640
81.0000 1.4537
82.0000 1.5252
83.0000 1.6175
84.0000 1.6386
85.0000 1.5988
86.0000 1.5193
87.0000 1.4202
88.0000 1.4272
89.0000 1.4200
90.0000 1.5132
91.0000 1.6131
92.0000 1.7104
93.0000 1.7492
94.0000 1.6632
95.0000 1.5915
96.0000 1.5383
97.0000 1.6093
98.0000 1.5724
99.0000 1.5844
100.0000 1.5425
101.0000 1.4783
102.0000 1.4934
103.0000 1.4350
104.0000 1.3593
105.0000 1.4101
106.0000 1.4838
107.0000 1.5172
108.0000 1.5699
109.0000 1.5463
110.0000 1.4661
111.0000 1.5195
112.0000 1.6191
113.0000 1.6964
114.0000 1.7842
115.0000 1.8837
116.0000 1.9836
117.0000 2.0635
118.0000 2.1488
119.0000 2.2437
120.0000 2.3023
121.0000 2.2528
122.0000 2.1751
123.0000 2.0776
124.0000 1.9844
125.0000 1.9400
126.0000 1.9799
127.0000 1.9476
128.0000 1.9073
129.0000 1.8655
130.0000 1.7953
131.0000 1.6967
132.0000 1.6019
133.0000 1.5098
134.0000 1.4205
135.0000 1.3692
136.0000 1.2697
137.0000 1.1749
138.0000 1.0994
139.0000 1.1600
140.0000 1.2423
141.0000 1.3363
142.0000 1.3501
143.0000 1.4216
144.0000 1.4945
145.0000 1.5599
146.0000 1.6484
147.0000 1.6542
148.0000 1.5937
149.0000 1.5731
150.0000 1.5822
