1.0000 2.1899
2.0000 2.1398
3.0000 2.0492
4.0000 1.9498
5.0000 1.8646
6.0000 1.8291
7.0000 1.7380
8.0000 1.7939
9.0000 1.8909
10.0000 1.9298
11.0000 1.8923
12.0000 1.8477
13.0000 1.8932
14.0000 1.9378
15.0000 1.9149
16.0000 1.9919
17.0000 2.0898
18.0000 2.1274
19.0000 2.2031
20.0000 2.2530
21.0000 2.3496
22.0000 2.4398
23.0000 2.5379
24.0000 2.5836
25.0000 2.6695
26.0000 2.7683
27.0000 2.8088
28.0000 2.7601
29.0000 2.6783
30.0000 2.5928
31.0000 2.6236
32.0000 2.7046
33.0000 2.7737
34.0000 2.7693
35.0000 2.7587
36.0000 2.7349
37.0000 2.6476
38.0000 2.5549
39.0000 2.6413
40.0000 2.6889
41.0000 2.7834
42.0000 2.7905
43.0000 2.7277
44.0000 2.6851
45.0000 2.6834
46.0000 2.6902
47.0000 2.6907
48.0000 2.6924
49.0000 2.5945
50.0000 2.4955
51.0000 2.4975
52.0000 2.5943
53.0000 2.6389
54.0000 2.7312
55.0000 2.6859
56.0000 2.7738
57.0000 2.7986
58.0000 2.7752
59.0000 2.7904
60.0000 2.6931
61.0000 2.6596
62.0000 2.6172
63.0000 2.6452
64.0000 2.7241
65.0000 2.8241
66.0000 2.7709
67.0000 2.7934
68.0000 2.8202
69.0000 2.7208
70.0000 2.6695
71.0000 2.6161
72.0000 2.5161
73.0000 2.4163
74.0000 2.3207
75.0000 2.2673
76.0000 2.2629
77.0000 2.2653
78.0000 2.3057
79.0000 2.3729
80.0000 2.4222
81.0000 2.4952
82.0000 2.4852
83.0000 2.4286
84.0000 2.3318
85.0000 2.2318
86.0000 2.1883
87.0000 2.2716
88.0000 2.3612
89.0000 2.4591
90.0000 2.5482
91.0000 2.5941
92.0000 2.6396
93.0000 2.6271
94.0000 2.5271
95.0000 2.4271
96.0000 2.3317
97.0000 2.2323
98.0000 2.1336
99.0000 2.0404
100.0000 2.1165
101.0000 2.1655
102.0000 2.1845
103.0000 2.1302
104.0000 2.0304
105.0000 1.9550
106.0000 1.8789
107.0000 1.8894
108.0000 1.9600
109.0000 2.0563
110.0000 2.1508
111.0000 2.1115
112.0000 2.1856
113.0000 2.2412
114.0000 2.2422
115.0000 2.3348
116.0000 2.3684
117.0000 2.4136
118.0000 2.3203
119.0000 2.2209
120.0000 2.1909
121.0000 2.2022
122.0000 2.2966
123.0000 2.3681
124.0000 2.2696
125.0000 2.1696
126.0000 2.0847
127.0000 2.0292
128.0000 2.0241
129.0000 2.0429
130.0000 2.1378
131.0000 2.2330
132.0000 2.2867
133.0000 2.3527
134.0000 2.4439
135.0000 2.5228
136.0000 2.5762
137.0000 2.5342
138.0000 2.4819
139.0000 2.4312
140.0000 2.4353
141.0000 2.4474
142.0000 2.5086
143.0000 2.4822
144.0000 2.4438
145.0000 2.3737
146.0000 2.4450
147.0000 2.5015
148.0000 2.4485
149.0000 2.4066
150.0000 2.4139
