1.0000 2.1512
2.0000 2.0556
3.0000 2.0110
4.0000 1.9757
5.0000 1.8965
6.0000 1.8587
7.0000 1.7637
8.0000 1.6671
9.0000 1.5843
10.0000 1.4934
11.0000 1.4105
12.0000 1.3957
13.0000 1.3993
14.0000 1.4925
15.0000 1.5479
16.0000 1.5439
17.0000 1.6359
18.0000 1.7351
19.0000 1.7554
20.0000 1.7170
21.0000 1.7534
22.0000 1.7285
23.0000 1.8159
24.0000 1.8847
25.0000 1.8048
26.0000 1.7742
27.0000 1.8528
28.0000 1.9418
29.0000 1.9747
30.0000 1.8842
31.0000 1.7899
32.0000 1.6911
33.0000 1.6235
34.0000 1.5236
35.0000 1.4728
36.0000 1.3748
37.0000 1.2749
38.0000 1.2038
39.0000 1.1204
40.0000 1.0487
41.0000 1.0033
42.0000 0.9374
43.0000 0.8647
44.0000 0.7969
45.0000 0.7101
46.0000 0.6262
47.0000 0.5263
48.0000 0.4431
49.0000 0.3877
50.0000 0.3668
51.0000 0.3713
52.0000 0.3642
53.0000 0.3849
54.0000 0.4770
55.0000 0.5766
56.0000 0.6764
57.0000 0.7717
58.0000 0.8611
59.0000 0.8363
60.0000 0.8214
61.0000 0.8774
62.0000 0.7817
63.0000 0.6831
64.0000 0.6549
65.0000 0.6636
66.0000 0.6020
67.0000 0.5512
68.0000 0.4638
69.0000 0.4775
70.0000 0.4041
71.0000 0.3479
72.0000 0.3846
73.0000 0.4563
74.0000 0.4215
75.0000 0.4309
76.0000 0.3724
77.0000 0.4255
78.0000 0.5230
79.0000 0.6055
80.0000 0.6951
81.0000 0.7950
82.0000 0.8948
83.0000 0.9931
84.0000 1.0692
85.0000 1.1397
86.0000 1.0773
87.0000 1.0117
88.0000 1.1103
89.0000 1.2056
90.0000 1.2827
91.0000 1.3698
92.0000 1.4685
93.0000 1.5126
94.0000 1.5925
95.0000 1.6250
96.0000 1.5309
97.0000 1.4408
98.0000 1.3589
99.0000 1.2597
100.0000 1.2086
101.0000 1.1755
102.0000 1.1860
103.0000 1.1197
104.0000 1.0447
105.0000 1.0847
106.0000 1.0596
107.0000 1.0157
108.0000 1.0198
109.0000 0.9811
110.0000 1.0523
111.0000 1.1005
112.0000 1.0759
113.0000 1.0789
114.0000 0.9961
115.0000 1.0272
116.0000 1.0791
117.0000 0.9884
118.0000 0.9659
119.0000 0.9804
120.0000 0.9450
121.0000 1.0281
122.0000 0.9546
123.0000 0.9360
124.0000 0.9062
125.0000 0.8181
126.0000 0.8380
127.0000 0.9224
128.0000 1.0126
129.0000 1.1063
130.0000 1.1665
131.0000 1.1598
132.0000 1.1916
133.0000 1.2792
134.0000 1.3385
135.0000 1.4174
136.0000 1.4984
137.0000 2.3888
138.0000 2.3760
139.0000 2.3940
140.0000 2.4384
141.0000 2.3499
142.0000 2.2558
143.0000 2.1753
144.0000 2.1017
145.0000 2.1388
146.0000 2.2378
147.0000 2.3378
148.0000 2.3247
149.0000 2.4236
150.0000 2.4648
