1.0000 2.1501
2.0000 2.1661
3.0000 2.0666
4.0000 1.9680
5.0000 1.8915
6.0000 1.8527
7.0000 1.9515
8.0000 2.0442
9.0000 2.0901
10.0000 2.1374
11.0000 2.1514
12.0000 2.1138
13.0000 2.0502
14.0000 1.9826
15.0000 1.8844
16.0000 1.7886
17.0000 1.7036
18.0000 1.6179
19.0000 1.6752
20.0000 1.6285
21.0000 1.5907
22.0000 1.6621
23.0000 1.7470
24.0000 1.8182
25.0000 1.9182
26.0000 2.0115
27.0000 2.1022
28.0000 2.1223
29.0000 2.0868
30.0000 2.1247
31.0000 2.2149
32.0000 2.3024
33.0000 2.3967
34.0000 2.4967
35.0000 2.5689
36.0000 2.5821
37.0000 2.5823
38.0000 2.5697
39.0000 2.5030
40.0000 2.4037
41.0000 2.3052
42.0000 2.2275
43.0000 2.1300
44.0000 2.0451
45.0000 2.0285
46.0000 2.0789
47.0000 2.1722
48.0000 2.2687
49.0000 2.3227
50.0000 2.2702
51.0000 2.2422
52.0000 2.1449
53.0000 2.0759
54.0000 1.9816
55.0000 1.8841
56.0000 1.7854
57.0000 1.7531
58.0000 1.7956
59.0000 1.7307
60.0000 1.6307
61.0000 1.5317
62.0000 1.4797
63.0000 1.3864
64.0000 1.3112
65.0000 1.2251
66.0000 1.1372
67.0000 1.0482
68.0000 1.0144
69.0000 0.9792
70.0000 0.9224
71.0000 0.8529
72.0000 0.8178
73.0000 0.7276
74.0000 0.7211
75.0000 0.8171
76.0000 0.9099
77.0000 0.9815
78.0000 0.9623
79.0000 0.9702
80.0000 0.9360
81.0000 0.8534
82.0000 0.7864
83.0000 0.7731
84.0000 0.7744
85.0000 0.8617
86.0000 0.9571
87.0000 0.9114
88.0000 0.8196
89.0000 0.8542
90.0000 0.9237
91.0000 0.9549
92.0000 0.9820
93.0000 1.0009
94.0000 1.0928
95.0000 1.1449
96.0000 1.0642
97.0000 0.9666
98.0000 0.9659
99.0000 0.9040
100.0000 0.8106
101.0000 0.7312
102.0000 0.6906
103.0000 0.7808
104.0000 0.8034
105.0000 0.8930
106.0000 0.8717
107.0000 0.8919
108.0000 0.9100
109.0000 0.9652
110.0000 1.0591
111.0000 1.1327
112.0000 1.1939
113.0000 1.1458
114.0000 1.0492
115.0000 0.9904
116.0000 1.0223
117.0000 1.0086
118.0000 1.0028
119.0000 1.0971
120.0000 1.1607
121.0000 1.2335
122.0000 1.3172
123.0000 1.4172
124.0000 1.5103
125.0000 1.6070
126.0000 1.6378
127.0000 1.7217
128.0000 1.7407
129.0000 1.8348
130.0000 1.8830
131.0000 1.9001
132.0000 1.9027
133.0000 1.9304
134.0000 1.8359
135.0000 1.7619
136.0000 1.7163
137.0000 1.6954
138.0000 1.7253
139.0000 1.7143
140.0000 1.6143
141.0000 1.5348
142.0000 1.5376
143.0000 1.5558
144.0000 1.5537
145.0000 1.5486
146.0000 1.5952
147.0000 1.6827
148.0000 1.7218
149.0000 1.7774
150.0000 1.8099
