1.0000 2.1907
2.0000 2.1086
3.0000 2.0915
4.0000 2.0658
5.0000 2.0667
6.0000 1.9865
7.0000 1.9155
8.0000 1.8607
9.0000 1.8105
10.0000 1.8864
11.0000 1.9546
12.0000 1.9972
13.0000 2.0921
14.0000 2.1556
15.0000 2.1382
16.0000 2.1846
17.0000 2.2523
18.0000 2.2902
19.0000 2.2512
20.0000 2.1654
21.0000 2.0771
22.0000 2.0503
23.0000 1.9555
24.0000 1.8844
25.0000 1.7873
26.0000 1.6885
27.0000 1.6490
28.0000 1.6261
29.0000 1.5323
30.0000 1.4760
31.0000 1.3797
32.0000 1.3221
33.0000 1.3358
34.0000 1.4323
35.0000 1.5268
36.0000 1.6268
37.0000 1.7140
38.0000 1.7842
39.0000 1.8528
40.0000 1.7658
41.0000 1.6908
42.0000 1.6334
43.0000 1.7136
44.0000 1.8117
45.0000 1.8872
46.0000 1.9688
47.0000 2.0070
48.0000 1.9211
49.0000 1.8636
50.0000 1.9577
51.0000 1.9959
52.0000 1.9188
53.0000 1.8224
54.0000 1.7940
55.0000 1.7045
56.0000 1.6098
57.0000 1.6006
58.0000 1.5579
59.0000 1.4789
60.0000 1.4252
61.0000 1.3254
62.0000 1.3181
63.0000 1.3374
64.0000 1.2379
65.0000 1.2708
66.0000 1.3684
67.0000 1.4657
68.0000 1.5576
69.0000 1.5665
70.0000 1.5953
71.0000 1.6599
72.0000 1.6323
73.0000 1.5344
74.0000 1.4594
75.0000 1.5352
76.0000 1.5809
77.0000 1.6390
78.0000 1.5469
79.0000 1.4841
80.0000 1.4696
81.0000 1.5681
82.0000 1.5626
83.0000 1.5467
84.0000 1.5268
85.0000 1.4965
86.0000 1.4967
87.0000 1.5400
88.0000 1.6362
89.0000 1.6504
90.0000 1.5620
91.0000 1.5021
92.0000 1.5857
93.0000 1.6425
94.0000 1.7416
95.0000 1.8073
96.0000 1.7974
97.0000 1.7687
98.0000 1.8669
99.0000 1.8378
100.0000 1.8964
101.0000 1.9271
102.0000 2.0028
103.0000 2.0320
104.0000 1.9524
105.0000 1.8801
106.0000 1.7858
107.0000 1.7575
108.0000 1.7601
109.0000 1.7269
110.0000 1.6318
111.0000 1.5794
112.0000 1.6644
113.0000 1.6505
114.0000 1.5558
115.0000 1.4760
116.0000 1.4084
117.0000 1.3506
118.0000 1.3529
119.0000 1.3557
120.0000 1.3010
121.0000 1.2322
122.0000 1.1410
123.0000 1.0473
124.0000 1.0302
125.0000 0.9304
126.0000 0.8341
127.0000 0.7385
128.0000 0.6978
129.0000 0.6231
130.0000 0.5470
131.0000 0.4884
132.0000 0.4749
133.0000 0.4939
134.0000 0.5907
135.0000 0.6905
136.0000 0.7819
137.0000 0.8786
138.0000 0.9548
139.0000 1.0429
140.0000 1.0851
141.0000 1.1782
142.0000 1.2582
143.0000 1.3022
144.0000 1.3978
145.0000 1.3682
146.0000 1.4405
147.0000 1.5401
148.0000 1.6265
149.0000 1.6956
150.0000 1.7518
