1.0000 2.2307
2.0000 2.2308
3.0000 2.1309
4.0000 2.0372
5.0000 1.9627
6.0000 2.0000
7.0000 1.9888
8.0000 2.0487
9.0000 2.0577
10.0000 2.0316
11.0000 2.0160
12.0000 1.9975
13.0000 2.0004
14.0000 1.9163
15.0000 1.8203
16.0000 1.7209
17.0000 1.6452
18.0000 1.5452
19.0000 1.4478
20.0000 1.3656
21.0000 1.2846
22.0000 1.1903
23.0000 1.1312
24.0000 1.1666
25.0000 1.1729
26.0000 1.2079
27.0000 1.3012
28.0000 1.3895
29.0000 1.4893
30.0000 1.5136
31.0000 1.6105
32.0000 1.6675
33.0000 1.7581
34.0000 1.8428
35.0000 1.8409
36.0000 1.9379
37.0000 1.9923
38.0000 2.0896
39.0000 2.1556
40.0000 2.2438
41.0000 2.3420
42.0000 2.4415
43.0000 2.5413
44.0000 2.6332
45.0000 2.6472
46.0000 2.5602
47.0000 2.4624
48.0000 2.4257
49.0000 2.3414
50.0000 2.2602
51.0000 2.1961
52.0000 2.1357
53.0000 2.2204
54.0000 2.2661
55.0000 2.3006
56.0000 2.3951
57.0000 2.4634
58.0000 2.5243
59.0000 2.4733
60.0000 2.4049
61.0000 2.3873
62.0000 2.3426
63.0000 2.3480
64.0000 2.2497
65.0000 2.2412
66.0000 2.2131
67.0000 2.2749
68.0000 2.3650
69.0000 2.3532
70.0000 2.3998
71.0000 2.4139
72.0000 2.3903
73.0000 2.4024
74.0000 2.3233
75.0000 2.4233
76.0000 2.5024
77.0000 2.4539
78.0000 2.4662
79.0000 2.5449
80.0000 2.5163
81.0000 2.6131
82.0000 2.7127
83.0000 2.8040
84.0000 2.8877
85.0000 2.8436
86.0000 2.8188
87.0000 2.8022
88.0000 2.7026
89.0000 2.7497
90.0000 2.8205
91.0000 2.7492
92.0000 2.6773
93.0000 2.6354
94.0000 2.5978
95.0000 2.5032
96.0000 2.5171
97.0000 2.5162
98.0000 2.4812
99.0000 2.4102
100.0000 2.4217
101.0000 2.4644
102.0000 2.4217
103.0000 2.3837
104.0000 2.4099
105.0000 2.3502
106.0000 2.3093
107.0000 2.2107
108.0000 2.1179
109.0000 2.0409
110.0000 1.9410
111.0000 1.9236
112.0000 1.8236
113.0000 1.7259
114.0000 1.6265
115.0000 1.5463
116.0000 1.4554
117.0000 1.3751
118.0000 1.3244
119.0000 1.3458
120.0000 1.3246
121.0000 1.4072
122.0000 1.4680
123.0000 1.5415
124.0000 1.5311
125.0000 1.5189
126.0000 1.6178
127.0000 1.6975
128.0000 1.6918
129.0000 1.7264
130.0000 1.7670
131.0000 1.8609
132.0000 1.9597
133.0000 2.0538
134.0000 2.0637
135.0000 1.9931
136.0000 1.9030
137.0000 1.8047
138.0000 1.7109
139.0000 1.6313
140.0000 1.5392
141.0000 1.4627
142.0000 1.4186
143.0000 1.4829
144.0000 1.5374
145.0000 1.4703
146.0000 1.3731
147.0000 1.3220
148.0000 1.2377
149.0000 1.1412
150.0000 1.0418
