1.0000 2.2308
2.0000 2.2907
3.0000 2.2088
4.0000 2.1755
5.0000 2.0909
6.0000 2.0602
7.0000 1.9692
8.0000 1.9717
9.0000 1.9260
10.0000 2.0038
11.0000 2.0663
12.0000 1.9747
13.0000 1.8747
14.0000 1.8366
15.0000 1.8044
16.0000 1.7163
17.0000 1.6163
18.0000 1.5207
19.0000 1.4256
20.0000 1.3539
21.0000 1.2733
22.0000 1.1760
23.0000 1.0780
24.0000 1.0762
25.0000 1.1644
26.0000 1.2475
27.0000 1.3428
28.0000 1.4180
29.0000 1.4632
30.0000 1.5449
31.0000 1.6030
32.0000 1.5892
33.0000 1.5985
34.0000 1.5310
35.0000 1.4654
36.0000 1.3659
37.0000 1.2749
38.0000 1.3219
39.0000 1.4116
40.0000 1.4571
41.0000 1.5569
42.0000 1.5536
43.0000 1.6530
44.0000 1.7446
45.0000 1.8190
46.0000 1.8217
47.0000 1.7783
48.0000 1.7119
49.0000 1.6636
50.0000 1.5636
51.0000 1.4668
52.0000 1.3673
53.0000 1.3333
54.0000 1.2820
55.0000 1.3137
56.0000 1.2798
57.0000 1.2667
58.0000 1.2968
59.0000 1.3774
60.0000 1.4686
61.0000 1.5282
62.0000 1.6029
63.0000 1.6344
64.0000 1.7290
65.0000 1.6528
66.0000 1.5886
67.0000 1.5164
68.0000 1.4738
69.0000 1.4650
70.0000 1.5064
71.0000 1.4674
72.0000 1.4325
73.0000 1.4927
74.0000 1.4610
75.0000 1.5513
76.0000 1.6387
77.0000 1.6265
78.0000 1.5315
79.0000 1.5525
80.0000 1.4525
81.0000 1.3735
82.0000 1.3009
83.0000 1.2679
84.0000 1.2767
85.0000 1.2332
86.0000 1.2505
87.0000 1.3066
88.0000 1.3659
89.0000 1.4646
90.0000 1.5562
91.0000 1.5671
92.0000 1.5135
93.0000 1.4417
94.0000 1.3906
95.0000 1.3264
96.0000 1.3254
97.0000 1.4061
98.0000 1.5053
99.0000 1.5356
100.0000 1.5237
101.0000 1.5247
102.0000 1.4521
103.0000 1.4483
104.0000 1.3521
105.0000 1.2521
106.0000 1.1892
107.0000 1.1595
108.0000 1.1633
109.0000 1.0903
110.0000 1.0416
111.0000 1.0495
112.0000 1.1477
113.0000 1.2348
114.0000 1.3308
115.0000 1.4289
116.0000 1.5040
117.0000 1.5947
118.0000 1.6944
119.0000 1.7496
120.0000 1.8490
121.0000 1.9428
122.0000 1.8915
123.0000 1.8685
124.0000 1.9359
125.0000 1.9500
126.0000 1.8950
127.0000 1.8012
128.0000 1.7159
129.0000 1.7002
130.0000 1.7536
131.0000 1.8420
132.0000 1.8876
133.0000 1.9019
134.0000 1.9192
135.0000 2.0176
136.0000 2.1174
137.0000 2.1968
138.0000 2.2965
139.0000 2.3938
140.0000 2.4915
141.0000 2.5770
142.0000 2.5020
143.0000 2.5747
144.0000 2.6224
145.0000 2.5451
146.0000 2.5140
147.0000 2.4413
148.0000 2.3440
149.0000 2.2543
150.0000 2.1783
