1.0000 2.1528
2.0000 2.0532
3.0000 1.9667
4.0000 1.9038
5.0000 1.8290
6.0000 1.8218
7.0000 1.8484
8.0000 1.7991
9.0000 1.7140
10.0000 1.7591
11.0000 1.8249
12.0000 1.7574
13.0000 1.7982
14.0000 1.8170
15.0000 1.7593
16.0000 1.7503
17.0000 1.7919
18.0000 1.8544
19.0000 1.9170
20.0000 1.9390
21.0000 2.0167
22.0000 2.1081
23.0000 2.1641
24.0000 2.1800
25.0000 2.0825
26.0000 2.0130
27.0000 1.9406
28.0000 1.9071
29.0000 1.9690
30.0000 2.0349
31.0000 2.0990
32.0000 2.1340
33.0000 2.2278
34.0000 2.2494
35.0000 2.1521
36.0000 2.0898
37.0000 2.0574
38.0000 2.0342
39.0000 2.0278
40.0000 1.9304
41.0000 1.8315
42.0000 1.8027
43.0000 1.8303
44.0000 1.9026
45.0000 1.9700
46.0000 1.9451
47.0000 1.8691
48.0000 1.8786
49.0000 1.9353
50.0000 2.0348
51.0000 2.1142
52.0000 2.1779
53.0000 2.2692
54.0000 2.3475
55.0000 2.3291
56.0000 2.3126
57.0000 2.3367
58.0000 2.2817
59.0000 2.1882
60.0000 2.2120
61.0000 2.2600
62.0000 2.2813
63.0000 2.2453
64.0000 2.2705
65.0000 2.2007
66.0000 2.2344
67.0000 2.3341
68.0000 2.3556
69.0000 2.3399
70.0000 2.2969
71.0000 2.2071
72.0000 2.1444
73.0000 2.0679
74.0000 1.9807
75.0000 1.8812
76.0000 1.8199
77.0000 1.9033
78.0000 1.8655
79.0000 1.8051
80.0000 1.8496
81.0000 1.8966
82.0000 1.9135
83.0000 1.8839
84.0000 1.9312
85.0000 1.9431
86.0000 1.8432
87.0000 1.7433
88.0000 1.6924
89.0000 1.7025
90.0000 1.6773
91.0000 1.7233
92.0000 1.7666
93.0000 1.7611
94.0000 1.6704
95.0000 1.6054
96.0000 1.5264
97.0000 1.4492
98.0000 1.3722
99.0000 1.2985
100.0000 1.1999
101.0000 1.2346
102.0000 1.2102
103.0000 1.1241
104.0000 1.0287
105.0000 0.9838
106.0000 0.8860
107.0000 0.8247
108.0000 0.9086
109.0000 0.9166
110.0000 0.9851
111.0000 1.0349
112.0000 1.0783
113.0000 1.1420
114.0000 1.2190
115.0000 1.3025
116.0000 1.4007
117.0000 1.4402
118.0000 1.5402
119.0000 1.6104
120.0000 1.5535
121.0000 1.5334
122.0000 1.4334
123.0000 1.4014
124.0000 1.4103
125.0000 1.4924
126.0000 1.5052
127.0000 1.4374
128.0000 1.5124
129.0000 1.6097
130.0000 1.7038
131.0000 1.7904
132.0000 1.8887
133.0000 1.9887
134.0000 2.0167
135.0000 1.9300
136.0000 2.0111
137.0000 2.0429
138.0000 2.0233
139.0000 1.9922
140.0000 1.8932
141.0000 1.8896
142.0000 1.9769
143.0000 1.8941
144.0000 1.7942
145.0000 1.8065
146.0000 1.7209
147.0000 1.6213
148.0000 1.5271
149.0000 1.4369
150.0000 1.4385
