1.0000 2.2250
2.0000 2.3096
3.0000 2.3638
4.0000 2.3988
5.0000 2.4251
6.0000 2.4978
7.0000 2.5711
8.0000 2.6501
9.0000 2.7261
10.0000 2.6305
11.0000 2.5306
12.0000 2.4347
13.0000 2.4278
14.0000 2.3640
15.0000 2.2701
16.0000 2.1922
17.0000 2.1105
18.0000 2.0412
19.0000 1.9744
20.0000 2.0358
21.0000 2.1114
22.0000 2.1973
23.0000 2.2677
24.0000 2.1723
25.0000 2.1678
26.0000 2.1707
27.0000 2.0971
28.0000 2.0743
29.0000 2.0773
30.0000 1.9808
31.0000 1.8834
32.0000 1.7842
33.0000 1.7007
34.0000 1.6712
35.0000 1.7212
36.0000 1.7853
37.0000 1.7368
38.0000 1.6374
39.0000 1.5441
40.0000 1.6164
41.0000 1.6551
42.0000 1.7539
43.0000 1.8465
44.0000 1.9386
45.0000 2.0178
46.0000 2.0777
47.0000 2.0080
48.0000 1.9120
49.0000 1.8393
50.0000 1.7593
51.0000 1.6671
52.0000 1.5671
53.0000 1.4793
54.0000 1.3977
55.0000 1.3483
56.0000 1.4054
57.0000 1.4997
58.0000 1.4603
59.0000 1.4981
60.0000 1.4169
61.0000 1.3169
62.0000 1.2256
63.0000 1.1712
64.0000 1.1579
65.0000 1.1278
66.0000 1.0509
67.0000 0.9553
68.0000 0.9345
69.0000 1.0126
70.0000 1.0396
71.0000 1.1336
72.0000 1.2328
73.0000 1.3312
74.0000 1.3443
75.0000 1.4133
76.0000 1.4235
77.0000 1.4609
78.0000 1.5554
79.0000 1.6437
80.0000 1.7126
81.0000 1.6603
82.0000 1.5783
83.0000 1.4797
84.0000 1.4204
85.0000 1.3243
86.0000 1.2249
87.0000 1.1928
88.0000 1.1319
89.0000 1.1606
90.0000 1.1854
91.0000 1.2547
92.0000 1.2459
93.0000 1.3095
94.0000 1.3429
95.0000 1.4163
96.0000 1.4603
97.0000 1.5356
98.0000 1.5197
99.0000 1.5126
100.0000 1.5784
101.0000 1.6703
102.0000 1.7053
103.0000 1.8020
104.0000 1.9017
105.0000 1.9714
106.0000 2.0246
107.0000 1.9339
108.0000 1.9303
109.0000 1.8306
110.0000 1.7346
111.0000 1.6539
112.0000 1.6103
113.0000 1.5613
114.0000 1.5859
115.0000 1.5922
116.0000 1.6913
117.0000 1.7871
118.0000 1.8685
119.0000 1.9472
120.0000 2.0462
121.0000 2.1013
122.0000 2.0740
123.0000 2.1441
124.0000 2.2424
125.0000 2.2933
126.0000 2.2427
127.0000 2.1712
128.0000 2.2342
129.0000 2.2892
130.0000 2.3814
131.0000 2.3964
132.0000 2.3904
133.0000 2.3140
134.0000 2.2143
135.0000 2.1323
136.0000 2.0498
137.0000 1.9498
138.0000 1.8599
139.0000 1.7794
140.0000 1.7305
141.0000 1.6345
142.0000 1.5662
143.0000 1.5682
144.0000 1.5960
145.0000 1.6621
146.0000 1.7212
147.0000 1.8198
148.0000 1.8985
149.0000 1.9984
150.0000 2.0433
