1.0000 2.1436
2.0000 2.0954
3.0000 2.0038
4.0000 1.9082
5.0000 1.8948
6.0000 1.9706
7.0000 2.0597
8.0000 2.0349
9.0000 2.1017
10.0000 2.0801
11.0000 1.9906
12.0000 2.0150
13.0000 1.9738
14.0000 1.8767
15.0000 1.8004
16.0000 1.7523
17.0000 1.6980
18.0000 1.7318
19.0000 1.8297
20.0000 1.9137
21.0000 1.9330
22.0000 1.8742
23.0000 1.7950
24.0000 1.7764
25.0000 1.8236
26.0000 1.8884
27.0000 1.9123
28.0000 2.0053
29.0000 1.9159
30.0000 1.8384
31.0000 1.7872
32.0000 1.7160
33.0000 1.6617
34.0000 1.6091
35.0000 1.5137
36.0000 1.4196
37.0000 1.3246
38.0000 1.2311
39.0000 1.1371
40.0000 1.0372
41.0000 0.9916
42.0000 1.0557
43.0000 1.1543
44.0000 1.2383
45.0000 1.3319
46.0000 1.3466
47.0000 1.2917
48.0000 1.1929
49.0000 1.1256
50.0000 1.0305
51.0000 0.9890
52.0000 0.9405
53.0000 0.9625
54.0000 1.0339
55.0000 1.1188
56.0000 1.1012
57.0000 1.0227
58.0000 0.9475
59.0000 0.8609
60.0000 0.9434
61.0000 1.0052
62.0000 0.9792
63.0000 1.0475
64.0000 1.1339
65.0000 1.2065
66.0000 1.2883
67.0000 1.3786
68.0000 1.4406
69.0000 1.4502
70.0000 1.3852
71.0000 1.2857
72.0000 1.1900
73.0000 1.1927
74.0000 1.2501
75.0000 1.2790
76.0000 1.3087
77.0000 1.2419
78.0000 1.1429
79.0000 1.0454
80.0000 0.9881
81.0000 0.9447
82.0000 1.0079
83.0000 1.1060
84.0000 1.1759
85.0000 1.2625
86.0000 1.3091
87.0000 1.3658
88.0000 1.4387
89.0000 1.5339
90.0000 1.5533
91.0000 1.4992
92.0000 1.5540
93.0000 1.5782
94.0000 1.5801
95.0000 1.4821
96.0000 1.3845
97.0000 1.3054
98.0000 1.2059
99.0000 1.1440
100.0000 1.0550
101.0000 0.9750
102.0000 0.8751
103.0000 0.8394
104.0000 0.7401
105.0000 0.7888
106.0000 0.6988
107.0000 0.6450
108.0000 0.5533
109.0000 0.5288
110.0000 0.4456
111.0000 0.3506
112.0000 0.3959
113.0000 0.4268
114.0000 0.4318
115.0000 0.3597
116.0000 0.3927
117.0000 0.3837
118.0000 0.4558
119.0000 0.5553
120.0000 0.6553
121.0000 0.7340
122.0000 0.8338
123.0000 0.8499
124.0000 0.7536
125.0000 0.6600
126.0000 0.5786
127.0000 0.4987
128.0000 0.5014
129.0000 0.4213
130.0000 0.4397
131.0000 0.4948
132.0000 0.4654
133.0000 0.4246
134.0000 0.3538
135.0000 0.2572
136.0000 0.2439
137.0000 0.2419
138.0000 0.1919
139.0000 0.1213
140.0000 0.1227
141.0000 0.1815
142.0000 0.2681
143.0000 0.3671
144.0000 0.4259
145.0000 0.5112
146.0000 0.6109
147.0000 0.7066
148.0000 0.8033
149.0000 0.8698
150.0000 0.8113
