1.0000 2.1448
2.0000 2.0674
3.0000 2.1277
4.0000 2.1247
5.0000 2.1155
6.0000 2.2051
7.0000 2.1506
8.0000 2.0670
9.0000 1.9707
10.0000 1.8708
11.0000 1.9508
12.0000 2.0444
13.0000 1.9950
14.0000 1.9993
15.0000 1.9804
16.0000 1.9336
17.0000 1.8593
18.0000 1.8724
19.0000 1.9715
20.0000 1.9630
21.0000 1.8638
22.0000 1.7668
23.0000 1.7333
24.0000 1.6342
25.0000 1.5605
26.0000 1.4900
27.0000 1.4367
28.0000 1.3744
29.0000 1.2785
30.0000 1.2285
31.0000 1.2740
32.0000 1.3264
33.0000 1.3923
34.0000 1.4770
35.0000 1.5378
36.0000 1.5911
37.0000 1.6657
38.0000 1.6885
39.0000 1.7863
40.0000 1.8540
41.0000 1.9161
42.0000 2.0104
43.0000 1.9125
44.0000 1.8767
45.0000 1.8176
46.0000 1.7686
47.0000 1.7034
48.0000 1.6383
49.0000 1.5649
50.0000 1.4660
51.0000 1.3761
52.0000 1.3736
53.0000 1.3869
54.0000 1.4645
55.0000 1.4470
56.0000 1.4088
57.0000 1.4147
58.0000 1.3511
59.0000 1.3585
60.0000 1.4363
61.0000 1.4005
62.0000 1.3542
63.0000 1.2641
64.0000 1.1742
65.0000 1.1134
66.0000 1.1893
67.0000 1.2849
68.0000 1.3754
69.0000 1.4725
70.0000 1.5719
71.0000 1.6429
72.0000 1.7421
73.0000 1.8405
74.0000 1.9189
75.0000 1.9719
76.0000 1.9874
77.0000 1.9369
78.0000 1.8717
79.0000 1.7833
80.0000 1.7603
81.0000 1.8043
82.0000 1.8903
83.0000 1.9644
84.0000 1.9790
85.0000 1.8886
86.0000 1.9051
87.0000 1.9577
88.0000 1.8612
89.0000 1.8082
90.0000 1.9026
91.0000 1.9992
92.0000 2.0973
93.0000 2.0401
94.0000 1.9471
95.0000 1.8633
96.0000 1.7915
97.0000 1.7009
98.0000 1.6084
99.0000 1.6475
100.0000 1.6313
101.0000 1.6355
102.0000 1.6852
103.0000 1.7831
104.0000 1.8620
105.0000 1.9609
106.0000 1.9201
107.0000 1.8288
108.0000 1.8290
109.0000 1.7402
110.0000 1.6498
111.0000 1.5504
112.0000 1.4567
113.0000 1.3719
114.0000 1.2844
115.0000 1.2447
116.0000 1.2397
117.0000 1.2310
118.0000 1.2970
119.0000 1.3860
120.0000 1.4094
121.0000 1.4544
122.0000 1.4465
123.0000 1.4690
124.0000 1.4502
125.0000 1.3889
126.0000 1.4397
127.0000 1.4090
128.0000 1.4593
129.0000 1.4954
130.0000 1.4244
131.0000 1.3648
132.0000 1.2668
133.0000 1.1856
134.0000 1.2182
135.0000 1.2309
136.0000 1.1333
137.0000 1.1283
138.0000 1.1163
139.0000 1.0776
140.0000 1.1346
141.0000 1.2338
142.0000 1.2114
143.0000 1.1116
144.0000 1.1264
145.0000 1.1809
146.0000 1.1503
147.0000 1.1230
148.0000 1.2083
149.0000 1.3030
150.0000 1.3949
