1.0000 2.2575
2.0000 2.2808
3.0000 2.3490
4.0000 2.3959
5.0000 2.3583
6.0000 2.3376
7.0000 2.2414
8.0000 2.1592
9.0000 2.0602
10.0000 1.9627
11.0000 1.9080
12.0000 1.8162
13.0000 1.9151
14.0000 2.0151
15.0000 2.0970
16.0000 2.1530
17.0000 2.2023
18.0000 2.3021
19.0000 2.3829
20.0000 2.4829
21.0000 2.5785
22.0000 2.6103
23.0000 2.7017
24.0000 2.6565
25.0000 2.6059
26.0000 2.5366
27.0000 2.4619
28.0000 2.3660
29.0000 2.2660
30.0000 2.1968
31.0000 2.1362
32.0000 2.0390
33.0000 1.9475
34.0000 1.8566
35.0000 1.7647
36.0000 1.7241
37.0000 1.6469
38.0000 1.5471
39.0000 1.5062
40.0000 1.4687
41.0000 1.5248
42.0000 1.5898
43.0000 1.5577
44.0000 1.5687
45.0000 1.6546
46.0000 1.7515
47.0000 1.8277
48.0000 1.7919
49.0000 1.7115
50.0000 1.6233
51.0000 1.5665
52.0000 1.5375
53.0000 1.4635
54.0000 1.3914
55.0000 1.3035
56.0000 1.2081
57.0000 1.1118
58.0000 1.0432
59.0000 0.9480
60.0000 0.8493
61.0000 0.7657
62.0000 0.6748
63.0000 0.7540
64.0000 0.8540
65.0000 0.9455
66.0000 1.0122
67.0000 1.1037
68.0000 1.1756
69.0000 1.1407
70.0000 1.0531
71.0000 0.9700
72.0000 0.8880
73.0000 0.7883
74.0000 0.8068
75.0000 0.8922
76.0000 0.8986
77.0000 0.9156
78.0000 0.8156
79.0000 0.7403
80.0000 0.6548
81.0000 0.5871
82.0000 0.5339
83.0000 0.5721
84.0000 0.6112
85.0000 0.5937
86.0000 0.5552
87.0000 0.6237
88.0000 0.7164
89.0000 0.7232
90.0000 0.6435
91.0000 0.5753
92.0000 0.4873
93.0000 0.3964
94.0000 0.2964
95.0000 0.2136
96.0000 0.2846
97.0000 0.3768
98.0000 0.4688
99.0000 0.5414
100.0000 0.6094
101.0000 0.7088
102.0000 0.7877
103.0000 0.8335
104.0000 0.8710
105.0000 0.8973
106.0000 0.8020
107.0000 0.7168
108.0000 0.6302
109.0000 0.5354
110.0000 0.5037
111.0000 0.4483
112.0000 0.4459
113.0000 0.4672
114.0000 0.5295
115.0000 0.6267
116.0000 0.6428
117.0000 0.6779
118.0000 0.7771
119.0000 0.8004
120.0000 0.7868
121.0000 0.7718
122.0000 0.6823
123.0000 0.5951
124.0000 0.5333
125.0000 0.4872
126.0000 0.5373
127.0000 0.5985
128.0000 0.6895
129.0000 0.7730
130.0000 0.8725
131.0000 0.9536
132.0000 1.0086
133.0000 0.9661
134.0000 1.0002
135.0000 1.0853
136.0000 1.1739
137.0000 1.2662
138.0000 1.3570
139.0000 1.3540
140.0000 1.4313
141.0000 1.5282
142.0000 1.4991
143.0000 1.4091
144.0000 1.3243
145.0000 1.2325
146.0000 1.1589
147.0000 1.1256
148.0000 1.0357
149.0000 0.9385
150.0000 0.8411
