1.0000 2.2332
2.0000 2.3114
3.0000 2.2833
4.0000 2.1957
5.0000 2.0961
6.0000 2.0620
7.0000 2.1584
8.0000 2.1830
9.0000 2.1989
10.0000 2.1114
11.0000 2.0348
12.0000 1.9826
13.0000 1.9050
14.0000 1.9515
15.0000 1.8997
16.0000 1.8581
17.0000 1.7751
18.0000 1.7870
19.0000 1.8396
20.0000 1.8948
21.0000 1.9760
22.0000 1.9973
23.0000 1.9091
24.0000 1.8381
25.0000 1.7381
26.0000 1.6502
27.0000 1.6198
28.0000 1.6595
29.0000 1.7472
30.0000 1.8461
31.0000 1.9069
32.0000 1.9224
33.0000 1.8817
34.0000 1.8195
35.0000 1.8446
36.0000 1.9414
37.0000 2.0402
38.0000 2.1365
39.0000 2.2340
40.0000 2.3304
41.0000 2.4096
42.0000 2.5076
43.0000 2.6074
44.0000 2.7070
45.0000 2.7869
46.0000 2.7407
47.0000 2.6703
48.0000 2.5876
49.0000 2.5368
50.0000 2.4368
51.0000 2.4532
52.0000 2.4360
53.0000 2.3490
54.0000 2.2619
55.0000 2.2272
56.0000 2.2639
57.0000 2.2765
58.0000 2.2939
59.0000 2.3242
60.0000 2.4227
61.0000 2.4270
62.0000 2.5135
63.0000 2.5274
64.0000 2.4675
65.0000 2.3756
66.0000 2.3248
67.0000 2.3241
68.0000 2.2985
69.0000 2.3960
70.0000 2.3486
71.0000 2.3231
72.0000 2.3587
73.0000 2.3666
74.0000 2.3201
75.0000 2.2674
76.0000 2.1889
77.0000 2.2105
78.0000 2.1263
79.0000 2.0822
80.0000 2.1822
81.0000 2.2644
82.0000 2.2374
83.0000 2.1833
84.0000 2.1478
85.0000 2.1045
86.0000 2.1002
87.0000 2.0172
88.0000 1.9877
89.0000 1.9001
90.0000 1.8058
91.0000 1.7129
92.0000 1.6143
93.0000 1.5373
94.0000 1.4432
95.0000 1.3708
96.0000 1.4279
97.0000 1.5203
98.0000 1.5695
99.0000 1.6695
100.0000 1.7442
101.0000 1.8442
102.0000 1.9165
103.0000 2.0029
104.0000 1.9321
105.0000 1.9811
106.0000 1.8832
107.0000 1.7858
108.0000 1.7798
109.0000 1.7846
110.0000 1.8331
111.0000 1.9167
112.0000 2.0164
113.0000 1.9432
114.0000 1.9537
115.0000 1.8767
116.0000 1.7806
117.0000 1.7457
118.0000 1.7503
119.0000 1.7482
120.0000 1.7503
121.0000 1.7015
122.0000 1.7437
123.0000 1.6675
124.0000 1.6342
125.0000 1.6793
126.0000 1.7394
127.0000 1.8080
128.0000 1.9063
129.0000 1.9490
130.0000 1.9299
131.0000 1.9141
132.0000 1.9117
133.0000 1.9520
134.0000 2.0512
135.0000 2.1459
136.0000 2.1530
137.0000 2.1197
138.0000 2.1311
139.0000 2.0319
140.0000 1.9415
141.0000 1.9131
142.0000 1.9007
143.0000 1.9162
144.0000 1.9454
145.0000 1.9535
146.0000 1.9716
147.0000 1.8823
148.0000 1.8499
149.0000 1.8828
150.0000 1.8727
