1.0000 2.1953
2.0000 2.1127
3.0000 2.0203
4.0000 1.9348
5.0000 1.9211
6.0000 1.9622
7.0000 2.0269
8.0000 2.1164
9.0000 2.1473
10.0000 2.1541
11.0000 2.1463
12.0000 2.0558
13.0000 1.9589
14.0000 1.8774
15.0000 1.8423
16.0000 1.8231
17.0000 1.7539
18.0000 1.8005
19.0000 1.8713
20.0000 1.9632
21.0000 2.0474
22.0000 2.1378
23.0000 2.2359
24.0000 2.3293
25.0000 2.3426
26.0000 2.2429
27.0000 2.3253
28.0000 2.4032
29.0000 2.4365
30.0000 2.5094
31.0000 2.5579
32.0000 2.6438
33.0000 2.6675
34.0000 2.6386
35.0000 2.5387
36.0000 2.4448
37.0000 2.3452
38.0000 2.2811
39.0000 2.1931
40.0000 2.1800
41.0000 2.2154
42.0000 2.2586
43.0000 2.3394
44.0000 2.4333
45.0000 2.5055
46.0000 2.6001
47.0000 2.6914
48.0000 2.7886
49.0000 2.7831
50.0000 2.6856
51.0000 2.6383
52.0000 2.5685
53.0000 2.4728
54.0000 2.4626
55.0000 2.4422
56.0000 2.5309
57.0000 2.6247
58.0000 2.5654
59.0000 2.5589
60.0000 2.6373
61.0000 2.7034
62.0000 2.7642
63.0000 2.8226
64.0000 2.7970
65.0000 2.6996
66.0000 2.6865
67.0000 2.6764
68.0000 2.6181
69.0000 2.6218
70.0000 2.6811
71.0000 2.7767
72.0000 2.8469
73.0000 2.8192
74.0000 2.7224
75.0000 2.7574
76.0000 2.8199
77.0000 2.8214
78.0000 2.7841
79.0000 2.7650
80.0000 2.6653
81.0000 2.6226
82.0000 2.6468
83.0000 2.6618
84.0000 2.6433
85.0000 2.5481
86.0000 2.4883
87.0000 2.4098
88.0000 2.3125
89.0000 2.2128
90.0000 2.1498
91.0000 2.1598
92.0000 2.2517
93.0000 2.1654
94.0000 2.0946
95.0000 2.0667
96.0000 2.1204
97.0000 2.1752
98.0000 2.1888
99.0000 2.2880
100.0000 2.3828
101.0000 2.4610
102.0000 2.4134
103.0000 2.4977
104.0000 2.4416
105.0000 2.5175
106.0000 2.5173
107.0000 2.4506
108.0000 2.3507
109.0000 2.2536
110.0000 2.1536
111.0000 2.2142
112.0000 2.3140
113.0000 2.3536
114.0000 2.4534
115.0000 2.5462
116.0000 2.5105
117.0000 2.4138
118.0000 2.4057
119.0000 2.4901
120.0000 2.5067
121.0000 2.5611
122.0000 2.5775
123.0000 2.5218
124.0000 2.5656
125.0000 2.4705
126.0000 2.4008
127.0000 2.3122
128.0000 2.2378
129.0000 2.1431
130.0000 2.2183
131.0000 2.2940
132.0000 2.3922
133.0000 2.4822
134.0000 2.5753
135.0000 2.6730
136.0000 2.6989
137.0000 2.6554
138.0000 2.6080
139.0000 2.6093
140.0000 2.7039
141.0000 2.7147
142.0000 2.7108
143.0000 2.6895
144.0000 2.7039
145.0000 2.6430
146.0000 2.5435
147.0000 2.4457
148.0000 2.3569
149.0000 2.2646
150.0000 2.3031
