1.0000 2.1739
2.0000 2.1306
3.0000 2.0306
4.0000 1.9372
5.0000 1.8443
6.0000 1.8966
7.0000 1.9791
8.0000 2.0227
9.0000 2.0431
10.0000 2.0133
11.0000 1.9255
12.0000 1.8279
13.0000 1.7358
14.0000 1.6440
15.0000 1.5780
16.0000 1.4909
17.0000 1.5397
18.0000 1.5072
19.0000 1.5209
20.0000 1.6181
21.0000 1.7135
22.0000 1.8118
23.0000 1.9081
24.0000 2.0052
25.0000 1.9057
26.0000 1.8316
27.0000 1.7640
28.0000 1.7745
29.0000 1.6745
30.0000 1.5837
31.0000 1.4921
32.0000 1.4302
33.0000 1.3482
34.0000 1.3695
35.0000 1.3994
36.0000 1.3182
37.0000 1.2184
38.0000 1.1190
39.0000 1.0288
40.0000 0.9438
41.0000 0.8616
42.0000 0.7634
43.0000 0.6668
44.0000 0.6123
45.0000 0.5391
46.0000 0.4919
47.0000 0.5774
48.0000 0.6492
49.0000 0.7169
50.0000 0.8104
51.0000 0.8930
52.0000 0.9883
53.0000 1.0159
54.0000 1.1050
55.0000 1.1261
56.0000 1.1512
57.0000 1.1814
58.0000 1.1754
59.0000 1.0760
60.0000 1.0441
61.0000 1.1244
62.0000 1.2145
63.0000 1.1224
64.0000 1.0503
65.0000 1.0601
66.0000 1.1348
67.0000 1.1082
68.0000 1.0084
69.0000 0.9401
70.0000 0.8853
71.0000 0.8540
72.0000 0.9345
73.0000 1.0237
74.0000 1.0779
75.0000 1.1724
76.0000 1.2202
77.0000 1.1951
78.0000 1.0953
79.0000 1.0097
80.0000 0.9341
81.0000 0.8343
82.0000 0.8256
83.0000 0.8720
84.0000 0.8376
85.0000 0.7460
86.0000 0.8303
87.0000 0.9209
88.0000 0.9499
89.0000 1.0370
90.0000 1.1326
91.0000 1.1184
92.0000 1.0900
93.0000 1.1579
94.0000 1.2413
95.0000 1.3174
96.0000 1.3745
97.0000 1.3988
98.0000 1.4896
99.0000 1.5305
100.0000 1.5866
101.0000 1.6842
102.0000 1.7812
103.0000 1.8748
104.0000 1.9598
105.0000 2.0583
106.0000 2.1551
107.0000 2.2197
108.0000 2.2469
109.0000 2.2447
110.0000 2.1549
111.0000 2.0642
112.0000 1.9652
113.0000 1.8657
114.0000 1.9013
115.0000 1.9512
116.0000 1.9280
117.0000 1.8816
118.0000 1.8384
119.0000 1.8549
120.0000 1.9501
121.0000 2.0500
122.0000 2.1415
123.0000 2.2361
124.0000 2.3026
125.0000 2.4021
126.0000 2.4924
127.0000 2.4434
128.0000 2.3489
129.0000 2.3065
130.0000 2.3697
131.0000 2.4631
132.0000 2.4737
133.0000 2.3902
134.0000 2.3207
135.0000 2.2337
136.0000 2.3262
137.0000 2.4255
138.0000 2.4901
139.0000 2.3979
140.0000 2.3028
141.0000 2.2797
142.0000 2.1870
143.0000 2.1111
144.0000 2.1189
145.0000 2.1819
146.0000 2.2643
147.0000 2.3634
148.0000 2.4607
149.0000 2.5303
150.0000 2.4577
