1.0000 2.1504
2.0000 2.1101
3.0000 2.0574
4.0000 2.1574
5.0000 2.2574
6.0000 2.2954
7.0000 2.2958
8.0000 2.3042
9.0000 2.3359
10.0000 2.3293
11.0000 2.3081
12.0000 2.3922
13.0000 2.4863
14.0000 2.5858
15.0000 2.6840
16.0000 2.7328
17.0000 2.6375
18.0000 2.5777
19.0000 2.5856
20.0000 2.5470
21.0000 2.4626
22.0000 2.3655
23.0000 2.2998
24.0000 2.3002
25.0000 2.3437
26.0000 2.3261
27.0000 2.2858
28.0000 2.2930
29.0000 2.3248
30.0000 2.4109
31.0000 2.3329
32.0000 2.2431
33.0000 2.1816
34.0000 2.2029
35.0000 2.2454
36.0000 2.2343
37.0000 2.1439
38.0000 2.1524
39.0000 2.2523
40.0000 2.2535
41.0000 2.2278
42.0000 2.1321
43.0000 2.0528
44.0000 1.9576
45.0000 1.8836
46.0000 1.8010
47.0000 1.7161
48.0000 1.6541
49.0000 1.5640
50.0000 1.5812
51.0000 1.5004
52.0000 1.4705
53.0000 1.5138
54.0000 1.6130
55.0000 1.7130
56.0000 1.7637
57.0000 1.8221
58.0000 1.8661
59.0000 1.9646
60.0000 1.9772
61.0000 1.9808
62.0000 1.9259
63.0000 1.8625
64.0000 1.7675
65.0000 1.7033
66.0000 1.6471
67.0000 1.5616
68.0000 1.5468
69.0000 1.5417
70.0000 1.5062
71.0000 1.4984
72.0000 1.4221
73.0000 1.4533
74.0000 1.3620
75.0000 1.2809
76.0000 1.1933
77.0000 1.2838
78.0000 1.3809
79.0000 1.4450
80.0000 1.3877
81.0000 1.3199
82.0000 1.3161
83.0000 1.2174
84.0000 1.1174
85.0000 1.0176
86.0000 0.9673
87.0000 1.0203
88.0000 1.1117
89.0000 1.2032
90.0000 1.1678
91.0000 1.1481
92.0000 1.1617
93.0000 1.2492
94.0000 1.3330
95.0000 1.3951
96.0000 1.4064
97.0000 1.3523
98.0000 1.3198
99.0000 1.2850
100.0000 1.2973
101.0000 1.2944
102.0000 1.2212
103.0000 1.2335
104.0000 1.2179
105.0000 1.2155
106.0000 1.1632
107.0000 1.1148
108.0000 1.0179
109.0000 0.9297
110.0000 0.8303
111.0000 0.7523
112.0000 0.6807
113.0000 0.6328
114.0000 0.6481
115.0000 0.7117
116.0000 0.7615
117.0000 0.6745
118.0000 0.5794
119.0000 0.4911
120.0000 0.4340
121.0000 0.3748
122.0000 0.2895
123.0000 0.1901
124.0000 0.1036
125.0000 0.0502
126.0000 0.1346
127.0000 0.2275
128.0000 0.3249
129.0000 0.4195
130.0000 0.5096
131.0000 0.5709
132.0000 0.6698
133.0000 0.7682
134.0000 0.8674
135.0000 0.9568
136.0000 1.0520
137.0000 1.1497
138.0000 1.2491
139.0000 1.3032
140.0000 1.3850
141.0000 1.4775
142.0000 1.4987
143.0000 1.4942
144.0000 1.5804
145.0000 1.6722
146.0000 1.7269
147.0000 1.8053
148.0000 1.7341
149.0000 1.7613
150.0000 1.8138
