1.0000 2.1589
2.0000 2.0859
3.0000 2.0331
4.0000 2.0098
5.0000 2.0459
6.0000 2.0698
7.0000 2.0730
8.0000 2.0546
9.0000 2.0011
10.0000 1.9634
11.0000 1.9150
12.0000 1.8325
13.0000 1.8227
14.0000 1.9203
15.0000 2.0145
16.0000 2.1143
17.0000 2.1819
18.0000 2.2723
19.0000 2.3232
20.0000 2.3003
21.0000 2.2318
22.0000 2.2491
23.0000 2.3393
24.0000 2.3888
25.0000 2.4870
26.0000 2.5555
27.0000 2.6041
28.0000 2.5990
29.0000 2.6659
30.0000 2.7479
31.0000 2.8192
32.0000 2.8243
33.0000 2.7452
34.0000 2.6460
35.0000 2.5912
36.0000 2.5041
37.0000 2.4337
38.0000 2.3399
39.0000 2.2586
40.0000 2.1591
41.0000 2.0797
42.0000 2.0407
43.0000 1.9954
44.0000 2.0362
45.0000 2.0581
46.0000 2.0443
47.0000 2.0351
48.0000 2.0966
49.0000 2.1585
50.0000 2.1818
51.0000 2.2491
52.0000 2.3276
53.0000 2.3589
54.0000 2.3932
55.0000 2.4486
56.0000 2.4409
57.0000 2.3453
58.0000 2.2643
59.0000 2.1696
60.0000 2.0803
61.0000 2.0249
62.0000 1.9730
63.0000 1.8748
64.0000 1.7759
65.0000 1.7159
66.0000 1.6635
67.0000 1.5760
68.0000 1.4760
69.0000 1.3903
70.0000 1.3758
71.0000 1.2769
72.0000 1.2420
73.0000 1.1421
74.0000 1.2109
75.0000 1.2937
76.0000 1.3750
77.0000 1.3528
78.0000 1.2604
79.0000 1.2926
80.0000 1.2787
81.0000 1.2863
82.0000 1.2004
83.0000 1.1007
84.0000 1.0121
85.0000 0.9624
86.0000 0.8686
87.0000 0.9558
88.0000 1.0538
89.0000 1.1145
90.0000 1.2055
91.0000 1.2923
92.0000 1.3010
93.0000 1.3729
94.0000 1.4722
95.0000 1.5688
96.0000 1.6486
97.0000 1.6937
98.0000 1.7528
99.0000 1.7537
100.0000 1.6557
101.0000 1.6875
102.0000 1.7422
103.0000 1.8033
104.0000 1.9027
105.0000 2.0013
106.0000 2.0418
107.0000 2.0823
108.0000 2.1375
109.0000 2.1582
110.0000 2.0608
111.0000 2.0331
112.0000 2.0004
113.0000 1.9778
114.0000 1.9583
115.0000 1.9162
116.0000 2.0094
117.0000 2.0806
118.0000 2.1567
119.0000 2.2291
120.0000 2.3107
121.0000 2.3815
122.0000 2.4812
123.0000 2.5269
124.0000 2.5477
125.0000 2.4494
126.0000 2.3552
127.0000 2.2643
128.0000 2.1648
129.0000 2.0728
130.0000 1.9732
131.0000 1.9034
132.0000 1.8413
133.0000 1.7523
134.0000 1.6860
135.0000 1.6924
136.0000 1.5989
137.0000 1.5320
138.0000 1.4321
139.0000 1.5170
140.0000 1.5519
141.0000 1.5585
142.0000 1.5644
143.0000 1.5854
144.0000 1.5286
145.0000 1.5636
146.0000 1.5885
147.0000 1.6867
148.0000 1.7839
149.0000 1.8802
150.0000 1.9595
