1.0000 2.1565
2.0000 2.1727
3.0000 2.2677
4.0000 2.3625
5.0000 2.3958
6.0000 2.4419
7.0000 2.3975
8.0000 2.4897
9.0000 2.5396
10.0000 2.4417
11.0000 2.3695
12.0000 2.2991
13.0000 2.1993
14.0000 2.1178
15.0000 2.0259
16.0000 1.9910
17.0000 1.9180
18.0000 1.8271
19.0000 1.7324
20.0000 1.7600
21.0000 1.7113
22.0000 1.6153
23.0000 1.5283
24.0000 1.5882
25.0000 1.6545
26.0000 1.7338
27.0000 1.7603
28.0000 1.8553
29.0000 1.9492
30.0000 2.0266
31.0000 2.1067
32.0000 2.2057
33.0000 2.3040
34.0000 2.3303
35.0000 2.4111
36.0000 2.4672
37.0000 2.5014
38.0000 2.5218
39.0000 2.4369
40.0000 2.3411
41.0000 2.2542
42.0000 2.2186
43.0000 2.1979
44.0000 2.1320
45.0000 2.0467
46.0000 2.0097
47.0000 2.1045
48.0000 2.1062
49.0000 2.1281
50.0000 2.0456
51.0000 2.0220
52.0000 1.9987
53.0000 1.9653
54.0000 1.8693
55.0000 1.7798
56.0000 1.7048
57.0000 1.6163
58.0000 1.5413
59.0000 1.5569
60.0000 1.6499
61.0000 1.6890
62.0000 1.7880
63.0000 1.8839
64.0000 1.9605
65.0000 1.9443
66.0000 1.9210
67.0000 1.8829
68.0000 1.9044
69.0000 1.9098
70.0000 1.9299
71.0000 2.0021
72.0000 2.0244
73.0000 2.0173
74.0000 2.1149
75.0000 2.0846
76.0000 1.9846
77.0000 1.9036
78.0000 1.8039
79.0000 1.7120
80.0000 1.6286
81.0000 1.5642
82.0000 1.6049
83.0000 1.7021
84.0000 1.7932
85.0000 1.8917
86.0000 1.9361
87.0000 2.0361
88.0000 2.0981
89.0000 2.0198
90.0000 2.0602
91.0000 1.9602
92.0000 1.8953
93.0000 1.7964
94.0000 1.7479
95.0000 1.7090
96.0000 1.6209
97.0000 1.6284
98.0000 1.7179
99.0000 1.8177
100.0000 1.8982
101.0000 1.9952
102.0000 1.9303
103.0000 1.9554
104.0000 1.9267
105.0000 1.8998
106.0000 1.8704
107.0000 1.7748
108.0000 1.6861
109.0000 1.6083
110.0000 1.6182
111.0000 1.7040
112.0000 1.7260
113.0000 1.7366
114.0000 1.7424
115.0000 1.8377
116.0000 1.9268
117.0000 2.0268
118.0000 2.0596
119.0000 2.1551
120.0000 2.1561
121.0000 2.2162
122.0000 2.1907
123.0000 2.2810
124.0000 2.2926
125.0000 2.1926
126.0000 2.1183
127.0000 2.0434
128.0000 1.9948
129.0000 1.9129
130.0000 1.9768
131.0000 1.9754
132.0000 1.9825
133.0000 2.0329
134.0000 2.0071
135.0000 1.9072
136.0000 1.8146
137.0000 1.7217
138.0000 1.6676
139.0000 1.6635
140.0000 1.7195
141.0000 1.8158
142.0000 1.8029
143.0000 1.7950
144.0000 1.7538
145.0000 1.6886
146.0000 1.6903
147.0000 1.6891
148.0000 1.6403
149.0000 1.5468
150.0000 1.5011
