1.0000 2.1678
2.0000 2.1565
3.0000 2.0566
4.0000 1.9661
5.0000 1.9120
6.0000 1.8157
7.0000 1.7904
8.0000 1.8226
9.0000 1.7368
10.0000 1.7089
11.0000 1.6174
12.0000 1.5787
13.0000 1.6657
14.0000 1.6364
15.0000 1.5956
16.0000 1.4981
17.0000 1.4373
18.0000 1.5065
19.0000 1.5891
20.0000 1.5047
21.0000 1.4653
22.0000 1.4174
23.0000 1.4139
24.0000 1.4270
25.0000 1.4357
26.0000 1.4471
27.0000 1.5113
28.0000 1.5345
29.0000 1.5334
30.0000 1.4392
31.0000 1.4027
32.0000 1.3071
33.0000 1.2076
34.0000 1.1713
35.0000 1.1213
36.0000 1.0221
37.0000 0.9250
38.0000 0.8250
39.0000 0.7725
40.0000 0.7883
41.0000 0.8658
42.0000 0.9309
43.0000 1.0225
44.0000 1.0949
45.0000 1.1288
46.0000 1.0335
47.0000 1.0114
48.0000 0.9728
49.0000 0.8734
50.0000 0.7743
51.0000 0.6747
52.0000 0.5768
53.0000 0.4777
54.0000 0.4824
55.0000 0.5295
56.0000 0.6170
57.0000 0.6791
58.0000 0.7536
59.0000 0.8523
60.0000 0.9502
61.0000 1.0501
62.0000 1.1483
63.0000 1.2465
64.0000 1.3224
65.0000 1.2779
66.0000 1.2514
67.0000 1.1933
68.0000 1.1158
69.0000 1.0638
70.0000 1.1278
71.0000 1.1888
72.0000 1.2861
73.0000 1.3174
74.0000 1.2784
75.0000 1.2212
76.0000 1.3108
77.0000 1.3052
78.0000 1.2307
79.0000 1.1349
80.0000 1.0453
81.0000 1.0236
82.0000 0.9384
83.0000 0.9198
84.0000 0.9351
85.0000 0.9048
86.0000 0.9104
87.0000 0.9705
88.0000 1.0307
89.0000 1.0740
90.0000 1.1156
91.0000 1.2154
92.0000 1.2586
93.0000 1.3364
94.0000 1.4068
95.0000 1.3931
96.0000 1.4722
97.0000 1.5177
98.0000 1.4613
99.0000 1.4149
100.0000 1.3299
101.0000 1.2343
102.0000 1.1350
103.0000 1.0529
104.0000 0.9747
105.0000 0.8807
106.0000 0.8095
107.0000 0.7642
108.0000 0.7595
109.0000 0.7360
110.0000 0.6377
111.0000 0.6639
112.0000 0.7593
113.0000 0.7700
114.0000 0.7250
115.0000 0.6365
116.0000 0.7082
117.0000 0.7948
118.0000 0.8838
119.0000 0.9805
120.0000 1.0513
121.0000 1.1436
122.0000 1.0508
123.0000 0.9547
124.0000 0.8901
125.0000 0.8900
126.0000 0.9248
127.0000 0.9315
128.0000 0.9691
129.0000 0.9632
130.0000 0.9581
131.0000 1.0492
132.0000 1.0939
133.0000 1.0453
134.0000 1.0632
135.0000 1.1586
136.0000 1.2455
137.0000 1.3258
138.0000 1.4139
139.0000 1.5129
140.0000 1.5713
141.0000 1.6412
142.0000 1.6642
143.0000 1.7581
144.0000 1.8359
145.0000 1.8550
146.0000 1.8523
147.0000 1.7687
148.0000 1.7797
149.0000 1.8521
150.0000 1.9402
