1.0000 2.2449
2.0000 2.1892
3.0000 2.1551
4.0000 2.1057
5.0000 2.0706
6.0000 2.0070
7.0000 2.0781
8.0000 2.1781
9.0000 2.2700
10.0000 2.3275
11.0000 2.2927
12.0000 2.3743
13.0000 2.4162
14.0000 2.3450
15.0000 2.2685
16.0000 2.2882
17.0000 2.1949
18.0000 2.1956
19.0000 2.1131
20.0000 2.0375
21.0000 2.0585
22.0000 2.0934
23.0000 2.1196
24.0000 2.1403
25.0000 2.0420
26.0000 1.9477
27.0000 1.8863
28.0000 1.8132
29.0000 1.7393
30.0000 1.7686
31.0000 1.6690
32.0000 1.6930
33.0000 1.6975
34.0000 1.7902
35.0000 1.8379
36.0000 1.8762
37.0000 1.8122
38.0000 1.7774
39.0000 1.7534
40.0000 1.6668
41.0000 1.5905
42.0000 1.4976
43.0000 1.4135
44.0000 1.3150
45.0000 1.2240
46.0000 1.1308
47.0000 1.0745
48.0000 0.9959
49.0000 0.8959
50.0000 0.8207
51.0000 0.7774
52.0000 0.7358
53.0000 0.7326
54.0000 0.7378
55.0000 0.8346
56.0000 0.9198
57.0000 1.0174
58.0000 1.1134
59.0000 1.1959
60.0000 1.2842
61.0000 1.3212
62.0000 1.2808
63.0000 1.1847
64.0000 1.1391
65.0000 1.0830
66.0000 1.0550
67.0000 1.0867
68.0000 1.0981
69.0000 1.0335
70.0000 0.9342
71.0000 0.8398
72.0000 0.7474
73.0000 0.6883
74.0000 0.7214
75.0000 0.7856
76.0000 0.8798
77.0000 0.9276
78.0000 1.0199
79.0000 1.1197
80.0000 1.1938
81.0000 1.2934
82.0000 1.3920
83.0000 1.4869
84.0000 1.4952
85.0000 1.4629
86.0000 1.5472
87.0000 1.6375
88.0000 1.7143
89.0000 1.6864
90.0000 1.6536
91.0000 1.5741
92.0000 1.4891
93.0000 1.4291
94.0000 1.3579
95.0000 1.2609
96.0000 1.1618
97.0000 1.0654
98.0000 0.9746
99.0000 0.9179
100.0000 0.8219
101.0000 0.7947
102.0000 0.6975
103.0000 0.6220
104.0000 0.6426
105.0000 0.7056
106.0000 0.7914
107.0000 0.8422
108.0000 0.8846
109.0000 0.9630
110.0000 1.0285
111.0000 1.1255
112.0000 1.2253
113.0000 1.3252
114.0000 1.3940
115.0000 1.4532
116.0000 1.4786
117.0000 1.4263
118.0000 1.3263
119.0000 1.2436
120.0000 1.2494
121.0000 1.2419
122.0000 1.2838
123.0000 1.1952
124.0000 1.1150
125.0000 1.1218
126.0000 1.1798
127.0000 1.2795
128.0000 1.3164
129.0000 1.3489
130.0000 1.4488
131.0000 1.5424
132.0000 1.6414
133.0000 1.6847
134.0000 1.7082
135.0000 1.7144
136.0000 1.7284
137.0000 1.8128
138.0000 1.8938
139.0000 1.9711
140.0000 2.0504
141.0000 2.1462
142.0000 2.2397
143.0000 2.3256
144.0000 2.4125
145.0000 2.4330
146.0000 2.5002
147.0000 2.5286
148.0000 2.5494
149.0000 2.6025
150.0000 2.6782
