1.0000 2.1574
2.0000 2.0604
3.0000 2.0478
4.0000 2.0095
5.0000 2.1087
6.0000 2.2085
7.0000 2.2784
8.0000 2.3756
9.0000 2.3225
10.0000 2.4081
11.0000 2.3715
12.0000 2.2739
13.0000 2.1817
14.0000 2.0844
15.0000 1.9860
16.0000 1.9164
17.0000 1.8941
18.0000 1.8514
19.0000 1.8096
20.0000 1.8314
21.0000 1.8890
22.0000 1.9775
23.0000 1.9044
24.0000 1.9180
25.0000 2.0122
26.0000 2.1115
27.0000 2.1502
28.0000 2.2249
29.0000 2.1814
30.0000 2.1605
31.0000 2.1069
32.0000 2.0102
33.0000 2.0128
34.0000 1.9757
35.0000 1.9904
36.0000 2.0025
37.0000 1.9045
38.0000 1.8130
39.0000 1.7187
40.0000 1.6290
41.0000 1.5664
42.0000 1.4868
43.0000 1.4910
44.0000 1.4243
45.0000 1.3342
46.0000 1.2634
47.0000 1.1691
48.0000 1.0745
49.0000 0.9896
50.0000 0.9485
51.0000 0.9404
52.0000 0.8886
53.0000 0.8961
54.0000 0.8675
55.0000 0.8829
56.0000 0.8550
57.0000 0.9324
58.0000 0.9899
59.0000 1.0594
60.0000 1.1276
61.0000 1.0602
62.0000 1.0860
63.0000 1.1197
64.0000 1.0853
65.0000 1.0944
66.0000 1.1107
67.0000 1.2025
68.0000 1.2692
69.0000 1.2611
70.0000 1.2776
71.0000 1.2512
72.0000 1.2138
73.0000 1.1651
74.0000 1.1145
75.0000 1.1137
76.0000 1.0994
77.0000 1.0196
78.0000 0.9388
79.0000 0.9206
80.0000 0.8670
81.0000 0.8317
82.0000 0.9169
83.0000 1.0165
84.0000 1.0168
85.0000 1.0671
86.0000 1.0444
87.0000 1.0615
88.0000 1.0154
89.0000 1.0393
90.0000 1.0746
91.0000 1.0417
92.0000 1.0450
93.0000 1.0228
94.0000 0.9581
95.0000 0.9396
96.0000 1.0355
97.0000 1.0602
98.0000 1.1443
99.0000 1.2388
100.0000 1.3291
101.0000 1.4207
102.0000 1.4740
103.0000 1.5644
104.0000 1.6630
105.0000 1.7212
106.0000 1.8158
107.0000 1.9010
108.0000 1.9600
109.0000 1.9876
110.0000 1.9716
111.0000 1.9439
112.0000 1.8873
113.0000 1.7963
114.0000 1.7882
115.0000 1.8193
116.0000 1.8736
117.0000 1.9712
118.0000 2.0433
119.0000 1.9786
120.0000 2.0097
121.0000 2.0808
122.0000 2.0797
123.0000 2.0708
124.0000 1.9709
125.0000 1.8775
126.0000 1.8168
127.0000 1.7340
128.0000 1.7251
129.0000 1.8247
130.0000 1.9175
131.0000 2.0000
132.0000 2.0966
133.0000 2.1218
134.0000 2.1215
135.0000 2.1282
136.0000 2.0758
137.0000 1.9882
138.0000 1.9354
139.0000 1.9095
140.0000 1.8310
141.0000 1.7321
142.0000 1.6349
143.0000 1.5408
144.0000 1.4854
145.0000 1.5001
146.0000 1.4868
147.0000 1.5105
148.0000 1.5641
149.0000 1.6608
150.0000 1.7400
