1.0000 2.2603
2.0000 2.3239
3.0000 2.3406
4.0000 2.2432
5.0000 2.1986
6.0000 2.1510
7.0000 2.1069
8.0000 2.0830
9.0000 2.0440
10.0000 1.9593
11.0000 1.8795
12.0000 1.8092
13.0000 1.7104
14.0000 1.6233
15.0000 1.6424
16.0000 1.7307
17.0000 1.6937
18.0000 1.6600
19.0000 1.5803
20.0000 1.6143
21.0000 1.6989
22.0000 1.7479
23.0000 1.8400
24.0000 1.9165
25.0000 1.9605
26.0000 1.9280
27.0000 1.9109
28.0000 1.9269
29.0000 1.9812
30.0000 1.9390
31.0000 1.9631
32.0000 1.9713
33.0000 1.8928
34.0000 1.8393
35.0000 1.7394
36.0000 1.6406
37.0000 1.6208
38.0000 1.6173
39.0000 1.6581
40.0000 1.7519
41.0000 1.8505
42.0000 1.9504
43.0000 2.0049
44.0000 1.9605
45.0000 2.0275
46.0000 2.1124
47.0000 2.0731
48.0000 1.9767
49.0000 1.8868
50.0000 1.8103
51.0000 1.8028
52.0000 1.7273
53.0000 1.6289
54.0000 1.5403
55.0000 1.4433
56.0000 1.3486
57.0000 1.4449
58.0000 1.5372
59.0000 1.6063
60.0000 1.6286
61.0000 1.6951
62.0000 1.6491
63.0000 1.6414
64.0000 1.7384
65.0000 1.7381
66.0000 1.6739
67.0000 1.5956
68.0000 1.5685
69.0000 1.4812
70.0000 1.3882
71.0000 1.2925
72.0000 1.2488
73.0000 1.1908
74.0000 1.1756
75.0000 1.1181
76.0000 1.1441
77.0000 1.0702
78.0000 1.0403
79.0000 1.0923
80.0000 1.1826
81.0000 1.0994
82.0000 1.0502
83.0000 1.0436
84.0000 1.0295
85.0000 0.9911
86.0000 0.8911
87.0000 0.7936
88.0000 0.7385
89.0000 0.6676
90.0000 0.6399
91.0000 0.6185
92.0000 0.5389
93.0000 0.4417
94.0000 0.4968
95.0000 0.5284
96.0000 0.5476
97.0000 0.6068
98.0000 0.5153
99.0000 0.4678
100.0000 0.4481
101.0000 0.3808
102.0000 0.4004
103.0000 0.3763
104.0000 0.4035
105.0000 0.4480
106.0000 0.5300
107.0000 0.6293
108.0000 0.7290
109.0000 0.8218
110.0000 0.8610
111.0000 0.8335
112.0000 0.8071
113.0000 0.9008
114.0000 1.0004
115.0000 1.0771
116.0000 1.0906
117.0000 1.1510
118.0000 1.0767
119.0000 0.9840
120.0000 0.9098
121.0000 0.8186
122.0000 0.8000
123.0000 0.7181
124.0000 0.6440
125.0000 0.7406
126.0000 0.8112
127.0000 0.8490
128.0000 0.8562
129.0000 0.7576
130.0000 0.6665
131.0000 0.6024
132.0000 0.5025
133.0000 0.4951
134.0000 0.4712
135.0000 0.3840
136.0000 0.2854
137.0000 0.1866
138.0000 0.2167
139.0000 0.3094
140.0000 0.3921
141.0000 0.3978
142.0000 0.4024
143.0000 0.4211
144.0000 0.3279
145.0000 0.3332
146.0000 0.4021
147.0000 0.4452
148.0000 0.4312
149.0000 0.4433
150.0000 0.3742
