1.0000 2.1375
2.0000 2.0417
3.0000 2.1358
4.0000 2.0845
5.0000 2.1315
6.0000 2.1721
7.0000 2.2234
8.0000 2.1995
9.0000 2.0998
10.0000 2.0016
11.0000 1.9245
12.0000 1.8280
13.0000 1.7715
14.0000 1.6832
15.0000 1.7286
16.0000 1.6463
17.0000 1.5992
18.0000 1.5596
19.0000 1.5602
20.0000 1.5149
21.0000 1.4283
22.0000 1.3341
23.0000 1.2454
24.0000 1.1698
25.0000 1.0759
26.0000 0.9954
27.0000 0.9452
28.0000 0.9400
29.0000 0.9212
30.0000 1.0040
31.0000 1.1037
32.0000 1.1586
33.0000 1.2159
34.0000 1.2724
35.0000 1.3304
36.0000 1.3789
37.0000 1.3755
38.0000 1.3621
39.0000 1.4621
40.0000 1.5482
41.0000 1.6349
42.0000 1.6792
43.0000 1.7682
44.0000 1.8667
45.0000 1.9510
46.0000 1.9544
47.0000 2.0534
48.0000 2.1403
49.0000 2.2292
50.0000 2.2117
51.0000 2.1232
52.0000 2.0632
53.0000 1.9907
54.0000 1.8991
55.0000 1.8054
56.0000 1.7245
57.0000 1.8004
58.0000 1.8497
59.0000 1.9229
60.0000 1.9933
61.0000 1.9712
62.0000 1.9055
63.0000 1.8079
64.0000 1.8489
65.0000 1.9209
66.0000 2.0181
67.0000 2.0973
68.0000 2.0093
69.0000 1.9147
70.0000 1.8172
71.0000 1.8335
72.0000 1.8604
73.0000 1.9067
74.0000 1.9398
75.0000 1.9843
76.0000 1.9775
77.0000 1.9071
78.0000 1.8140
79.0000 1.7500
80.0000 1.6789
81.0000 1.5878
82.0000 1.5334
83.0000 1.4544
84.0000 1.3552
85.0000 1.3090
86.0000 1.2520
87.0000 1.2587
88.0000 1.2539
89.0000 1.1759
90.0000 1.1609
91.0000 1.2364
92.0000 1.2233
93.0000 1.2419
94.0000 1.2540
95.0000 1.2522
96.0000 1.1523
97.0000 1.0540
98.0000 0.9653
99.0000 0.9122
100.0000 0.9294
101.0000 0.9903
102.0000 0.9254
103.0000 0.8266
104.0000 0.7268
105.0000 0.7054
106.0000 0.7587
107.0000 0.6791
108.0000 0.6715
109.0000 0.7456
110.0000 0.7828
111.0000 0.7446
112.0000 0.7059
113.0000 0.7131
114.0000 0.7624
115.0000 0.8438
116.0000 0.8033
117.0000 0.7115
118.0000 0.6185
119.0000 0.5698
120.0000 0.4840
121.0000 0.4727
122.0000 0.3947
123.0000 0.4616
124.0000 0.4586
125.0000 0.4809
126.0000 0.5259
127.0000 0.6241
128.0000 0.7109
129.0000 0.7739
130.0000 0.8658
131.0000 0.9465
132.0000 0.9078
133.0000 0.8290
134.0000 0.7302
135.0000 0.6684
136.0000 0.6084
137.0000 0.5443
138.0000 0.4913
139.0000 0.5903
140.0000 0.6902
141.0000 0.7542
142.0000 0.7833
143.0000 0.8774
144.0000 0.9773
145.0000 1.0166
146.0000 1.0448
147.0000 0.9542
148.0000 0.8574
149.0000 0.7964
150.0000 0.7333
