1.0000 2.2323
2.0000 2.1963
3.0000 2.1742
4.0000 2.1442
5.0000 2.1225
6.0000 2.0258
7.0000 1.9499
8.0000 1.8546
9.0000 1.7607
10.0000 1.7082
11.0000 1.6390
12.0000 1.5914
13.0000 1.5573
14.0000 1.4708
15.0000 1.4766
16.0000 1.5730
17.0000 1.6727
18.0000 1.7627
19.0000 1.8626
20.0000 1.8738
21.0000 1.9230
22.0000 2.0178
23.0000 2.0890
24.0000 2.1456
25.0000 2.1103
26.0000 2.1148
27.0000 2.1766
28.0000 2.2393
29.0000 2.2322
30.0000 2.1556
31.0000 2.0692
32.0000 2.1050
33.0000 2.0608
34.0000 2.1161
35.0000 2.2148
36.0000 2.3141
37.0000 2.3942
38.0000 2.3040
39.0000 2.3646
40.0000 2.4432
41.0000 2.5394
42.0000 2.6320
43.0000 2.5810
44.0000 2.5866
45.0000 2.5041
46.0000 2.5305
47.0000 2.5288
48.0000 2.4862
49.0000 2.3891
50.0000 2.2924
51.0000 2.2067
52.0000 2.1206
53.0000 2.0218
54.0000 1.9757
55.0000 1.8943
56.0000 1.8179
57.0000 1.7708
58.0000 1.8139
59.0000 1.9092
60.0000 1.9640
61.0000 1.9338
62.0000 1.9901
63.0000 2.0321
64.0000 2.0451
65.0000 2.0265
66.0000 2.0025
67.0000 1.9968
68.0000 1.9406
69.0000 1.9338
70.0000 1.9936
71.0000 2.0124
72.0000 1.9529
73.0000 1.9015
74.0000 1.8368
75.0000 1.7999
76.0000 1.7003
77.0000 1.6123
78.0000 1.5520
79.0000 1.5033
80.0000 1.4075
81.0000 1.3708
82.0000 1.4043
83.0000 1.3539
84.0000 1.3174
85.0000 1.3502
86.0000 1.4258
87.0000 1.4962
88.0000 1.4804
89.0000 1.5344
90.0000 1.6066
91.0000 1.5946
92.0000 1.6812
93.0000 1.7476
94.0000 1.7703
95.0000 1.7161
96.0000 1.6409
97.0000 1.5657
98.0000 1.5069
99.0000 1.4299
100.0000 1.3939
101.0000 1.4003
102.0000 1.4703
103.0000 1.4376
104.0000 1.3978
105.0000 1.3442
106.0000 1.2529
107.0000 1.1536
108.0000 1.0815
109.0000 1.0600
110.0000 1.0118
111.0000 0.9653
112.0000 0.8828
113.0000 0.7863
114.0000 0.7113
115.0000 0.6340
116.0000 0.6762
117.0000 0.7748
118.0000 0.7585
119.0000 0.8567
120.0000 0.8596
121.0000 0.9232
122.0000 0.9865
123.0000 1.0776
124.0000 1.1749
125.0000 1.2148
126.0000 1.2036
127.0000 1.1887
128.0000 1.2768
129.0000 1.2604
130.0000 1.2626
131.0000 1.2774
132.0000 1.1969
133.0000 1.1165
134.0000 1.1832
135.0000 1.2822
136.0000 1.3746
137.0000 1.4736
138.0000 1.5561
139.0000 1.5600
140.0000 1.5107
141.0000 1.4881
142.0000 1.5116
143.0000 1.5861
144.0000 1.6827
145.0000 1.7590
146.0000 1.8176
147.0000 1.9146
148.0000 2.0094
149.0000 2.1051
150.0000 2.1936
