1.0000 2.1525
2.0000 2.0970
3.0000 2.0235
4.0000 1.9248
5.0000 1.8249
6.0000 1.7586
7.0000 1.7586
8.0000 1.7858
9.0000 1.8198
10.0000 1.9072
11.0000 1.9420
12.0000 2.0034
13.0000 2.1010
14.0000 2.1624
15.0000 2.2620
16.0000 2.3620
17.0000 2.4314
18.0000 2.4636
19.0000 2.5636
20.0000 2.6573
21.0000 2.7221
22.0000 2.6361
23.0000 2.5409
24.0000 2.5316
25.0000 2.5533
26.0000 2.4727
27.0000 2.3978
28.0000 2.3630
29.0000 2.2913
30.0000 2.2728
31.0000 2.3492
32.0000 2.4326
33.0000 2.4910
34.0000 2.5323
35.0000 2.4554
36.0000 2.3720
37.0000 2.3481
38.0000 2.2551
39.0000 2.2404
40.0000 2.3022
41.0000 2.2662
42.0000 2.1899
43.0000 2.1213
44.0000 2.0436
45.0000 1.9953
46.0000 1.9458
47.0000 1.9498
48.0000 1.8608
49.0000 1.8816
50.0000 1.8701
51.0000 1.8204
52.0000 1.7385
53.0000 1.6718
54.0000 1.6693
55.0000 1.6116
56.0000 1.5700
57.0000 1.5962
58.0000 1.6730
59.0000 1.7720
60.0000 1.8463
61.0000 1.9423
62.0000 2.0236
63.0000 2.1132
64.0000 2.0634
65.0000 2.0431
66.0000 1.9680
67.0000 1.9648
68.0000 1.8957
69.0000 1.9957
70.0000 2.0845
71.0000 2.0920
72.0000 2.0781
73.0000 1.9929
74.0000 1.8938
75.0000 1.7952
76.0000 1.8133
77.0000 1.8467
78.0000 1.8773
79.0000 1.7773
80.0000 1.7090
81.0000 1.6641
82.0000 1.5695
83.0000 1.4912
84.0000 1.3942
85.0000 1.2966
86.0000 1.1977
87.0000 1.0979
88.0000 1.0641
89.0000 1.0303
90.0000 1.1055
91.0000 1.1506
92.0000 1.1235
93.0000 1.2105
94.0000 1.2409
95.0000 1.2340
96.0000 1.2240
97.0000 1.2059
98.0000 1.2684
99.0000 1.3614
100.0000 1.4608
101.0000 1.5004
102.0000 1.5352
103.0000 1.6251
104.0000 1.7227
105.0000 1.7797
106.0000 1.8794
107.0000 1.9791
108.0000 2.0482
109.0000 2.1311
110.0000 2.2113
111.0000 2.2653
112.0000 2.3268
113.0000 2.2299
114.0000 2.1931
115.0000 2.1124
116.0000 2.0256
117.0000 1.9267
118.0000 1.9137
119.0000 1.8331
120.0000 1.7370
121.0000 1.6851
122.0000 1.6018
123.0000 1.5239
124.0000 1.5313
125.0000 1.6306
126.0000 1.7306
127.0000 1.7751
128.0000 1.7862
129.0000 1.8392
130.0000 1.8895
131.0000 1.9589
132.0000 2.0525
133.0000 2.1116
134.0000 2.0940
135.0000 2.1287
136.0000 2.1859
137.0000 2.2315
138.0000 2.2760
139.0000 2.3476
140.0000 2.3517
141.0000 2.2517
142.0000 2.1605
143.0000 2.0607
144.0000 1.9927
145.0000 1.8929
146.0000 1.7986
147.0000 1.7631
148.0000 1.7152
149.0000 1.6856
150.0000 1.5900
