1.0000 2.1402
2.0000 2.0409
3.0000 1.9489
4.0000 1.9284
5.0000 1.9225
6.0000 1.8255
7.0000 1.7313
8.0000 1.6789
9.0000 1.5792
10.0000 1.5459
11.0000 1.4466
12.0000 1.3811
13.0000 1.2947
14.0000 1.2904
15.0000 1.2671
16.0000 1.2105
17.0000 1.1684
18.0000 1.0713
19.0000 0.9969
20.0000 0.9779
21.0000 0.9945
22.0000 0.9881
23.0000 0.9675
24.0000 0.8733
25.0000 0.7958
26.0000 0.6967
27.0000 0.6357
28.0000 0.5961
29.0000 0.5096
30.0000 0.4441
31.0000 0.3575
32.0000 0.3404
33.0000 0.2676
34.0000 0.1687
35.0000 0.0744
36.0000 0.0315
37.0000 0.1264
38.0000 0.1503
39.0000 0.1384
40.0000 0.2131
41.0000 0.3046
42.0000 0.4045
43.0000 0.4666
44.0000 0.4689
45.0000 0.5682
46.0000 0.6550
47.0000 0.6717
48.0000 0.7233
49.0000 0.7434
50.0000 0.7111
51.0000 0.6641
52.0000 0.6709
53.0000 0.6830
54.0000 0.7240
55.0000 0.6245
56.0000 0.5248
57.0000 0.4356
58.0000 0.4265
59.0000 0.4511
60.0000 0.3933
61.0000 0.3170
62.0000 0.2700
63.0000 0.1935
64.0000 0.1189
65.0000 0.0210
66.0000 0.0793
67.0000 0.1631
68.0000 0.2555
69.0000 0.2459
70.0000 0.2311
71.0000 0.2872
72.0000 0.3356
73.0000 0.3911
74.0000 0.4685
75.0000 0.5430
76.0000 0.6330
77.0000 0.7251
78.0000 0.7103
79.0000 0.7054
80.0000 0.7359
81.0000 0.7048
82.0000 0.6344
83.0000 0.6163
84.0000 0.6696
85.0000 0.6528
86.0000 0.6150
87.0000 0.7018
88.0000 0.7978
89.0000 0.8954
90.0000 0.9913
91.0000 1.0553
92.0000 1.0993
93.0000 1.1989
94.0000 1.2979
95.0000 1.3619
96.0000 1.2856
97.0000 1.2113
98.0000 1.1617
99.0000 1.1329
100.0000 1.1629
101.0000 1.2338
102.0000 1.3260
103.0000 1.3654
104.0000 1.4470
105.0000 1.4702
106.0000 1.4705
107.0000 1.5256
108.0000 1.5840
109.0000 1.6324
110.0000 1.6605
111.0000 1.7149
112.0000 1.6391
113.0000 1.5515
114.0000 1.5473
115.0000 1.4996
116.0000 1.4237
117.0000 1.3879
118.0000 1.3875
119.0000 1.3906
120.0000 1.2909
121.0000 1.2242
122.0000 1.1404
123.0000 1.0618
124.0000 0.9764
125.0000 0.9200
126.0000 0.8844
127.0000 0.9672
128.0000 0.9925
129.0000 1.0873
130.0000 1.1726
131.0000 1.1472
132.0000 1.1668
133.0000 1.2645
134.0000 1.3399
135.0000 1.4092
136.0000 1.5083
137.0000 1.5787
138.0000 1.6693
139.0000 1.7644
140.0000 1.8644
141.0000 1.9540
142.0000 2.0536
143.0000 2.1410
144.0000 2.2051
145.0000 2.2993
146.0000 2.3873
147.0000 2.4451
148.0000 2.5364
149.0000 2.4436
150.0000 2.4137
