1.0000 2.1544
2.0000 2.1594
3.0000 2.0757
4.0000 2.0494
5.0000 1.9506
6.0000 1.9321
7.0000 1.8359
8.0000 1.7390
9.0000 1.6945
10.0000 1.7536
11.0000 1.8535
12.0000 1.9432
13.0000 1.9178
14.0000 1.9369
15.0000 1.9634
16.0000 1.9699
17.0000 1.9615
18.0000 1.8621
19.0000 1.8057
20.0000 1.7954
21.0000 1.8590
22.0000 1.9487
23.0000 1.9979
24.0000 1.9886
25.0000 1.9247
26.0000 1.8250
27.0000 1.7895
28.0000 1.7311
29.0000 1.7115
30.0000 1.7114
31.0000 1.6645
32.0000 1.6756
33.0000 1.7123
34.0000 1.6685
35.0000 1.5687
36.0000 1.5700
37.0000 1.6565
38.0000 1.6915
39.0000 1.7792
40.0000 1.8427
41.0000 1.9400
42.0000 1.9176
43.0000 1.8183
44.0000 1.7270
45.0000 1.6272
46.0000 1.5446
47.0000 1.6386
48.0000 1.6905
49.0000 1.7032
50.0000 1.6170
51.0000 1.5302
52.0000 1.4312
53.0000 1.3335
54.0000 1.2346
55.0000 1.1993
56.0000 1.1196
57.0000 1.1154
58.0000 1.1467
59.0000 1.2005
60.0000 1.2778
61.0000 1.3703
62.0000 1.4675
63.0000 1.5334
64.0000 1.6290
65.0000 1.7283
66.0000 1.7722
67.0000 1.8474
68.0000 1.9116
69.0000 1.9142
70.0000 2.0102
71.0000 2.0294
72.0000 1.9387
73.0000 1.8468
74.0000 1.8694
75.0000 1.9381
76.0000 1.9773
77.0000 1.9284
78.0000 1.9306
79.0000 1.8938
80.0000 1.7944
81.0000 1.6948
82.0000 1.6446
83.0000 1.5798
84.0000 1.4872
85.0000 1.4005
86.0000 1.3201
87.0000 1.3320
88.0000 1.4225
89.0000 1.5185
90.0000 1.5980
91.0000 1.6776
92.0000 1.7269
93.0000 1.8157
94.0000 1.9072
95.0000 1.9504
96.0000 1.8978
97.0000 1.9398
98.0000 1.9770
99.0000 1.9646
100.0000 1.8870
101.0000 1.8251
102.0000 1.7885
103.0000 1.7604
104.0000 1.7774
105.0000 1.7701
106.0000 1.7182
107.0000 1.7282
108.0000 1.6733
109.0000 1.6529
110.0000 1.5706
111.0000 1.4976
112.0000 1.5595
113.0000 1.6383
114.0000 1.7166
115.0000 1.7963
116.0000 1.8903
117.0000 1.9695
118.0000 2.0687
119.0000 2.1319
120.0000 2.2318
121.0000 2.3044
122.0000 2.2787
123.0000 2.3629
124.0000 2.4569
125.0000 2.5032
126.0000 2.4104
127.0000 2.3145
128.0000 2.2180
129.0000 2.1181
130.0000 2.0238
131.0000 1.9927
132.0000 1.9985
133.0000 2.0726
134.0000 2.0700
135.0000 2.0917
136.0000 1.9955
137.0000 2.0130
138.0000 1.9265
139.0000 1.8396
140.0000 1.7577
141.0000 1.6609
142.0000 1.5621
143.0000 1.5154
144.0000 1.5875
145.0000 1.6739
146.0000 1.6468
147.0000 1.5591
148.0000 1.4684
149.0000 1.3981
150.0000 1.4576
