1.0000 2.1550
2.0000 2.0628
3.0000 1.9964
4.0000 1.9795
5.0000 1.8802
6.0000 1.7934
7.0000 1.8318
8.0000 1.7678
9.0000 1.6777
10.0000 1.5809
11.0000 1.5948
12.0000 1.6509
13.0000 1.7501
14.0000 1.8496
15.0000 1.8813
16.0000 1.9026
17.0000 1.8907
18.0000 1.8001
19.0000 1.7840
20.0000 1.8081
21.0000 1.9075
22.0000 2.0059
23.0000 2.0068
24.0000 2.0725
25.0000 2.1289
26.0000 2.0792
27.0000 2.1460
28.0000 2.2153
29.0000 2.2359
30.0000 2.2415
31.0000 2.3286
32.0000 2.3521
33.0000 2.4168
34.0000 2.4958
35.0000 2.5386
36.0000 2.5663
37.0000 2.6635
38.0000 2.7314
39.0000 2.7709
40.0000 2.8163
41.0000 2.7340
42.0000 2.6604
43.0000 2.6209
44.0000 2.6090
45.0000 2.5691
46.0000 2.4736
47.0000 2.5055
48.0000 2.5627
49.0000 2.6098
50.0000 2.5749
51.0000 2.5915
52.0000 2.5763
53.0000 2.4864
54.0000 2.3865
55.0000 2.2868
56.0000 2.1936
57.0000 2.0989
58.0000 2.0689
59.0000 2.0471
60.0000 2.1128
61.0000 2.1461
62.0000 2.1438
63.0000 2.2186
64.0000 2.2410
65.0000 2.2136
66.0000 2.1407
67.0000 2.0562
68.0000 1.9757
69.0000 1.9332
70.0000 1.8863
71.0000 1.8458
72.0000 1.8374
73.0000 1.8977
74.0000 1.9301
75.0000 2.0205
76.0000 2.1204
77.0000 2.0869
78.0000 1.9996
79.0000 1.9041
80.0000 1.8436
81.0000 1.7809
82.0000 1.7563
83.0000 1.7002
84.0000 1.6286
85.0000 1.5725
86.0000 1.5795
87.0000 1.5498
88.0000 1.5532
89.0000 1.5199
90.0000 1.5428
91.0000 1.6220
92.0000 1.7206
93.0000 1.8056
94.0000 1.8362
95.0000 1.8631
96.0000 1.8617
97.0000 1.7630
98.0000 1.6737
99.0000 1.6375
100.0000 1.6028
101.0000 1.5974
102.0000 1.5396
103.0000 1.4570
104.0000 1.3630
105.0000 1.2630
106.0000 1.2197
107.0000 1.1319
108.0000 1.1089
109.0000 1.1170
110.0000 1.1817
111.0000 1.1904
112.0000 1.0908
113.0000 1.0834
114.0000 1.1399
115.0000 1.2296
116.0000 1.3154
117.0000 1.4125
118.0000 1.5104
119.0000 1.5724
120.0000 1.6059
121.0000 1.6072
122.0000 1.6722
123.0000 1.6515
124.0000 1.5527
125.0000 1.4528
126.0000 1.3549
127.0000 1.2628
128.0000 1.2371
129.0000 1.1675
130.0000 1.1674
131.0000 1.2279
132.0000 1.1317
133.0000 1.0317
134.0000 0.9331
135.0000 0.8335
136.0000 0.7689
137.0000 0.6767
138.0000 0.7605
139.0000 0.8580
140.0000 0.9400
141.0000 0.9910
142.0000 1.0450
143.0000 1.1334
144.0000 1.2334
145.0000 1.3105
146.0000 1.3772
147.0000 1.4191
148.0000 1.3988
149.0000 1.3262
150.0000 1.2446
