1.0000 2.1920
2.0000 2.1010
3.0000 2.0725
4.0000 2.0118
5.0000 1.9259
6.0000 1.8271
7.0000 1.7412
8.0000 1.7034
9.0000 1.7457
10.0000 1.8457
11.0000 1.9444
12.0000 2.0180
13.0000 1.9739
14.0000 1.8958
15.0000 1.8114
16.0000 1.8405
17.0000 1.8976
18.0000 1.8687
19.0000 1.8818
20.0000 1.9773
21.0000 1.9252
22.0000 1.9771
23.0000 2.0328
24.0000 2.1307
25.0000 2.2305
26.0000 2.2974
27.0000 2.3480
28.0000 2.2485
29.0000 2.1486
30.0000 2.0503
31.0000 1.9697
32.0000 1.9417
33.0000 1.9451
34.0000 1.8552
35.0000 1.7876
36.0000 1.7140
37.0000 1.6256
38.0000 1.6140
39.0000 1.7000
40.0000 1.7023
41.0000 1.7786
42.0000 1.8766
43.0000 1.9459
44.0000 2.0216
45.0000 2.0226
46.0000 2.0258
47.0000 1.9957
48.0000 1.9296
49.0000 1.8411
50.0000 1.7684
51.0000 1.6691
52.0000 1.5730
53.0000 1.4882
54.0000 1.3927
55.0000 1.3103
56.0000 1.2338
57.0000 1.1750
58.0000 1.0773
59.0000 0.9802
60.0000 0.9233
61.0000 0.8459
62.0000 0.7646
63.0000 0.8378
64.0000 0.9328
65.0000 1.0238
66.0000 1.1109
67.0000 1.1493
68.0000 1.2178
69.0000 1.2555
70.0000 1.3109
71.0000 1.3418
72.0000 1.3675
73.0000 1.4614
74.0000 1.5613
75.0000 1.6597
76.0000 1.7554
77.0000 1.8484
78.0000 1.9482
79.0000 2.0332
80.0000 2.0932
81.0000 2.0500
82.0000 2.0059
83.0000 2.0150
84.0000 2.0475
85.0000 2.1314
86.0000 2.0794
87.0000 1.9815
88.0000 1.9119
89.0000 1.9376
90.0000 1.9354
91.0000 2.0337
92.0000 2.0291
93.0000 2.0294
94.0000 2.0922
95.0000 2.1383
96.0000 2.0891
97.0000 2.1871
98.0000 2.2871
99.0000 2.3026
100.0000 2.3112
101.0000 2.3989
102.0000 2.3390
103.0000 2.3633
104.0000 2.3456
105.0000 2.2530
106.0000 2.1534
107.0000 2.0680
108.0000 1.9772
109.0000 2.0114
110.0000 2.1114
111.0000 2.0695
112.0000 2.1086
113.0000 2.1610
114.0000 2.2503
115.0000 2.1621
116.0000 2.0788
117.0000 2.1136
118.0000 2.0306
119.0000 1.9837
120.0000 2.0092
121.0000 2.0385
122.0000 1.9941
123.0000 1.9236
124.0000 2.0137
125.0000 2.0121
126.0000 1.9618
127.0000 1.9678
128.0000 1.8780
129.0000 1.7795
130.0000 1.7243
131.0000 1.6966
132.0000 1.7777
133.0000 1.8775
134.0000 1.9317
135.0000 1.9767
136.0000 2.0520
137.0000 2.0813
138.0000 2.0329
139.0000 2.1088
140.0000 2.2068
141.0000 2.2946
142.0000 2.3486
143.0000 2.3786
144.0000 2.4018
145.0000 2.3617
146.0000 2.4490
147.0000 2.4885
148.0000 2.5087
149.0000 2.4750
150.0000 2.5188
