1.0000 2.1996
2.0000 2.1156
3.0000 2.0255
4.0000 1.9427
5.0000 1.8427
6.0000 1.7550
7.0000 1.6805
8.0000 1.5876
9.0000 1.5513
10.0000 1.5936
11.0000 1.6587
12.0000 1.7020
13.0000 1.6333
14.0000 1.5940
15.0000 1.5025
16.0000 1.4073
17.0000 1.3523
18.0000 1.3765
19.0000 1.4634
20.0000 1.5558
21.0000 1.5642
22.0000 1.6244
23.0000 1.7033
24.0000 1.7904
25.0000 1.8880
26.0000 1.9422
27.0000 2.0075
28.0000 1.9357
29.0000 1.8419
30.0000 1.7453
31.0000 1.7456
32.0000 1.8435
33.0000 1.9421
34.0000 2.0217
35.0000 1.9479
36.0000 1.8486
37.0000 1.7495
38.0000 1.6540
39.0000 1.5955
40.0000 1.5048
41.0000 1.4227
42.0000 1.3288
43.0000 1.2323
44.0000 1.2086
45.0000 1.1089
46.0000 1.0101
47.0000 0.9147
48.0000 1.0107
49.0000 1.0415
50.0000 1.1320
51.0000 1.2236
52.0000 1.2820
53.0000 1.3224
54.0000 1.2236
55.0000 1.1286
56.0000 1.0519
57.0000 0.9719
58.0000 0.8755
59.0000 0.7768
60.0000 0.6792
61.0000 0.6182
62.0000 0.7171
63.0000 0.8144
64.0000 0.9024
65.0000 0.9733
66.0000 1.0693
67.0000 1.1634
68.0000 1.1095
69.0000 1.1111
70.0000 1.1126
71.0000 1.1756
72.0000 1.2522
73.0000 1.3226
74.0000 1.4206
75.0000 1.4793
76.0000 1.5436
77.0000 1.6227
78.0000 1.6690
79.0000 1.6544
80.0000 1.5705
81.0000 1.4742
82.0000 1.4128
83.0000 1.3513
84.0000 1.2619
85.0000 1.2340
86.0000 1.1869
87.0000 1.1885
88.0000 1.1163
89.0000 1.1252
90.0000 1.2208
91.0000 1.3202
92.0000 1.4048
93.0000 1.5015
94.0000 1.5695
95.0000 1.6382
96.0000 1.7126
97.0000 1.7155
98.0000 1.7396
99.0000 1.6433
100.0000 1.5694
101.0000 1.4757
102.0000 1.4137
103.0000 1.4171
104.0000 1.3778
105.0000 1.3202
106.0000 1.3109
107.0000 1.2333
108.0000 1.1612
109.0000 1.2287
110.0000 1.3175
111.0000 1.3695
112.0000 1.4472
113.0000 1.5450
114.0000 1.5606
115.0000 1.6042
116.0000 1.6819
117.0000 1.7518
118.0000 1.8215
119.0000 1.8656
120.0000 1.9207
121.0000 2.0023
122.0000 2.0936
123.0000 2.1870
124.0000 2.2650
125.0000 2.2290
126.0000 2.1292
127.0000 2.0302
128.0000 1.9565
129.0000 1.8825
130.0000 1.7827
131.0000 1.7337
132.0000 1.7663
133.0000 1.7494
134.0000 1.8185
135.0000 1.9138
136.0000 1.8785
137.0000 1.9007
138.0000 1.8927
139.0000 1.8974
140.0000 1.8333
141.0000 1.7611
142.0000 1.7905
143.0000 1.8765
144.0000 1.7935
145.0000 1.7118
146.0000 1.6125
147.0000 1.5772
148.0000 1.4823
149.0000 1.4595
150.0000 1.4222
