1.0000 2.2181
2.0000 2.2126
3.0000 2.2211
4.0000 2.2862
5.0000 2.3703
6.0000 2.4489
7.0000 2.4729
8.0000 2.5653
9.0000 2.5322
10.0000 2.4470
11.0000 2.3476
12.0000 2.3034
13.0000 2.2294
14.0000 2.1299
15.0000 2.0750
16.0000 1.9767
17.0000 1.9162
18.0000 1.8538
19.0000 1.7799
20.0000 1.6807
21.0000 1.5946
22.0000 1.5029
23.0000 1.4918
24.0000 1.4065
25.0000 1.3879
26.0000 1.4513
27.0000 1.5484
28.0000 1.6391
29.0000 1.7294
30.0000 1.7919
31.0000 1.7748
32.0000 1.6750
33.0000 1.5867
34.0000 1.4936
35.0000 1.4563
36.0000 1.5448
37.0000 1.6400
38.0000 1.6732
39.0000 1.7339
40.0000 1.7795
41.0000 1.8405
42.0000 1.9396
43.0000 2.0095
44.0000 2.0172
45.0000 2.0624
46.0000 2.0631
47.0000 2.0410
48.0000 1.9975
49.0000 1.9740
50.0000 2.0555
51.0000 2.1386
52.0000 2.0386
53.0000 1.9659
54.0000 1.8709
55.0000 1.7713
56.0000 1.7314
57.0000 1.6841
58.0000 1.6166
59.0000 1.5186
60.0000 1.6064
61.0000 1.6563
62.0000 1.7253
63.0000 1.6992
64.0000 1.6115
65.0000 1.5219
66.0000 1.4991
67.0000 1.4218
68.0000 1.5208
69.0000 1.5797
70.0000 1.6527
71.0000 1.7382
72.0000 1.7993
73.0000 1.8993
74.0000 1.9921
75.0000 2.0038
76.0000 1.9241
77.0000 1.8287
78.0000 1.7878
79.0000 1.7664
80.0000 1.6725
81.0000 1.6165
82.0000 1.5423
83.0000 1.4502
84.0000 1.3646
85.0000 1.2897
86.0000 1.2142
87.0000 1.1275
88.0000 1.0753
89.0000 1.0169
90.0000 0.9894
91.0000 1.0008
92.0000 1.0988
93.0000 1.1981
94.0000 1.2946
95.0000 1.3451
96.0000 1.2455
97.0000 1.1521
98.0000 1.1105
99.0000 1.0482
100.0000 1.0731
101.0000 1.1214
102.0000 1.2199
103.0000 1.3064
104.0000 1.2333
105.0000 1.1700
106.0000 1.1412
107.0000 1.1941
108.0000 1.2629
109.0000 1.3494
110.0000 1.4492
111.0000 1.5049
112.0000 1.5993
113.0000 1.6891
114.0000 1.6988
115.0000 1.7047
116.0000 1.7473
117.0000 1.8325
118.0000 1.7873
119.0000 1.8108
120.0000 1.7537
121.0000 1.7342
122.0000 1.7540
123.0000 1.6542
124.0000 1.5543
125.0000 1.4543
126.0000 1.3602
127.0000 1.2636
128.0000 1.1731
129.0000 1.0759
130.0000 0.9760
131.0000 0.8795
132.0000 0.8565
133.0000 0.9238
134.0000 1.0069
135.0000 1.0170
136.0000 0.9837
137.0000 1.0696
138.0000 1.1690
139.0000 1.2671
140.0000 1.3611
141.0000 1.4606
142.0000 1.5574
143.0000 1.6095
144.0000 1.7069
145.0000 1.7813
146.0000 1.8689
147.0000 1.9095
148.0000 1.9443
149.0000 1.9345
150.0000 2.0127
