1.0000 2.1369
2.0000 2.0369
3.0000 1.9941
4.0000 2.0618
5.0000 2.1607
6.0000 2.1990
7.0000 2.1311
8.0000 2.0404
9.0000 1.9452
10.0000 1.9256
11.0000 1.8261
12.0000 1.7354
13.0000 1.6453
14.0000 1.5867
15.0000 1.5360
16.0000 1.4862
17.0000 1.5237
18.0000 1.5995
19.0000 1.5566
20.0000 1.5158
21.0000 1.4163
22.0000 1.3164
23.0000 1.2203
24.0000 1.2859
25.0000 1.3649
26.0000 1.3331
27.0000 1.3543
28.0000 1.3847
29.0000 1.4767
30.0000 1.5126
31.0000 1.6105
32.0000 1.6502
33.0000 1.7099
34.0000 1.7849
35.0000 1.8733
36.0000 1.9429
37.0000 1.9393
38.0000 2.0310
39.0000 2.0848
40.0000 2.0784
41.0000 2.1200
42.0000 2.1683
43.0000 2.2030
44.0000 2.2170
45.0000 2.2321
46.0000 2.3280
47.0000 2.4104
48.0000 2.4493
49.0000 2.3568
50.0000 2.2603
51.0000 2.1977
52.0000 2.1144
53.0000 2.0223
54.0000 2.0732
55.0000 2.1651
56.0000 2.2587
57.0000 2.2684
58.0000 2.2363
59.0000 2.1814
60.0000 2.0926
61.0000 1.9929
62.0000 1.8932
63.0000 1.8519
64.0000 1.8135
65.0000 1.8949
66.0000 1.9919
67.0000 2.0420
68.0000 1.9746
69.0000 1.9595
70.0000 1.9875
71.0000 1.8951
72.0000 1.8570
73.0000 1.8699
74.0000 1.8852
75.0000 1.9730
76.0000 1.9310
77.0000 1.8667
78.0000 1.7846
79.0000 1.7327
80.0000 1.7077
81.0000 1.8028
82.0000 1.7844
83.0000 1.7311
84.0000 1.7286
85.0000 1.6320
86.0000 1.5356
87.0000 1.4814
88.0000 1.4075
89.0000 1.3216
90.0000 1.3558
91.0000 1.3654
92.0000 1.4112
93.0000 1.4754
94.0000 1.5293
95.0000 1.5110
96.0000 1.4919
97.0000 1.4700
98.0000 1.4049
99.0000 1.3342
100.0000 1.2646
101.0000 1.2194
102.0000 1.2388
103.0000 1.3313
104.0000 1.4112
105.0000 1.4091
106.0000 1.3122
107.0000 1.2275
108.0000 1.1485
109.0000 1.0568
110.0000 1.1201
111.0000 1.2196
112.0000 1.3109
113.0000 1.3702
114.0000 1.4586
115.0000 1.4655
116.0000 1.3659
117.0000 1.2685
118.0000 1.2160
119.0000 1.1715
120.0000 1.2530
121.0000 1.3314
122.0000 1.3900
123.0000 1.3957
124.0000 1.4925
125.0000 1.5824
126.0000 1.6458
127.0000 1.7190
128.0000 1.7190
129.0000 1.6286
130.0000 1.5289
131.0000 1.4362
132.0000 1.3752
133.0000 1.2918
134.0000 1.2448
135.0000 1.2137
136.0000 1.1167
137.0000 1.0229
138.0000 0.9452
139.0000 1.0062
140.0000 1.0275
141.0000 0.9286
142.0000 0.8762
143.0000 0.8278
144.0000 0.7373
145.0000 0.6789
146.0000 0.7107
147.0000 0.7745
148.0000 0.8203
149.0000 0.8047
150.0000 0.9023
