1.0000 2.2512
2.0000 2.2205
3.0000 2.3124
4.0000 2.3419
5.0000 2.3148
6.0000 2.2681
7.0000 2.1967
8.0000 2.0976
9.0000 2.0013
10.0000 1.9556
11.0000 1.8679
12.0000 1.7780
13.0000 1.7477
14.0000 1.6498
15.0000 1.5506
16.0000 1.5732
17.0000 1.6306
18.0000 1.6332
19.0000 1.5894
20.0000 1.5163
21.0000 1.4628
22.0000 1.3628
23.0000 1.4524
24.0000 1.5439
25.0000 1.5921
26.0000 1.6046
27.0000 1.5846
28.0000 1.6182
29.0000 1.6115
30.0000 1.6008
31.0000 1.6354
32.0000 1.5962
33.0000 1.5852
34.0000 1.5790
35.0000 1.5355
36.0000 1.5570
37.0000 1.5351
38.0000 1.4371
39.0000 1.3945
40.0000 1.4463
41.0000 1.5303
42.0000 1.6116
43.0000 1.6532
44.0000 1.7199
45.0000 1.8095
46.0000 1.9089
47.0000 1.8743
48.0000 1.7787
49.0000 1.7944
50.0000 1.8831
51.0000 1.8268
52.0000 1.8776
53.0000 1.9551
54.0000 2.0294
55.0000 2.1198
56.0000 2.2114
57.0000 2.2518
58.0000 2.3012
59.0000 2.2108
60.0000 2.1712
61.0000 2.2340
62.0000 2.3242
63.0000 2.3197
64.0000 2.2400
65.0000 2.1411
66.0000 2.0576
67.0000 1.9717
68.0000 1.8844
69.0000 1.7848
70.0000 1.8099
71.0000 1.8345
72.0000 1.8562
73.0000 1.8826
74.0000 1.9619
75.0000 1.9225
76.0000 1.9904
77.0000 2.0899
78.0000 2.1647
79.0000 2.2137
80.0000 2.2629
81.0000 2.2788
82.0000 2.2754
83.0000 2.2667
84.0000 2.2065
85.0000 2.2987
86.0000 2.3985
87.0000 2.4599
88.0000 2.5328
89.0000 2.4942
90.0000 2.5462
91.0000 2.5486
92.0000 2.5480
93.0000 2.6389
94.0000 2.6869
95.0000 2.6085
96.0000 2.5271
97.0000 2.4417
98.0000 2.3898
99.0000 2.4236
100.0000 2.5002
101.0000 2.6001
102.0000 2.5579
103.0000 2.4775
104.0000 2.4763
105.0000 2.5203
106.0000 2.6192
107.0000 2.6416
108.0000 2.5735
109.0000 2.4815
110.0000 2.4070
111.0000 2.3757
112.0000 2.3905
113.0000 2.4671
114.0000 2.5492
115.0000 2.6432
116.0000 2.7010
117.0000 2.6438
118.0000 2.6374
119.0000 2.5377
120.0000 2.4441
121.0000 2.4270
122.0000 2.4220
123.0000 2.3508
124.0000 2.3435
125.0000 2.4403
126.0000 2.4848
127.0000 2.4515
128.0000 2.4056
129.0000 2.3700
130.0000 2.4637
131.0000 2.5569
132.0000 2.6261
133.0000 2.6510
134.0000 2.6758
135.0000 2.6008
136.0000 2.5564
137.0000 2.4729
138.0000 2.3790
139.0000 2.2793
140.0000 2.2208
141.0000 2.1756
142.0000 2.2721
143.0000 2.3712
144.0000 2.4483
145.0000 2.5124
146.0000 2.6101
147.0000 2.6349
148.0000 2.5836
149.0000 2.5046
150.0000 2.4569
