1.0000 2.2315
2.0000 2.2045
3.0000 2.2720
4.0000 2.3472
5.0000 2.3750
6.0000 2.3853
7.0000 2.3794
8.0000 2.4676
9.0000 2.5303
10.0000 2.6292
11.0000 2.6902
12.0000 2.5950
13.0000 2.5043
14.0000 2.4314
15.0000 2.3324
16.0000 2.2660
17.0000 2.1975
18.0000 2.1816
19.0000 2.0826
20.0000 2.0788
21.0000 2.0915
22.0000 2.1442
23.0000 2.2400
24.0000 2.2869
25.0000 2.3866
26.0000 2.4746
27.0000 2.4724
28.0000 2.3873
29.0000 2.3259
30.0000 2.2345
31.0000 2.1495
32.0000 2.0507
33.0000 2.0178
34.0000 1.9843
35.0000 1.9497
36.0000 1.9636
37.0000 2.0193
38.0000 2.1113
39.0000 2.1775
40.0000 2.0777
41.0000 2.0909
42.0000 2.1273
43.0000 2.0828
44.0000 2.0424
45.0000 1.9719
46.0000 1.9041
47.0000 1.8102
48.0000 1.7377
49.0000 1.6694
50.0000 1.6981
51.0000 1.7944
52.0000 1.8503
53.0000 1.9298
54.0000 1.8897
55.0000 1.8369
56.0000 1.8056
57.0000 1.7552
58.0000 1.7615
59.0000 1.7907
60.0000 1.8889
61.0000 1.9782
62.0000 2.0070
63.0000 1.9645
64.0000 1.8701
65.0000 1.8742
66.0000 1.9729
67.0000 2.0456
68.0000 2.1456
69.0000 2.2174
70.0000 2.2482
71.0000 2.3068
72.0000 2.4043
73.0000 2.4901
74.0000 2.3979
75.0000 2.3549
76.0000 2.3546
77.0000 2.4090
78.0000 2.4893
79.0000 2.5742
80.0000 2.6177
81.0000 2.5601
82.0000 2.4826
83.0000 2.3843
84.0000 2.3675
85.0000 2.3384
86.0000 2.3429
87.0000 2.4406
88.0000 2.5219
89.0000 2.6218
90.0000 2.7188
91.0000 2.7686
92.0000 2.8644
93.0000 2.8658
94.0000 2.7691
95.0000 2.6826
96.0000 2.7050
97.0000 2.6405
98.0000 2.7337
99.0000 2.6850
100.0000 2.6585
101.0000 2.6843
102.0000 2.6610
103.0000 2.6809
104.0000 2.6517
105.0000 2.5975
106.0000 2.5801
107.0000 2.5082
108.0000 2.5656
109.0000 2.5479
110.0000 2.4480
111.0000 2.3890
112.0000 2.2892
113.0000 2.1903
114.0000 2.1785
115.0000 2.1188
116.0000 2.0283
117.0000 2.0764
118.0000 2.0628
119.0000 2.0658
120.0000 2.0696
121.0000 2.0064
122.0000 1.9552
123.0000 1.9905
124.0000 2.0368
125.0000 2.1367
126.0000 2.1299
127.0000 2.0386
128.0000 1.9386
129.0000 1.8972
130.0000 1.9570
131.0000 2.0352
132.0000 2.1235
133.0000 2.0624
134.0000 2.0001
135.0000 1.9387
136.0000 2.0011
137.0000 2.0563
138.0000 2.0286
139.0000 1.9733
140.0000 1.8733
141.0000 1.7847
142.0000 1.6863
143.0000 1.6626
144.0000 1.6642
145.0000 1.6555
146.0000 1.6644
147.0000 1.5777
148.0000 1.4891
149.0000 1.4132
150.0000 1.4132
