1.0000 2.2259
2.0000 2.2924
3.0000 2.2466
4.0000 2.2129
5.0000 2.1526
6.0000 2.1401
7.0000 2.0480
8.0000 2.0425
9.0000 1.9449
10.0000 1.8676
11.0000 1.8721
12.0000 1.9644
13.0000 2.0566
14.0000 2.1336
15.0000 2.1088
16.0000 2.0131
17.0000 2.0082
18.0000 2.0695
19.0000 1.9820
20.0000 2.0786
21.0000 2.0043
22.0000 1.9208
23.0000 1.9435
24.0000 2.0221
25.0000 1.9225
26.0000 1.8355
27.0000 1.7356
28.0000 1.6440
29.0000 1.5954
30.0000 1.6742
31.0000 1.6284
32.0000 1.5319
33.0000 1.4863
34.0000 1.3864
35.0000 1.2931
36.0000 1.3350
37.0000 1.3453
38.0000 1.4418
39.0000 1.5242
40.0000 1.6224
41.0000 1.7012
42.0000 1.7576
43.0000 1.7230
44.0000 1.7150
45.0000 1.6964
46.0000 1.6937
47.0000 1.6180
48.0000 1.5186
49.0000 1.4230
50.0000 1.3247
51.0000 1.2804
52.0000 1.2842
53.0000 1.3453
54.0000 1.4070
55.0000 1.4336
56.0000 1.4452
57.0000 1.4001
58.0000 1.4922
59.0000 1.5922
60.0000 1.6863
61.0000 1.7748
62.0000 1.8740
63.0000 1.9246
64.0000 1.8319
65.0000 1.7485
66.0000 1.7575
67.0000 1.7820
68.0000 1.7879
69.0000 1.8578
70.0000 1.9575
71.0000 2.0575
72.0000 2.1573
73.0000 2.1760
74.0000 2.2235
75.0000 2.1258
76.0000 2.0960
77.0000 2.1674
78.0000 2.1915
79.0000 2.2886
80.0000 2.3421
81.0000 2.2917
82.0000 2.2587
83.0000 2.2054
84.0000 2.1349
85.0000 2.0685
86.0000 2.0364
87.0000 2.0421
88.0000 1.9462
89.0000 1.8493
90.0000 1.7493
91.0000 1.6495
92.0000 1.5721
93.0000 1.4818
94.0000 1.3955
95.0000 1.3150
96.0000 1.2363
97.0000 1.2031
98.0000 1.1171
99.0000 1.1078
100.0000 1.2069
101.0000 1.1727
102.0000 1.1816
103.0000 1.1898
104.0000 1.1376
105.0000 1.0778
106.0000 1.0013
107.0000 0.9627
108.0000 0.9438
109.0000 0.9803
110.0000 1.0024
111.0000 1.0880
112.0000 1.0965
113.0000 1.1204
114.0000 1.2183
115.0000 1.2635
116.0000 1.3551
117.0000 1.4381
118.0000 1.5224
119.0000 1.6207
120.0000 1.6984
121.0000 1.6846
122.0000 1.6263
123.0000 1.7071
124.0000 1.7521
125.0000 1.6962
126.0000 1.7226
127.0000 1.8212
128.0000 1.8843
129.0000 1.9577
130.0000 2.0178
131.0000 1.9453
132.0000 1.8503
133.0000 1.8522
134.0000 1.8972
135.0000 1.9042
136.0000 1.8083
137.0000 1.7114
138.0000 1.6888
139.0000 1.6617
140.0000 1.5617
141.0000 1.6101
142.0000 1.6092
143.0000 1.5657
144.0000 1.5358
145.0000 1.5189
146.0000 1.5542
147.0000 1.5836
148.0000 1.6604
149.0000 1.6371
150.0000 1.7239
