1.0000 2.2061
2.0000 2.1716
3.0000 2.0753
4.0000 1.9871
5.0000 1.8996
6.0000 1.9048
7.0000 1.8380
8.0000 1.7486
9.0000 1.6977
10.0000 1.7779
11.0000 1.8775
12.0000 1.9716
13.0000 2.0691
14.0000 2.1003
15.0000 2.1346
16.0000 2.1266
17.0000 2.2189
18.0000 2.2033
19.0000 2.1219
20.0000 2.1054
21.0000 2.1181
22.0000 2.1627
23.0000 2.2284
24.0000 2.2497
25.0000 2.3429
26.0000 2.3922
27.0000 2.4064
28.0000 2.3884
29.0000 2.3669
30.0000 2.4102
31.0000 2.4364
32.0000 2.4301
33.0000 2.3678
34.0000 2.3106
35.0000 2.2455
36.0000 2.1481
37.0000 2.1166
38.0000 2.0637
39.0000 1.9814
40.0000 1.8822
41.0000 1.8888
42.0000 1.9583
43.0000 1.8629
44.0000 1.7652
45.0000 1.6717
46.0000 1.6716
47.0000 1.6363
48.0000 1.5557
49.0000 1.6557
50.0000 1.7540
51.0000 1.7978
52.0000 1.8882
53.0000 1.9867
54.0000 2.0761
55.0000 2.1219
56.0000 2.1447
57.0000 2.1364
58.0000 2.2341
59.0000 2.3116
60.0000 2.4062
61.0000 2.4352
62.0000 2.4851
63.0000 2.5681
64.0000 2.6606
65.0000 2.7112
66.0000 2.8025
67.0000 2.9001
68.0000 2.8348
69.0000 2.7537
70.0000 2.6685
71.0000 2.6396
72.0000 2.6622
73.0000 2.6667
74.0000 2.7114
75.0000 2.6556
76.0000 2.7023
77.0000 2.7409
78.0000 2.7376
79.0000 2.6625
80.0000 2.5836
81.0000 2.6564
82.0000 2.6052
83.0000 2.5052
84.0000 2.4124
85.0000 2.4392
86.0000 2.4314
87.0000 2.4657
88.0000 2.4445
89.0000 2.3604
90.0000 2.2632
91.0000 2.2378
92.0000 2.3095
93.0000 2.2279
94.0000 2.2374
95.0000 2.3358
96.0000 2.4334
97.0000 2.5173
98.0000 2.5379
99.0000 2.6354
100.0000 2.7153
101.0000 2.7994
102.0000 2.8031
103.0000 2.8265
104.0000 2.8352
105.0000 2.7843
106.0000 2.6843
107.0000 2.6375
108.0000 2.6186
109.0000 2.7053
110.0000 2.6637
111.0000 2.5662
112.0000 2.4824
113.0000 2.4123
114.0000 2.4738
115.0000 2.4061
116.0000 2.3286
117.0000 2.2595
118.0000 2.2400
119.0000 2.2455
120.0000 2.1465
121.0000 2.0541
122.0000 1.9786
123.0000 1.9219
124.0000 1.9219
125.0000 1.9138
126.0000 1.8557
127.0000 1.7562
128.0000 1.6774
129.0000 1.6850
130.0000 1.7042
131.0000 1.6697
132.0000 1.5745
133.0000 1.5557
134.0000 1.4571
135.0000 1.5362
136.0000 1.6021
137.0000 1.7014
138.0000 1.7993
139.0000 1.8866
140.0000 1.9794
141.0000 2.0302
142.0000 1.9408
143.0000 1.8427
144.0000 1.7714
145.0000 1.6978
146.0000 1.6682
147.0000 1.5873
148.0000 1.5261
149.0000 1.4793
150.0000 1.4867
