1.0000 2.2575
2.0000 2.2595
3.0000 2.1643
4.0000 2.2641
5.0000 2.3089
6.0000 2.3656
7.0000 2.4292
8.0000 2.5265
9.0000 2.4520
10.0000 2.3620
11.0000 2.2661
12.0000 2.1959
13.0000 2.1185
14.0000 2.1816
15.0000 2.2505
16.0000 2.3502
17.0000 2.4500
18.0000 2.5443
19.0000 2.5793
20.0000 2.5974
21.0000 2.5117
22.0000 2.4325
23.0000 2.3479
24.0000 2.2697
25.0000 2.1823
26.0000 2.1561
27.0000 2.2561
28.0000 2.3510
29.0000 2.4454
30.0000 2.5362
31.0000 2.5845
32.0000 2.5754
33.0000 2.5415
34.0000 2.4595
35.0000 2.3661
36.0000 2.3113
37.0000 2.2173
38.0000 2.1971
39.0000 2.2222
40.0000 2.1396
41.0000 2.1202
42.0000 2.0703
43.0000 2.1574
44.0000 2.1435
45.0000 2.2172
46.0000 2.2679
47.0000 2.3649
48.0000 2.4385
49.0000 2.3386
50.0000 2.2747
51.0000 2.3638
52.0000 2.4219
53.0000 2.4758
54.0000 2.4091
55.0000 2.4821
56.0000 2.5819
57.0000 2.6371
58.0000 2.6757
59.0000 2.6005
60.0000 2.5434
61.0000 2.6088
62.0000 2.6844
63.0000 2.6065
64.0000 2.5125
65.0000 2.4816
66.0000 2.5761
67.0000 2.6729
68.0000 2.7356
69.0000 2.7269
70.0000 2.6556
71.0000 2.6077
72.0000 2.5271
73.0000 2.4758
74.0000 2.4807
75.0000 2.5795
76.0000 2.5800
77.0000 2.6638
78.0000 2.6759
79.0000 2.6072
80.0000 2.5408
81.0000 2.5929
82.0000 2.5507
83.0000 2.4513
84.0000 2.3749
85.0000 2.2958
86.0000 2.2550
87.0000 2.2542
88.0000 2.3535
89.0000 2.4509
90.0000 2.4796
91.0000 2.4479
92.0000 2.4769
93.0000 2.5521
94.0000 2.5975
95.0000 2.6079
96.0000 2.5527
97.0000 2.4747
98.0000 2.3907
99.0000 2.2971
100.0000 2.2419
101.0000 2.2705
102.0000 2.2607
103.0000 2.2819
104.0000 2.3531
105.0000 2.3902
106.0000 2.4147
107.0000 2.4911
108.0000 2.4746
109.0000 2.3750
110.0000 2.3045
111.0000 2.3514
112.0000 2.4169
113.0000 2.3850
114.0000 2.2870
115.0000 2.2081
116.0000 2.1552
117.0000 2.0578
118.0000 2.1087
119.0000 2.1825
120.0000 2.1812
121.0000 2.1397
122.0000 2.0398
123.0000 1.9398
124.0000 1.8520
125.0000 1.8993
126.0000 1.9868
127.0000 2.0779
128.0000 2.1230
129.0000 2.2017
130.0000 2.2721
131.0000 2.3512
132.0000 2.4482
133.0000 2.5366
134.0000 2.5671
135.0000 2.5066
136.0000 2.5119
137.0000 2.5535
138.0000 2.6271
139.0000 2.6906
140.0000 2.6589
141.0000 2.7430
142.0000 2.7153
143.0000 2.7508
144.0000 2.7395
145.0000 2.7030
146.0000 2.6592
147.0000 2.5856
148.0000 2.5006
149.0000 2.4050
150.0000 2.3051
