1.0000 2.1825
2.0000 2.1303
3.0000 2.0654
4.0000 1.9675
5.0000 1.8677
6.0000 1.7931
7.0000 1.6938
8.0000 1.6260
9.0000 1.5545
10.0000 1.4787
11.0000 1.4131
12.0000 1.4721
13.0000 1.4544
14.0000 1.3577
15.0000 1.2656
16.0000 1.1670
17.0000 1.1215
18.0000 1.0230
19.0000 0.9289
20.0000 0.8292
21.0000 0.7298
22.0000 0.6502
23.0000 0.5511
24.0000 0.4686
25.0000 0.3791
26.0000 0.2828
27.0000 0.1835
28.0000 0.1850
29.0000 0.2638
30.0000 0.3637
31.0000 0.3253
32.0000 0.2802
33.0000 0.1816
34.0000 0.0921
35.0000 0.0121
36.0000 0.1110
37.0000 0.1071
38.0000 0.1866
39.0000 0.2859
40.0000 0.3834
41.0000 0.4832
42.0000 0.5733
43.0000 0.6732
44.0000 0.6989
45.0000 0.6592
46.0000 0.6300
47.0000 0.7089
48.0000 0.7628
49.0000 0.8587
50.0000 0.9481
51.0000 0.9474
52.0000 1.0406
53.0000 1.1128
54.0000 1.1431
55.0000 1.0473
56.0000 0.9569
57.0000 0.9435
58.0000 0.9564
59.0000 0.9747
60.0000 1.0561
61.0000 1.1278
62.0000 1.2046
63.0000 1.2919
64.0000 1.2061
65.0000 1.1406
66.0000 1.0688
67.0000 1.0585
68.0000 1.1465
69.0000 1.2143
70.0000 1.3141
71.0000 1.4068
72.0000 1.5031
73.0000 1.6030
74.0000 1.6500
75.0000 1.7442
76.0000 1.8386
77.0000 1.8637
78.0000 1.9433
79.0000 2.0429
80.0000 2.1116
81.0000 2.2114
82.0000 2.2790
83.0000 2.2325
84.0000 2.2183
85.0000 2.1890
86.0000 2.2144
87.0000 2.1610
88.0000 2.1377
89.0000 2.0389
90.0000 1.9390
91.0000 1.9069
92.0000 1.9172
93.0000 2.0006
94.0000 2.0334
95.0000 2.1091
96.0000 2.1916
97.0000 2.2895
98.0000 2.3796
99.0000 2.4639
100.0000 2.5018
101.0000 2.4669
102.0000 2.4447
103.0000 2.4158
104.0000 2.3743
105.0000 2.2748
106.0000 2.2347
107.0000 2.2526
108.0000 2.3008
109.0000 2.3994
110.0000 2.4776
111.0000 2.5356
112.0000 2.5335
113.0000 2.4642
114.0000 2.3664
115.0000 2.3223
116.0000 2.2494
117.0000 2.1738
118.0000 2.1010
119.0000 2.0149
120.0000 1.9399
121.0000 1.9379
122.0000 1.8697
123.0000 1.8462
124.0000 1.7462
125.0000 1.6467
126.0000 1.5748
127.0000 1.5482
128.0000 1.6037
129.0000 1.7037
130.0000 1.8037
131.0000 1.8749
132.0000 1.9510
133.0000 2.0275
134.0000 2.1028
135.0000 2.1790
136.0000 2.2100
137.0000 2.1994
138.0000 2.2383
139.0000 2.2765
140.0000 2.2020
141.0000 2.2479
142.0000 2.2533
143.0000 2.2477
144.0000 2.2644
145.0000 2.2224
146.0000 2.1637
147.0000 2.0741
148.0000 2.1741
149.0000 2.2537
150.0000 2.3387
