1.0000 2.1486
2.0000 2.1628
3.0000 2.0856
4.0000 2.0747
5.0000 2.1145
6.0000 2.1607
7.0000 2.0635
8.0000 1.9718
9.0000 1.8902
10.0000 1.7906
11.0000 1.7274
12.0000 1.6689
13.0000 1.7558
14.0000 1.8477
15.0000 1.8143
16.0000 1.7186
17.0000 1.6186
18.0000 1.5400
19.0000 1.4504
20.0000 1.5503
21.0000 1.5466
22.0000 1.6068
23.0000 1.5643
24.0000 1.5369
25.0000 1.4649
26.0000 1.3926
27.0000 1.2989
28.0000 1.2045
29.0000 1.1079
30.0000 1.0157
31.0000 0.9576
32.0000 0.8825
33.0000 0.9824
34.0000 1.0681
35.0000 1.1192
36.0000 1.1660
37.0000 1.1279
38.0000 1.0379
39.0000 1.0244
40.0000 1.0753
41.0000 1.1413
42.0000 1.1877
43.0000 1.2477
44.0000 1.3267
45.0000 1.4196
46.0000 1.5117
47.0000 1.5810
48.0000 1.6372
49.0000 1.7161
50.0000 1.7287
51.0000 1.8178
52.0000 1.8399
53.0000 1.9354
54.0000 2.0186
55.0000 2.1029
56.0000 2.1646
57.0000 2.0739
58.0000 1.9870
59.0000 2.0298
60.0000 2.1213
61.0000 2.0465
62.0000 2.0343
63.0000 1.9349
64.0000 1.8350
65.0000 1.8312
66.0000 1.7603
67.0000 1.6627
68.0000 1.5658
69.0000 1.5194
70.0000 1.5188
71.0000 1.6144
72.0000 1.7122
73.0000 1.7663
74.0000 1.7709
75.0000 1.7796
76.0000 1.6796
77.0000 1.6411
78.0000 1.5519
79.0000 1.5327
80.0000 1.6110
81.0000 1.6783
82.0000 1.6421
83.0000 1.6246
84.0000 1.5509
85.0000 1.5041
86.0000 1.5567
87.0000 1.6532
88.0000 1.7335
89.0000 1.8308
90.0000 1.9222
91.0000 2.0029
92.0000 2.0736
93.0000 1.9816
94.0000 1.8816
95.0000 1.7831
96.0000 1.6967
97.0000 1.6390
98.0000 1.5429
99.0000 1.4436
100.0000 1.3767
101.0000 1.2804
102.0000 1.1823
103.0000 1.0856
104.0000 0.9956
105.0000 0.8979
106.0000 0.9335
107.0000 0.9943
108.0000 1.0844
109.0000 1.1638
110.0000 1.2483
111.0000 1.2429
112.0000 1.2373
113.0000 1.2663
114.0000 1.3562
115.0000 1.3009
116.0000 1.2106
117.0000 1.1573
118.0000 1.0745
119.0000 1.0017
120.0000 0.9156
121.0000 0.8202
122.0000 0.7789
123.0000 0.7145
124.0000 0.6777
125.0000 0.5777
126.0000 0.5089
127.0000 0.4872
128.0000 0.5320
129.0000 0.6284
130.0000 0.7146
131.0000 0.8038
132.0000 0.9021
133.0000 0.8585
134.0000 0.7896
135.0000 0.7870
136.0000 0.8299
137.0000 0.7857
138.0000 0.7520
139.0000 0.7698
140.0000 0.8316
141.0000 0.7512
142.0000 0.6988
143.0000 0.7128
144.0000 0.7435
145.0000 0.7365
146.0000 0.7450
147.0000 0.7771
148.0000 0.7660
149.0000 0.7655
150.0000 0.8423
