1.0000 2.1888
2.0000 2.1555
3.0000 2.0758
4.0000 1.9905
5.0000 1.9057
6.0000 1.8072
7.0000 1.7643
8.0000 1.6704
9.0000 1.6851
10.0000 1.7657
11.0000 1.8589
12.0000 1.9411
13.0000 2.0351
14.0000 2.1139
15.0000 2.1921
16.0000 2.2324
17.0000 2.1646
18.0000 2.0981
19.0000 2.0987
20.0000 2.1684
21.0000 2.2340
22.0000 2.1759
23.0000 2.0759
24.0000 2.0167
25.0000 1.9750
26.0000 2.0335
27.0000 2.0636
28.0000 2.1326
29.0000 2.2298
30.0000 2.2817
31.0000 2.2044
32.0000 2.2155
33.0000 2.1935
34.0000 2.0947
35.0000 2.0466
36.0000 1.9814
37.0000 1.8831
38.0000 1.7832
39.0000 1.7461
40.0000 1.7227
41.0000 1.7178
42.0000 1.6196
43.0000 1.5449
44.0000 1.4531
45.0000 1.3625
46.0000 1.2642
47.0000 1.1731
48.0000 1.1185
49.0000 1.0205
50.0000 0.9277
51.0000 0.8292
52.0000 0.7293
53.0000 0.6550
54.0000 0.6581
55.0000 0.6399
56.0000 0.6896
57.0000 0.6844
58.0000 0.6231
59.0000 0.5651
60.0000 0.5745
61.0000 0.6439
62.0000 0.7351
63.0000 0.8064
64.0000 0.8923
65.0000 0.9410
66.0000 0.9985
67.0000 1.0326
68.0000 0.9765
69.0000 0.8781
70.0000 0.8095
71.0000 0.7251
72.0000 0.6411
73.0000 0.6872
74.0000 0.6554
75.0000 0.7058
76.0000 0.7638
77.0000 0.8628
78.0000 0.9626
79.0000 1.0574
80.0000 1.1570
81.0000 1.2459
82.0000 1.2916
83.0000 1.3771
84.0000 1.4623
85.0000 1.5527
86.0000 1.6417
87.0000 1.5688
88.0000 1.5402
89.0000 1.5314
90.0000 1.5429
91.0000 1.5595
92.0000 1.6158
93.0000 1.6805
94.0000 1.6747
95.0000 1.7426
96.0000 1.8422
97.0000 1.7479
98.0000 1.6829
99.0000 1.6414
100.0000 1.7093
101.0000 1.7667
102.0000 1.8607
103.0000 1.9607
104.0000 2.0496
105.0000 2.1487
106.0000 2.2252
107.0000 2.2925
108.0000 2.3135
109.0000 2.2926
110.0000 2.3780
111.0000 2.4701
112.0000 2.5696
113.0000 2.6689
114.0000 2.7592
115.0000 2.8485
116.0000 2.9444
117.0000 3.0440
118.0000 2.9929
119.0000 2.9241
120.0000 2.8311
121.0000 2.7875
122.0000 2.6876
123.0000 2.5991
124.0000 2.5100
125.0000 2.4193
126.0000 2.3209
127.0000 2.2249
128.0000 2.1288
129.0000 2.0344
130.0000 1.9646
131.0000 2.0350
132.0000 2.0725
133.0000 2.1723
134.0000 2.2422
135.0000 2.3360
136.0000 2.4360
137.0000 2.5077
138.0000 2.6070
139.0000 2.7063
140.0000 2.7877
141.0000 2.8852
142.0000 2.9828
143.0000 3.0325
144.0000 3.0537
145.0000 3.1475
146.0000 3.2191
147.0000 3.3112
148.0000 3.3663
149.0000 3.4551
150.0000 3.5547
