1.0000 2.1465
2.0000 2.0722
3.0000 2.1710
4.0000 2.2421
5.0000 2.2612
6.0000 2.2403
7.0000 2.2829
8.0000 2.2732
9.0000 2.3389
10.0000 2.4114
11.0000 2.5112
12.0000 2.5573
13.0000 2.4749
14.0000 2.3753
15.0000 2.3551
16.0000 2.2894
17.0000 2.2239
18.0000 2.2734
19.0000 2.2145
20.0000 2.1740
21.0000 2.1198
22.0000 2.0491
23.0000 1.9769
24.0000 1.8801
25.0000 1.7929
26.0000 1.7798
27.0000 1.6818
28.0000 1.5908
29.0000 1.5462
30.0000 1.6030
31.0000 1.6886
32.0000 1.7692
33.0000 1.8409
34.0000 1.8439
35.0000 1.9107
36.0000 2.0103
37.0000 2.1102
38.0000 2.2045
39.0000 2.2846
40.0000 2.3195
41.0000 2.4047
42.0000 2.4910
43.0000 2.5778
44.0000 2.5972
45.0000 2.4973
46.0000 2.3974
47.0000 2.4628
48.0000 2.3902
49.0000 2.3519
50.0000 2.4373
51.0000 2.4698
52.0000 2.5553
53.0000 2.6273
54.0000 2.6788
55.0000 2.7112
56.0000 2.7122
57.0000 2.8087
58.0000 2.8366
59.0000 2.8416
60.0000 2.8397
61.0000 2.8025
62.0000 2.7159
63.0000 2.6194
64.0000 2.5307
65.0000 2.4429
66.0000 2.4927
67.0000 2.5097
68.0000 2.5877
69.0000 2.6494
70.0000 2.5784
71.0000 2.5126
72.0000 2.4842
73.0000 2.4822
74.0000 2.3842
75.0000 2.2909
76.0000 2.2333
77.0000 2.1442
78.0000 2.1031
79.0000 2.1025
80.0000 2.2019
81.0000 2.3001
82.0000 2.3800
83.0000 2.4716
84.0000 2.5421
85.0000 2.6398
86.0000 2.7071
87.0000 2.7959
88.0000 2.7804
89.0000 2.8639
90.0000 2.8496
91.0000 2.8365
92.0000 2.8171
93.0000 2.7628
94.0000 2.6628
95.0000 2.5675
96.0000 2.4743
97.0000 2.4230
98.0000 2.3237
99.0000 2.2250
100.0000 2.1251
101.0000 2.0758
102.0000 1.9873
103.0000 1.9537
104.0000 1.8956
105.0000 1.9125
106.0000 2.0018
107.0000 2.0520
108.0000 2.0866
109.0000 2.1540
110.0000 2.2327
111.0000 2.2504
112.0000 2.1632
113.0000 2.1222
114.0000 2.1601
115.0000 2.2504
116.0000 2.1711
117.0000 2.0832
118.0000 2.0008
119.0000 1.9348
120.0000 1.8653
121.0000 1.8229
122.0000 1.7831
123.0000 1.7369
124.0000 1.6395
125.0000 1.5405
126.0000 1.4623
127.0000 1.4262
128.0000 1.3372
129.0000 1.2857
130.0000 1.3498
131.0000 1.4372
132.0000 1.5318
133.0000 1.6207
134.0000 1.7105
135.0000 1.8041
136.0000 1.8764
137.0000 1.9663
138.0000 2.0213
139.0000 2.1049
140.0000 2.1444
141.0000 2.2021
142.0000 2.2901
143.0000 2.2777
144.0000 2.3061
145.0000 2.3398
146.0000 2.4393
147.0000 2.4567
148.0000 2.5251
149.0000 2.4946
150.0000 2.4114
