1.0000 2.1795
2.0000 2.1448
3.0000 2.0904
4.0000 1.9912
5.0000 1.8921
6.0000 1.8731
7.0000 1.7744
8.0000 1.6748
9.0000 1.6563
10.0000 1.6380
11.0000 1.7299
12.0000 1.8248
13.0000 1.8605
14.0000 1.9142
15.0000 1.9887
16.0000 2.0727
17.0000 2.1568
18.0000 2.2495
19.0000 2.3267
20.0000 2.4165
21.0000 2.4142
22.0000 2.5014
23.0000 2.5954
24.0000 2.6451
25.0000 2.5722
26.0000 2.4930
27.0000 2.4699
28.0000 2.4398
29.0000 2.3414
30.0000 2.2425
31.0000 2.1445
32.0000 2.0629
33.0000 2.1141
34.0000 2.0756
35.0000 2.0032
36.0000 1.9559
37.0000 1.9592
38.0000 2.0161
39.0000 2.1123
40.0000 2.1969
41.0000 2.2962
42.0000 2.3961
43.0000 2.4956
44.0000 2.5950
45.0000 2.6868
46.0000 2.6868
47.0000 2.6563
48.0000 2.5822
49.0000 2.4848
50.0000 2.3854
51.0000 2.2941
52.0000 2.2406
53.0000 2.2249
54.0000 2.2223
55.0000 2.2895
56.0000 2.3811
57.0000 2.4166
58.0000 2.3608
59.0000 2.2778
60.0000 2.1893
61.0000 2.2190
62.0000 2.1348
63.0000 2.0402
64.0000 1.9404
65.0000 1.8718
66.0000 1.9349
67.0000 1.9887
68.0000 2.0843
69.0000 2.1789
70.0000 2.2730
71.0000 2.3616
72.0000 2.3797
73.0000 2.3253
74.0000 2.3506
75.0000 2.2968
76.0000 2.2755
77.0000 2.3635
78.0000 2.4534
79.0000 2.4301
80.0000 2.3670
81.0000 2.4190
82.0000 2.4039
83.0000 2.4348
84.0000 2.3388
85.0000 2.2599
86.0000 2.2461
87.0000 2.2860
88.0000 2.3829
89.0000 2.3501
90.0000 2.4476
91.0000 2.4693
92.0000 2.4095
93.0000 2.3163
94.0000 2.2164
95.0000 2.1164
96.0000 2.0237
97.0000 1.9250
98.0000 1.9708
99.0000 2.0359
100.0000 2.0585
101.0000 2.0231
102.0000 2.0120
103.0000 1.9344
104.0000 1.9625
105.0000 2.0317
106.0000 2.1308
107.0000 2.1089
108.0000 2.0965
109.0000 2.0471
110.0000 1.9652
111.0000 1.9895
112.0000 2.0328
113.0000 2.1328
114.0000 2.1193
115.0000 2.1680
116.0000 2.1141
117.0000 2.1455
118.0000 2.1538
119.0000 2.0579
120.0000 1.9813
121.0000 1.9116
122.0000 1.9837
123.0000 2.0770
124.0000 2.1180
125.0000 2.1508
126.0000 2.1636
127.0000 2.1836
128.0000 2.1895
129.0000 2.0905
130.0000 1.9951
131.0000 1.8955
132.0000 1.8014
133.0000 1.7690
134.0000 1.8557
135.0000 1.9534
136.0000 2.0533
137.0000 2.1440
138.0000 2.2401
139.0000 2.2551
140.0000 2.2746
141.0000 2.2956
142.0000 2.3596
143.0000 2.3451
144.0000 2.4073
145.0000 2.3988
146.0000 2.4745
147.0000 2.5733
148.0000 2.5004
149.0000 2.4308
150.0000 2.3831
