1.0000 2.2384
2.0000 2.2200
3.0000 2.1344
4.0000 2.1486
5.0000 2.1971
6.0000 2.1398
7.0000 2.1476
8.0000 2.1144
9.0000 2.0593
10.0000 2.0037
11.0000 1.9887
12.0000 1.9911
13.0000 1.9605
14.0000 1.9810
15.0000 2.0452
16.0000 2.1256
17.0000 2.1326
18.0000 2.0442
19.0000 1.9692
20.0000 1.8825
21.0000 1.7967
22.0000 1.6972
23.0000 1.6078
24.0000 1.6571
25.0000 1.7463
26.0000 1.8417
27.0000 1.8023
28.0000 1.7941
29.0000 1.7074
30.0000 1.6283
31.0000 1.5398
32.0000 1.5411
33.0000 1.5837
34.0000 1.6503
35.0000 1.7332
36.0000 1.7830
37.0000 1.8051
38.0000 1.7128
39.0000 1.6351
40.0000 1.5733
41.0000 1.5509
42.0000 1.5729
43.0000 1.5353
44.0000 1.6033
45.0000 1.6900
46.0000 1.7497
47.0000 1.8283
48.0000 1.8849
49.0000 1.9225
50.0000 1.9905
51.0000 2.0640
52.0000 2.1436
53.0000 2.2394
54.0000 2.3391
55.0000 2.4149
56.0000 2.4936
57.0000 2.5450
58.0000 2.6073
59.0000 2.6094
60.0000 2.7066
61.0000 2.6775
62.0000 2.5803
63.0000 2.5592
64.0000 2.5229
65.0000 2.4299
66.0000 2.3381
67.0000 2.2489
68.0000 2.2660
69.0000 2.3020
70.0000 2.2886
71.0000 2.1954
72.0000 2.1241
73.0000 2.0274
74.0000 1.9912
75.0000 1.9259
76.0000 1.9556
77.0000 2.0298
78.0000 2.1168
79.0000 2.2058
80.0000 2.2862
81.0000 2.2946
82.0000 2.3197
83.0000 2.4189
84.0000 2.5120
85.0000 2.6062
86.0000 2.5093
87.0000 2.4308
88.0000 2.4583
89.0000 2.3971
90.0000 2.3490
91.0000 2.2827
92.0000 2.1830
93.0000 2.0870
94.0000 2.0738
95.0000 1.9921
96.0000 1.9020
97.0000 1.8654
98.0000 1.7768
99.0000 1.7431
100.0000 1.7266
101.0000 1.7882
102.0000 1.8664
103.0000 1.8985
104.0000 1.9550
105.0000 2.0548
106.0000 2.1515
107.0000 2.2508
108.0000 2.3436
109.0000 2.3804
110.0000 2.4040
111.0000 2.4287
112.0000 2.3851
113.0000 2.4767
114.0000 2.5506
115.0000 2.6505
116.0000 2.7316
117.0000 2.7002
118.0000 2.6540
119.0000 2.6170
120.0000 2.5473
121.0000 2.4618
122.0000 2.3630
123.0000 2.3583
124.0000 2.2632
125.0000 2.3384
126.0000 2.3827
127.0000 2.4823
128.0000 2.4406
129.0000 2.3524
130.0000 2.3301
131.0000 2.2923
132.0000 2.2163
133.0000 2.1513
134.0000 2.0792
135.0000 1.9836
136.0000 1.8887
137.0000 1.8100
138.0000 1.7727
139.0000 1.7537
140.0000 1.7741
141.0000 1.7410
142.0000 1.7770
143.0000 1.8038
144.0000 1.7489
145.0000 1.6663
146.0000 1.5922
147.0000 1.5039
148.0000 1.4160
149.0000 1.3420
150.0000 1.3752
