1.0000 2.2385
2.0000 2.2322
3.0000 2.3296
4.0000 2.2807
5.0000 2.1957
6.0000 2.1056
7.0000 2.0075
8.0000 1.9781
9.0000 1.9053
10.0000 1.9022
11.0000 1.9906
12.0000 2.0802
13.0000 2.1317
14.0000 2.1258
15.0000 2.1985
16.0000 2.2355
17.0000 2.2546
18.0000 2.2056
19.0000 2.3054
20.0000 2.3491
21.0000 2.2505
22.0000 2.1603
23.0000 2.1901
24.0000 2.2820
25.0000 2.2921
26.0000 2.1923
27.0000 2.0998
28.0000 2.0043
29.0000 1.9384
30.0000 1.8422
31.0000 1.8403
32.0000 1.9403
33.0000 2.0285
34.0000 2.1139
35.0000 2.0577
36.0000 1.9645
37.0000 1.8762
38.0000 1.9312
39.0000 1.8656
40.0000 1.7970
41.0000 1.8805
42.0000 1.9396
43.0000 2.0016
44.0000 2.0915
45.0000 2.0672
46.0000 2.0799
47.0000 2.0742
48.0000 2.0293
49.0000 2.1288
50.0000 2.0642
51.0000 1.9890
52.0000 1.9012
53.0000 1.8092
54.0000 1.7144
55.0000 1.7034
56.0000 1.7997
57.0000 1.8988
58.0000 1.9420
59.0000 2.0389
60.0000 2.1375
61.0000 2.2112
62.0000 2.2004
63.0000 2.1342
64.0000 2.0374
65.0000 2.0333
66.0000 2.1313
67.0000 2.1731
68.0000 2.1103
69.0000 2.0930
70.0000 2.0609
71.0000 1.9764
72.0000 1.8868
73.0000 1.7894
74.0000 1.6983
75.0000 1.6350
76.0000 1.6152
77.0000 1.6979
78.0000 1.7542
79.0000 1.8485
80.0000 1.8514
81.0000 1.7848
82.0000 1.7442
83.0000 1.7575
84.0000 1.6620
85.0000 1.5703
86.0000 1.5497
87.0000 1.4912
88.0000 1.4855
89.0000 1.5289
90.0000 1.6250
91.0000 1.7179
92.0000 1.8179
93.0000 1.9054
94.0000 2.0051
95.0000 1.9162
96.0000 1.8344
97.0000 1.7622
98.0000 1.6642
99.0000 1.5812
100.0000 1.5042
101.0000 1.4045
102.0000 1.3304
103.0000 1.2812
104.0000 1.3408
105.0000 1.4385
106.0000 1.5031
107.0000 1.4577
108.0000 1.3577
109.0000 1.2680
110.0000 1.2316
111.0000 1.2301
112.0000 1.2459
113.0000 1.1479
114.0000 1.0528
115.0000 0.9556
116.0000 0.9077
117.0000 1.0016
118.0000 0.9534
119.0000 0.9043
120.0000 0.9708
121.0000 1.0168
122.0000 1.1160
123.0000 1.2159
124.0000 1.2246
125.0000 1.2914
126.0000 1.3238
127.0000 1.2441
128.0000 1.2576
129.0000 1.2512
130.0000 1.2205
131.0000 1.1878
132.0000 1.1194
133.0000 1.0208
134.0000 0.9266
135.0000 0.8383
136.0000 0.7659
137.0000 0.6800
138.0000 0.6142
139.0000 0.5902
140.0000 0.6150
141.0000 0.6170
142.0000 0.5805
143.0000 0.5380
144.0000 0.4815
145.0000 0.4738
146.0000 0.4253
147.0000 0.5251
148.0000 0.6229
149.0000 0.6862
150.0000 0.7858
