1.0000 2.1436
2.0000 2.1551
3.0000 2.0956
4.0000 2.0573
5.0000 2.1445
6.0000 2.2438
7.0000 2.1873
8.0000 2.1055
9.0000 2.1575
10.0000 2.2324
11.0000 2.3077
12.0000 2.4055
13.0000 2.4608
14.0000 2.4426
15.0000 2.4487
16.0000 2.3499
17.0000 2.2517
18.0000 2.1526
19.0000 2.0569
20.0000 1.9842
21.0000 1.8857
22.0000 1.8185
23.0000 1.8091
24.0000 1.7851
25.0000 1.7311
26.0000 1.6955
27.0000 1.6281
28.0000 1.5333
29.0000 1.4918
30.0000 1.4321
31.0000 1.4615
32.0000 1.4626
33.0000 1.4485
34.0000 1.3517
35.0000 1.2518
36.0000 1.2530
37.0000 1.3097
38.0000 1.2390
39.0000 1.1415
40.0000 1.0831
41.0000 0.9831
42.0000 0.8904
43.0000 0.7906
44.0000 0.7025
45.0000 0.6116
46.0000 0.5607
47.0000 0.5966
48.0000 0.5850
49.0000 0.6512
50.0000 0.7479
51.0000 0.8231
52.0000 0.9226
53.0000 1.0224
54.0000 1.1173
55.0000 1.2025
56.0000 1.1358
57.0000 1.2112
58.0000 1.2752
59.0000 1.2592
60.0000 1.2372
61.0000 1.1715
62.0000 1.1029
63.0000 1.1721
64.0000 1.2687
65.0000 1.3458
66.0000 1.4402
67.0000 1.5329
68.0000 1.5988
69.0000 1.6093
70.0000 1.5396
71.0000 1.4425
72.0000 1.3476
73.0000 1.3778
74.0000 1.4400
75.0000 1.5090
76.0000 1.4127
77.0000 1.3647
78.0000 1.4619
79.0000 1.5508
80.0000 1.6372
81.0000 1.7146
82.0000 1.8074
83.0000 1.9071
84.0000 1.9611
85.0000 2.0349
86.0000 1.9656
87.0000 1.8713
88.0000 1.7762
89.0000 1.8374
90.0000 1.8717
91.0000 1.8900
92.0000 1.9484
93.0000 1.9616
94.0000 1.9715
95.0000 1.9165
96.0000 1.9995
97.0000 2.0975
98.0000 2.1860
99.0000 2.2795
100.0000 2.2908
101.0000 2.2228
102.0000 2.1301
103.0000 2.0518
104.0000 2.0268
105.0000 1.9298
106.0000 1.9316
107.0000 1.8316
108.0000 1.8279
109.0000 1.8206
110.0000 1.9032
111.0000 1.9941
112.0000 2.0262
113.0000 1.9960
114.0000 1.8960
115.0000 1.8209
116.0000 1.7638
117.0000 1.6694
118.0000 1.6100
119.0000 1.5197
120.0000 1.5851
121.0000 1.5447
122.0000 1.5136
123.0000 1.4473
124.0000 1.3601
125.0000 1.2602
126.0000 1.1683
127.0000 1.1354
128.0000 1.0364
129.0000 1.0378
130.0000 1.0602
131.0000 0.9747
132.0000 0.8767
133.0000 0.7768
134.0000 0.6769
135.0000 0.5769
136.0000 0.5274
137.0000 0.4375
138.0000 0.3603
139.0000 0.3083
140.0000 0.3375
141.0000 0.3404
142.0000 0.3782
143.0000 0.4779
144.0000 0.5697
145.0000 0.6611
146.0000 0.7464
147.0000 0.8461
148.0000 0.9135
149.0000 0.9881
150.0000 1.0729
