1.0000 2.1529
2.0000 2.0743
3.0000 2.0878
4.0000 2.1783
5.0000 2.2546
6.0000 2.3490
7.0000 2.3523
8.0000 2.2541
9.0000 2.1635
10.0000 2.1009
11.0000 2.0045
12.0000 1.9357
13.0000 1.9761
14.0000 1.9988
15.0000 2.0945
16.0000 2.0310
17.0000 1.9459
18.0000 1.8551
19.0000 1.8086
20.0000 1.7173
21.0000 1.6295
22.0000 1.5870
23.0000 1.6209
24.0000 1.6663
25.0000 1.7660
26.0000 1.8391
27.0000 1.8118
28.0000 1.8947
29.0000 1.9764
30.0000 2.0061
31.0000 1.9395
32.0000 1.8560
33.0000 1.7587
34.0000 1.6689
35.0000 1.7102
36.0000 1.6961
37.0000 1.7323
38.0000 1.8298
39.0000 1.9286
40.0000 1.9948
41.0000 2.0263
42.0000 2.1259
43.0000 2.0917
44.0000 1.9919
45.0000 1.9001
46.0000 1.8002
47.0000 1.7052
48.0000 1.7419
49.0000 1.6471
50.0000 1.5796
51.0000 1.5066
52.0000 1.5766
53.0000 1.6412
54.0000 1.7136
55.0000 1.7444
56.0000 1.8270
57.0000 1.9220
58.0000 2.0160
59.0000 1.9563
60.0000 1.9408
61.0000 1.9573
62.0000 1.9430
63.0000 1.9270
64.0000 1.8638
65.0000 1.8186
66.0000 1.7186
67.0000 1.6349
68.0000 1.6803
69.0000 1.6152
70.0000 1.5939
71.0000 1.4941
72.0000 1.4052
73.0000 1.3251
74.0000 1.2995
75.0000 1.3677
76.0000 1.4650
77.0000 1.5590
78.0000 1.6503
79.0000 1.7122
80.0000 1.6991
81.0000 1.7398
82.0000 1.6451
83.0000 1.6513
84.0000 1.6392
85.0000 1.7032
86.0000 1.7911
87.0000 1.8840
88.0000 1.8619
89.0000 1.7680
90.0000 1.6687
91.0000 1.6840
92.0000 1.7631
93.0000 1.8497
94.0000 1.9177
95.0000 2.0177
96.0000 2.0340
97.0000 2.0006
98.0000 1.9374
99.0000 1.8643
100.0000 1.8886
101.0000 1.8808
102.0000 1.8903
103.0000 1.9831
104.0000 1.9879
105.0000 1.8973
106.0000 1.8037
107.0000 1.7039
108.0000 1.6040
109.0000 1.5496
110.0000 1.5084
111.0000 1.6010
112.0000 1.6752
113.0000 1.6079
114.0000 1.5083
115.0000 1.4677
116.0000 1.5661
117.0000 1.6654
118.0000 1.7335
119.0000 1.8323
120.0000 1.9316
121.0000 1.9503
122.0000 1.8851
123.0000 1.8255
124.0000 1.7783
125.0000 1.7375
126.0000 1.6376
127.0000 1.6114
128.0000 1.5779
129.0000 1.6715
130.0000 1.7713
131.0000 1.7878
132.0000 1.8724
133.0000 1.9273
134.0000 1.8308
135.0000 1.7378
136.0000 1.6490
137.0000 1.7109
138.0000 1.8019
139.0000 1.8933
140.0000 1.9932
141.0000 1.9958
142.0000 2.0310
143.0000 2.0126
144.0000 1.9213
145.0000 1.8967
146.0000 1.9703
147.0000 1.9854
148.0000 2.0256
149.0000 2.0516
150.0000 2.1425
