1.0000 2.2321
2.0000 2.3024
3.0000 2.3011
4.0000 2.3706
5.0000 2.3713
6.0000 2.4453
7.0000 2.4847
8.0000 2.4555
9.0000 2.3918
10.0000 2.2936
11.0000 2.1995
12.0000 2.1343
13.0000 2.0997
14.0000 2.0034
15.0000 1.9685
16.0000 1.8689
17.0000 1.7732
18.0000 1.6732
19.0000 1.6306
20.0000 1.6010
21.0000 1.5031
22.0000 1.4234
23.0000 1.3409
24.0000 1.2590
25.0000 1.2131
26.0000 1.1402
27.0000 1.0424
28.0000 0.9838
29.0000 0.8881
30.0000 0.8676
31.0000 0.8167
32.0000 0.8217
33.0000 0.9215
34.0000 0.9686
35.0000 1.0552
36.0000 1.0775
37.0000 0.9784
38.0000 0.8790
39.0000 0.7791
40.0000 0.7032
41.0000 0.6205
42.0000 0.5632
43.0000 0.6217
44.0000 0.6935
45.0000 0.6949
46.0000 0.6230
47.0000 0.5283
48.0000 0.4587
49.0000 0.4399
50.0000 0.5310
51.0000 0.6277
52.0000 0.7271
53.0000 0.7187
54.0000 0.6979
55.0000 0.7886
56.0000 0.8812
57.0000 0.9748
58.0000 1.0748
59.0000 1.0763
60.0000 1.0324
61.0000 1.0877
62.0000 1.0355
63.0000 1.1035
64.0000 1.0669
65.0000 0.9959
66.0000 0.9615
67.0000 1.0557
68.0000 1.1404
69.0000 1.2003
70.0000 1.2940
71.0000 1.3930
72.0000 1.4470
73.0000 1.3471
74.0000 1.3571
75.0000 1.3193
76.0000 1.2352
77.0000 1.2496
78.0000 1.3436
79.0000 1.3809
80.0000 1.3247
81.0000 1.2840
82.0000 1.2963
83.0000 1.3962
84.0000 1.4957
85.0000 1.5639
86.0000 1.5633
87.0000 1.4988
88.0000 1.4180
89.0000 1.3306
90.0000 1.2322
91.0000 1.1339
92.0000 1.1227
93.0000 1.1481
94.0000 1.0537
95.0000 0.9822
96.0000 0.9945
97.0000 1.0927
98.0000 1.1923
99.0000 1.2849
100.0000 1.3656
101.0000 1.3803
102.0000 1.4502
103.0000 1.5350
104.0000 1.4958
105.0000 1.5179
106.0000 1.4668
107.0000 1.4213
108.0000 1.3395
109.0000 1.2555
110.0000 1.1812
111.0000 1.1601
112.0000 1.1057
113.0000 1.1115
114.0000 1.1666
115.0000 1.2374
116.0000 1.3310
117.0000 1.4027
118.0000 1.4277
119.0000 1.4508
120.0000 1.5150
121.0000 1.5824
122.0000 1.5553
123.0000 1.5705
124.0000 1.5704
125.0000 1.4997
126.0000 1.4016
127.0000 1.3022
128.0000 1.2091
129.0000 1.1760
130.0000 1.2592
131.0000 1.2781
132.0000 1.3756
133.0000 1.3623
134.0000 1.3467
135.0000 1.4148
136.0000 1.4746
137.0000 1.4497
138.0000 1.3728
139.0000 1.2811
140.0000 1.1892
141.0000 1.0920
142.0000 1.0604
143.0000 1.1587
144.0000 1.2577
145.0000 1.3532
146.0000 1.4053
147.0000 1.4855
148.0000 1.5457
149.0000 1.6174
150.0000 1.5208
