1.0000 2.2201
2.0000 2.1365
3.0000 2.0388
4.0000 1.9395
5.0000 1.9876
6.0000 2.0810
7.0000 2.0456
8.0000 2.0168
9.0000 1.9774
10.0000 2.0513
11.0000 2.0405
12.0000 2.1119
13.0000 2.2075
14.0000 2.2932
15.0000 2.3862
16.0000 2.4356
17.0000 2.5180
18.0000 2.6155
19.0000 2.5874
20.0000 2.6834
21.0000 2.7830
22.0000 2.8134
23.0000 2.7285
24.0000 2.7514
25.0000 2.8174
26.0000 2.7774
27.0000 2.6775
28.0000 2.5921
29.0000 2.5398
30.0000 2.4839
31.0000 2.4338
32.0000 2.4563
33.0000 2.4397
34.0000 2.5350
35.0000 2.6343
36.0000 2.6818
37.0000 2.6584
38.0000 2.6543
39.0000 2.6586
40.0000 2.6948
41.0000 2.7418
42.0000 2.7487
43.0000 2.7299
44.0000 2.7952
45.0000 2.8724
46.0000 2.8585
47.0000 2.7673
48.0000 2.6941
49.0000 2.7376
50.0000 2.7148
51.0000 2.7651
52.0000 2.8040
53.0000 2.8339
54.0000 2.7376
55.0000 2.6429
56.0000 2.5604
57.0000 2.5398
58.0000 2.6032
59.0000 2.6947
60.0000 2.7595
61.0000 2.8158
62.0000 2.8568
63.0000 2.8264
64.0000 2.7418
65.0000 2.7119
66.0000 2.6122
67.0000 2.5868
68.0000 2.5207
69.0000 2.4209
70.0000 2.3244
71.0000 2.2395
72.0000 2.1893
73.0000 2.1383
74.0000 2.1217
75.0000 2.1083
76.0000 2.0732
77.0000 2.0093
78.0000 1.9268
79.0000 1.8561
80.0000 1.7910
81.0000 1.7599
82.0000 1.7490
83.0000 1.7909
84.0000 1.8525
85.0000 1.8187
86.0000 1.7239
87.0000 1.6303
88.0000 1.5844
89.0000 1.6118
90.0000 1.6508
91.0000 1.7438
92.0000 1.7586
93.0000 1.8454
94.0000 1.9234
95.0000 1.9874
96.0000 1.9556
97.0000 1.8701
98.0000 1.9367
99.0000 1.9543
100.0000 1.9716
101.0000 1.9905
102.0000 2.0864
103.0000 2.1742
104.0000 2.2595
105.0000 2.2924
106.0000 2.3155
107.0000 2.3574
108.0000 2.4196
109.0000 2.3346
110.0000 2.2361
111.0000 2.1411
112.0000 2.0537
113.0000 2.0233
114.0000 2.0825
115.0000 2.1335
116.0000 2.0512
117.0000 1.9728
118.0000 1.8933
119.0000 1.8748
120.0000 1.7963
121.0000 1.7214
122.0000 1.6431
123.0000 1.5453
124.0000 1.4979
125.0000 1.5718
126.0000 1.5446
127.0000 1.5035
128.0000 1.4039
129.0000 1.3072
130.0000 1.3578
131.0000 1.2596
132.0000 1.1817
133.0000 1.1444
134.0000 1.2240
135.0000 1.1930
136.0000 1.1969
137.0000 1.2495
138.0000 1.3494
139.0000 1.4202
140.0000 1.4104
141.0000 1.4245
142.0000 1.5100
143.0000 1.5867
144.0000 1.5581
145.0000 1.5042
146.0000 1.4106
147.0000 1.3222
148.0000 1.2874
149.0000 1.2477
150.0000 1.1502
