1.0000 2.1957
2.0000 2.1559
3.0000 2.0681
4.0000 1.9700
5.0000 1.8768
6.0000 1.8554
7.0000 1.7554
8.0000 1.7169
9.0000 1.6402
10.0000 1.5630
11.0000 1.4808
12.0000 1.4324
13.0000 1.3993
14.0000 1.3972
15.0000 1.3743
16.0000 1.3078
17.0000 1.3479
18.0000 1.4478
19.0000 1.5242
20.0000 1.5237
21.0000 1.4692
22.0000 1.3703
23.0000 1.2740
24.0000 1.1765
25.0000 1.1612
26.0000 1.1762
27.0000 1.2223
28.0000 1.3005
29.0000 1.3129
30.0000 1.3768
31.0000 1.4323
32.0000 1.5312
33.0000 1.5703
34.0000 1.6108
35.0000 1.6978
36.0000 1.7869
37.0000 1.7281
38.0000 1.8276
39.0000 1.9141
40.0000 1.9325
41.0000 1.9722
42.0000 1.9383
43.0000 1.8513
44.0000 1.7682
45.0000 1.7848
46.0000 1.8446
47.0000 1.8531
48.0000 1.9438
49.0000 1.9839
50.0000 1.9672
51.0000 1.9170
52.0000 1.8945
53.0000 1.9511
54.0000 1.9289
55.0000 1.9741
56.0000 2.0697
57.0000 2.1388
58.0000 2.1044
59.0000 2.0579
60.0000 2.0107
61.0000 2.0765
62.0000 2.0550
63.0000 1.9959
64.0000 1.8964
65.0000 1.8133
66.0000 1.7136
67.0000 1.7031
68.0000 1.6235
69.0000 1.5302
70.0000 1.6150
71.0000 1.6922
72.0000 1.7832
73.0000 1.8635
74.0000 1.7806
75.0000 1.6862
76.0000 1.5899
77.0000 1.5053
78.0000 1.4154
79.0000 1.3238
80.0000 1.2333
81.0000 1.1752
82.0000 1.1498
83.0000 1.1903
84.0000 1.1254
85.0000 1.1703
86.0000 1.2018
87.0000 1.1266
88.0000 1.0695
89.0000 1.0110
90.0000 1.0481
91.0000 1.0339
92.0000 1.0997
93.0000 1.1700
94.0000 1.1037
95.0000 1.0205
96.0000 0.9230
97.0000 0.8471
98.0000 0.7474
99.0000 0.7454
100.0000 0.8245
101.0000 0.8201
102.0000 0.8774
103.0000 0.9380
104.0000 0.9821
105.0000 0.9715
106.0000 1.0675
107.0000 1.1671
108.0000 1.2524
109.0000 1.3422
110.0000 1.4037
111.0000 1.4687
112.0000 1.5642
113.0000 1.6482
114.0000 1.7336
115.0000 1.8063
116.0000 1.9053
117.0000 2.0047
118.0000 2.0692
119.0000 2.1600
120.0000 2.1361
121.0000 2.0413
122.0000 1.9575
123.0000 1.8893
124.0000 1.8462
125.0000 1.8085
126.0000 1.7100
127.0000 1.6318
128.0000 1.6231
129.0000 1.5437
130.0000 1.5237
131.0000 1.4696
132.0000 1.4792
133.0000 1.4409
134.0000 1.3422
135.0000 1.2514
136.0000 1.1642
137.0000 1.1388
138.0000 1.2381
139.0000 1.2861
140.0000 1.3837
141.0000 1.4339
142.0000 1.5324
143.0000 1.5492
144.0000 1.5909
145.0000 1.6158
146.0000 1.6119
147.0000 1.6008
148.0000 1.5279
149.0000 1.4423
150.0000 1.3445
