1.0000 2.1379
2.0000 2.1822
3.0000 2.1303
4.0000 2.0438
5.0000 2.0763
6.0000 2.1543
7.0000 2.2249
8.0000 2.2064
9.0000 2.1265
10.0000 2.2006
11.0000 2.1547
12.0000 2.0566
13.0000 1.9850
14.0000 1.8870
15.0000 1.8685
16.0000 1.9041
17.0000 1.8972
18.0000 1.9496
19.0000 2.0393
20.0000 1.9631
21.0000 1.9476
22.0000 1.8582
23.0000 1.8939
24.0000 1.9896
25.0000 2.0889
26.0000 2.1715
27.0000 2.2657
28.0000 2.3642
29.0000 2.4282
30.0000 2.4853
31.0000 2.5301
32.0000 2.6128
33.0000 2.5872
34.0000 2.6387
35.0000 2.5934
36.0000 2.5727
37.0000 2.5130
38.0000 2.5695
39.0000 2.6576
40.0000 2.7342
41.0000 2.7994
42.0000 2.8134
43.0000 2.8661
44.0000 2.8031
45.0000 2.7761
46.0000 2.6771
47.0000 2.5820
48.0000 2.4820
49.0000 2.4087
50.0000 2.5026
51.0000 2.5785
52.0000 2.6779
53.0000 2.7757
54.0000 2.8685
55.0000 2.8030
56.0000 2.8011
57.0000 2.8746
58.0000 2.7899
59.0000 2.8014
60.0000 2.7400
61.0000 2.6642
62.0000 2.5867
63.0000 2.5086
64.0000 2.5228
65.0000 2.5035
66.0000 2.4036
67.0000 2.3367
68.0000 2.2367
69.0000 2.1416
70.0000 2.0876
71.0000 1.9884
72.0000 1.8889
73.0000 1.8747
74.0000 1.8850
75.0000 1.9217
76.0000 1.9076
77.0000 1.9584
78.0000 2.0559
79.0000 2.1525
80.0000 2.1992
81.0000 2.2285
82.0000 2.1796
83.0000 2.2198
84.0000 2.3163
85.0000 2.3148
86.0000 2.2180
87.0000 2.1182
88.0000 2.0983
89.0000 2.1547
90.0000 2.2388
91.0000 2.1613
92.0000 2.1027
93.0000 2.0425
94.0000 1.9473
95.0000 1.8510
96.0000 1.7542
97.0000 1.6554
98.0000 1.5560
99.0000 1.5283
100.0000 1.5157
101.0000 1.5535
102.0000 1.6062
103.0000 1.6918
104.0000 1.7751
105.0000 1.8722
106.0000 1.9710
107.0000 2.0455
108.0000 1.9872
109.0000 2.0474
110.0000 1.9603
111.0000 1.9485
112.0000 1.8694
113.0000 1.8314
114.0000 1.7315
115.0000 1.7746
116.0000 1.8455
117.0000 1.9428
118.0000 2.0112
119.0000 2.0629
120.0000 1.9837
121.0000 1.9278
122.0000 1.8570
123.0000 1.8326
124.0000 1.9234
125.0000 1.9755
126.0000 1.9645
127.0000 1.9488
128.0000 1.9731
129.0000 2.0731
130.0000 2.0292
131.0000 2.0025
132.0000 1.9374
133.0000 2.0192
134.0000 2.1178
135.0000 2.2169
136.0000 2.2529
137.0000 2.2786
138.0000 2.2386
139.0000 2.1690
140.0000 2.0690
141.0000 1.9710
142.0000 1.8953
143.0000 1.9050
144.0000 2.0040
145.0000 2.1031
146.0000 2.1821
147.0000 2.2806
148.0000 2.3775
149.0000 2.4754
150.0000 2.5736
