1.0000 2.1609
2.0000 2.0614
3.0000 1.9884
4.0000 1.9726
5.0000 1.8991
6.0000 1.9856
7.0000 2.0471
8.0000 2.0004
9.0000 1.9493
10.0000 1.8502
11.0000 1.7924
12.0000 1.8875
13.0000 1.9875
14.0000 2.0705
15.0000 2.0912
16.0000 1.9914
17.0000 1.9085
18.0000 1.9467
19.0000 2.0448
20.0000 2.0222
21.0000 2.1019
22.0000 2.1182
23.0000 2.1882
24.0000 2.2615
25.0000 2.3356
26.0000 2.3410
27.0000 2.3549
28.0000 2.2725
29.0000 2.2442
30.0000 2.1662
31.0000 2.1834
32.0000 2.1758
33.0000 2.1033
34.0000 2.0662
35.0000 2.0416
36.0000 1.9666
37.0000 1.9185
38.0000 1.8192
39.0000 1.7804
40.0000 1.8180
41.0000 1.8835
42.0000 1.9674
43.0000 2.0610
44.0000 2.1403
45.0000 2.1690
46.0000 2.2116
47.0000 2.2988
48.0000 2.3373
49.0000 2.3425
50.0000 2.4305
51.0000 2.5219
52.0000 2.5791
53.0000 2.5503
54.0000 2.6428
55.0000 2.6777
56.0000 2.7687
57.0000 2.8082
58.0000 2.7205
59.0000 2.6217
60.0000 2.5220
61.0000 2.4445
62.0000 2.4630
63.0000 2.3726
64.0000 2.2942
65.0000 2.2518
66.0000 2.2531
67.0000 2.2236
68.0000 2.1327
69.0000 2.0802
70.0000 1.9838
71.0000 1.9799
72.0000 1.9177
73.0000 1.8695
74.0000 1.9639
75.0000 2.0367
76.0000 2.1225
77.0000 2.0232
78.0000 2.0550
79.0000 2.0676
80.0000 1.9891
81.0000 1.9180
82.0000 1.8263
83.0000 1.7263
84.0000 1.6474
85.0000 1.5996
86.0000 1.5030
87.0000 1.4553
88.0000 1.5373
89.0000 1.6360
90.0000 1.7306
91.0000 1.8171
92.0000 1.7184
93.0000 1.6188
94.0000 1.5666
95.0000 1.4906
96.0000 1.5447
97.0000 1.5184
98.0000 1.5950
99.0000 1.5916
100.0000 1.5440
101.0000 1.5419
102.0000 1.4732
103.0000 1.3745
104.0000 1.2748
105.0000 1.1753
106.0000 1.0789
107.0000 1.0422
108.0000 1.0291
109.0000 1.0782
110.0000 1.0008
111.0000 0.9250
112.0000 0.9612
113.0000 1.0468
114.0000 1.1274
115.0000 1.2232
116.0000 1.3058
117.0000 1.3637
118.0000 1.3485
119.0000 1.2564
120.0000 1.2211
121.0000 1.1218
122.0000 1.0953
123.0000 0.9996
124.0000 0.9143
125.0000 0.8293
126.0000 0.8104
127.0000 0.8057
128.0000 0.8320
129.0000 0.7620
130.0000 0.7139
131.0000 0.6338
132.0000 0.6528
133.0000 0.7447
134.0000 0.7527
135.0000 0.8516
136.0000 0.8659
137.0000 0.9613
138.0000 1.0402
139.0000 1.0873
140.0000 1.1377
141.0000 1.1663
142.0000 1.2542
143.0000 1.3415
144.0000 1.3474
145.0000 1.3181
146.0000 1.2262
147.0000 1.1266
148.0000 1.0291
149.0000 0.9327
150.0000 0.8504
