1.0000 2.1990
2.0000 2.2605
3.0000 2.3395
4.0000 2.2935
5.0000 2.1938
6.0000 2.1184
7.0000 2.0196
8.0000 1.9198
9.0000 1.8374
10.0000 1.8049
11.0000 1.8391
12.0000 1.8077
13.0000 1.7587
14.0000 1.7398
15.0000 1.7833
16.0000 1.7588
17.0000 1.7982
18.0000 1.7397
19.0000 1.6398
20.0000 1.5703
21.0000 1.6297
22.0000 1.7047
23.0000 1.6561
24.0000 1.6001
25.0000 1.5437
26.0000 1.5332
27.0000 1.4382
28.0000 1.3701
29.0000 1.3549
30.0000 1.2599
31.0000 1.3486
32.0000 1.3457
33.0000 1.4172
34.0000 1.3428
35.0000 1.2440
36.0000 1.1601
37.0000 1.0658
38.0000 1.0205
39.0000 0.9367
40.0000 0.8367
41.0000 0.7460
42.0000 0.7603
43.0000 0.7225
44.0000 0.6384
45.0000 0.6321
46.0000 0.6451
47.0000 0.7096
48.0000 0.6339
49.0000 0.6216
50.0000 0.7047
51.0000 0.7953
52.0000 0.8569
53.0000 0.8939
54.0000 0.9765
55.0000 0.9919
56.0000 1.0814
57.0000 1.1105
58.0000 1.0397
59.0000 1.0084
60.0000 0.9114
61.0000 0.8547
62.0000 0.8517
63.0000 0.8003
64.0000 0.7272
65.0000 0.7131
66.0000 0.6184
67.0000 0.6997
68.0000 0.7820
69.0000 0.8709
70.0000 0.9709
71.0000 1.0486
72.0000 1.0722
73.0000 1.1118
74.0000 1.1774
75.0000 1.2719
76.0000 1.2526
77.0000 1.2370
78.0000 1.1373
79.0000 1.0373
80.0000 0.9582
81.0000 0.8847
82.0000 0.9471
83.0000 1.0353
84.0000 1.1272
85.0000 1.1035
86.0000 1.0036
87.0000 0.9065
88.0000 0.8066
89.0000 0.7097
90.0000 0.6188
91.0000 0.5299
92.0000 0.4394
93.0000 0.3698
94.0000 0.4375
95.0000 0.5346
96.0000 0.6336
97.0000 0.6710
98.0000 0.7005
99.0000 0.7857
100.0000 0.8843
101.0000 0.9471
102.0000 1.0119
103.0000 1.0886
104.0000 1.1703
105.0000 1.2700
106.0000 1.3245
107.0000 1.2256
108.0000 1.1591
109.0000 1.1252
110.0000 1.2006
111.0000 1.1135
112.0000 1.1917
113.0000 1.2785
114.0000 1.3687
115.0000 1.3947
116.0000 1.4908
117.0000 1.5890
118.0000 1.6695
119.0000 1.7251
120.0000 1.8014
121.0000 1.8887
122.0000 1.9343
123.0000 2.0087
124.0000 1.9420
125.0000 1.8429
126.0000 1.8397
127.0000 1.9044
128.0000 1.8999
129.0000 1.8845
130.0000 1.8386
131.0000 1.7454
132.0000 1.7110
133.0000 1.6526
134.0000 1.5806
135.0000 1.5489
136.0000 1.4665
137.0000 1.4989
138.0000 1.5467
139.0000 1.6425
140.0000 1.7101
141.0000 1.7837
142.0000 1.8578
143.0000 1.9308
144.0000 2.0174
145.0000 2.1077
146.0000 2.1334
147.0000 2.0554
148.0000 1.9715
149.0000 1.9864
150.0000 2.0583
