1.0000 2.1468
2.0000 2.1005
3.0000 2.0291
4.0000 1.9787
5.0000 1.8832
6.0000 1.8003
7.0000 1.7088
8.0000 1.7329
9.0000 1.8279
10.0000 1.9250
11.0000 1.9919
12.0000 1.9868
13.0000 1.9267
14.0000 1.8614
15.0000 1.7824
16.0000 1.6959
17.0000 1.6033
18.0000 1.5626
19.0000 1.4655
20.0000 1.3661
21.0000 1.3190
22.0000 1.2232
23.0000 1.1232
24.0000 1.0820
25.0000 1.0272
26.0000 0.9564
27.0000 0.8960
28.0000 0.7982
29.0000 0.8681
30.0000 0.8206
31.0000 0.9065
32.0000 0.9871
33.0000 1.0869
34.0000 1.1764
35.0000 1.1421
36.0000 1.2028
37.0000 1.2353
38.0000 1.3348
39.0000 1.4340
40.0000 1.5105
41.0000 1.5589
42.0000 1.4974
43.0000 1.5307
44.0000 1.4356
45.0000 1.4167
46.0000 1.4172
47.0000 1.5046
48.0000 1.4337
49.0000 1.3393
50.0000 1.2430
51.0000 1.2028
52.0000 1.1028
53.0000 1.0037
54.0000 0.9541
55.0000 0.9895
56.0000 0.9501
57.0000 0.9550
58.0000 0.8942
59.0000 0.8000
60.0000 0.7278
61.0000 0.6681
62.0000 0.5876
63.0000 0.5412
64.0000 0.4457
65.0000 0.3457
66.0000 0.3336
67.0000 0.3743
68.0000 0.4688
69.0000 0.5648
70.0000 0.6250
71.0000 0.6611
72.0000 0.7407
73.0000 0.8257
74.0000 0.8907
75.0000 0.8809
76.0000 0.8161
77.0000 0.7373
78.0000 0.6922
79.0000 0.6697
80.0000 0.7441
81.0000 0.8435
82.0000 0.8980
83.0000 0.9924
84.0000 1.0924
85.0000 1.1881
86.0000 1.2600
87.0000 1.2942
88.0000 1.3903
89.0000 1.4650
90.0000 1.4711
91.0000 1.5225
92.0000 1.6224
93.0000 1.7133
94.0000 1.7793
95.0000 1.8701
96.0000 1.8859
97.0000 1.8347
98.0000 1.7347
99.0000 1.6357
100.0000 1.5950
101.0000 1.5277
102.0000 1.5701
103.0000 1.5058
104.0000 1.4601
105.0000 1.5362
106.0000 1.5802
107.0000 1.5560
108.0000 1.4763
109.0000 1.3765
110.0000 1.2891
111.0000 1.1892
112.0000 1.1435
113.0000 1.0559
114.0000 1.0354
115.0000 1.0514
116.0000 1.1321
117.0000 1.2278
118.0000 1.3254
119.0000 1.3647
120.0000 1.3224
121.0000 1.2908
122.0000 1.2407
123.0000 1.1408
124.0000 1.0774
125.0000 1.0080
126.0000 0.9561
127.0000 0.8929
128.0000 0.8507
129.0000 0.7530
130.0000 0.6705
131.0000 0.6726
132.0000 0.6457
133.0000 0.5656
134.0000 0.5272
135.0000 0.4962
136.0000 0.4327
137.0000 0.4440
138.0000 0.4755
139.0000 0.5549
140.0000 0.5686
141.0000 0.6587
142.0000 0.7583
143.0000 0.8579
144.0000 0.9529
145.0000 1.0456
146.0000 1.1454
147.0000 1.2073
148.0000 1.2643
149.0000 1.3096
150.0000 1.3429
