1.0000 2.1497
2.0000 2.0626
3.0000 1.9994
4.0000 2.0118
5.0000 1.9266
6.0000 1.8475
7.0000 1.7529
8.0000 1.6728
9.0000 1.5735
10.0000 1.4795
11.0000 1.4473
12.0000 1.3727
13.0000 1.3905
14.0000 1.3824
15.0000 1.4429
16.0000 1.5236
17.0000 1.4364
18.0000 1.3675
19.0000 1.2701
20.0000 1.1876
21.0000 1.1790
22.0000 1.2188
23.0000 1.1202
24.0000 1.1242
25.0000 1.1520
26.0000 1.1541
27.0000 1.0687
28.0000 1.1361
29.0000 1.1886
30.0000 1.2474
31.0000 1.1589
32.0000 1.0643
33.0000 1.0229
34.0000 0.9230
35.0000 0.8297
36.0000 0.7300
37.0000 0.7121
38.0000 0.7953
39.0000 0.8749
40.0000 0.9748
41.0000 1.0008
42.0000 1.0536
43.0000 1.1515
44.0000 1.2276
45.0000 1.1978
46.0000 1.2440
47.0000 1.2042
48.0000 1.1451
49.0000 1.1910
50.0000 1.2284
51.0000 1.2736
52.0000 1.3004
53.0000 1.3111
54.0000 1.3423
55.0000 1.3397
56.0000 1.2761
57.0000 1.2111
58.0000 1.1114
59.0000 1.0433
60.0000 1.0823
61.0000 1.0973
62.0000 1.0326
63.0000 1.0458
64.0000 1.1302
65.0000 1.2287
66.0000 1.2495
67.0000 1.2358
68.0000 1.1666
69.0000 1.2239
70.0000 1.3118
71.0000 1.4115
72.0000 1.4240
73.0000 1.3599
74.0000 1.3077
75.0000 1.2951
76.0000 1.2573
77.0000 1.1714
78.0000 1.0754
79.0000 0.9998
80.0000 1.0606
81.0000 1.0910
82.0000 1.0684
83.0000 1.1233
84.0000 1.0481
85.0000 0.9607
86.0000 0.8637
87.0000 0.8583
88.0000 0.9090
89.0000 1.0078
90.0000 1.1072
91.0000 1.1066
92.0000 1.1073
93.0000 1.0828
94.0000 1.0387
95.0000 1.1253
96.0000 1.2250
97.0000 1.3104
98.0000 1.3904
99.0000 1.4568
100.0000 1.5402
101.0000 1.6094
102.0000 1.7086
103.0000 1.6533
104.0000 1.7527
105.0000 1.8273
106.0000 1.9183
107.0000 1.9369
108.0000 1.8607
109.0000 1.8796
110.0000 1.8558
111.0000 1.8232
112.0000 1.7275
113.0000 1.6374
114.0000 1.7076
115.0000 1.7917
116.0000 1.8075
117.0000 1.8078
118.0000 1.7732
119.0000 1.7339
120.0000 1.8331
121.0000 1.9089
122.0000 1.9890
123.0000 1.9277
124.0000 1.9226
125.0000 1.9481
126.0000 1.9656
127.0000 1.9991
128.0000 2.0550
129.0000 1.9572
130.0000 1.8653
131.0000 1.7696
132.0000 1.6835
133.0000 1.5870
134.0000 1.5289
135.0000 1.4683
136.0000 1.4277
137.0000 1.3498
138.0000 1.3696
139.0000 1.2724
140.0000 1.1770
141.0000 1.2108
142.0000 1.3050
143.0000 1.4011
144.0000 1.4858
145.0000 1.5848
146.0000 1.6826
147.0000 1.7814
148.0000 1.8384
149.0000 1.9325
150.0000 1.9773
