1.0000 2.2151
2.0000 2.1941
3.0000 2.1036
4.0000 2.0201
5.0000 1.9293
6.0000 1.8294
7.0000 1.8311
8.0000 1.8394
9.0000 1.7423
10.0000 1.6893
11.0000 1.6171
12.0000 1.5765
13.0000 1.6156
14.0000 1.6236
15.0000 1.6953
16.0000 1.7716
17.0000 1.8653
18.0000 1.9644
19.0000 2.0318
20.0000 2.1110
21.0000 2.2026
22.0000 2.1813
23.0000 2.1006
24.0000 2.0734
25.0000 2.0978
26.0000 2.0492
27.0000 1.9589
28.0000 1.9226
29.0000 1.8341
30.0000 1.7540
31.0000 1.7367
32.0000 1.6976
33.0000 1.6789
34.0000 1.6983
35.0000 1.7648
36.0000 1.8552
37.0000 1.9510
38.0000 2.0489
39.0000 2.1182
40.0000 2.1502
41.0000 2.2194
42.0000 2.2418
43.0000 2.1445
44.0000 2.0445
45.0000 1.9684
46.0000 1.8688
47.0000 1.7764
48.0000 1.7576
49.0000 1.7200
50.0000 1.6772
51.0000 1.5870
52.0000 1.4957
53.0000 1.5361
54.0000 1.5719
55.0000 1.5259
56.0000 1.4481
57.0000 1.4202
58.0000 1.3275
59.0000 1.2537
60.0000 1.2242
61.0000 1.1919
62.0000 1.2904
63.0000 1.2975
64.0000 1.3571
65.0000 1.3162
66.0000 1.3037
67.0000 1.3217
68.0000 1.3285
69.0000 1.3865
70.0000 1.3903
71.0000 1.2925
72.0000 1.1934
73.0000 1.1129
74.0000 1.1613
75.0000 1.2467
76.0000 1.3467
77.0000 1.4367
78.0000 1.3599
79.0000 1.2602
80.0000 1.1702
81.0000 1.1035
82.0000 1.0306
83.0000 0.9734
84.0000 0.8772
85.0000 0.7990
86.0000 0.8611
87.0000 0.9446
88.0000 0.9983
89.0000 0.9699
90.0000 0.8704
91.0000 0.7912
92.0000 0.7293
93.0000 0.6511
94.0000 0.5620
95.0000 0.4648
96.0000 0.4161
97.0000 0.5129
98.0000 0.5038
99.0000 0.5154
100.0000 0.5773
101.0000 0.4891
102.0000 0.4426
103.0000 0.4471
104.0000 0.5429
105.0000 0.6402
106.0000 0.7401
107.0000 0.8321
108.0000 0.8768
109.0000 0.9749
110.0000 1.0741
111.0000 1.0735
112.0000 0.9773
113.0000 0.9352
114.0000 0.8359
115.0000 0.7652
116.0000 0.6757
117.0000 0.6093
118.0000 0.6573
119.0000 0.5703
120.0000 0.4980
121.0000 0.5171
122.0000 0.4908
123.0000 0.4188
124.0000 0.5185
125.0000 0.5754
126.0000 0.6433
127.0000 0.7421
128.0000 0.8420
129.0000 0.9231
130.0000 0.9812
131.0000 1.0691
132.0000 1.0575
133.0000 1.1349
134.0000 1.0375
135.0000 0.9504
136.0000 0.9218
137.0000 0.8945
138.0000 0.9528
139.0000 1.0514
140.0000 1.1105
141.0000 1.1631
142.0000 1.2170
143.0000 1.2509
144.0000 1.2438
145.0000 1.2516
146.0000 1.2046
147.0000 1.1236
148.0000 1.0368
149.0000 0.9980
150.0000 0.9246
