1.0000 2.1362
2.0000 2.0552
3.0000 2.0541
4.0000 2.0040
5.0000 1.9341
6.0000 1.8719
7.0000 1.9512
8.0000 1.9671
9.0000 1.9941
10.0000 1.9351
11.0000 1.8870
12.0000 1.8223
13.0000 1.7480
14.0000 1.6728
15.0000 1.6371
16.0000 1.5485
17.0000 1.4486
18.0000 1.3760
19.0000 1.3257
20.0000 1.4118
21.0000 1.4550
22.0000 1.4355
23.0000 1.3552
24.0000 1.2564
25.0000 1.1624
26.0000 1.0760
27.0000 0.9761
28.0000 0.9457
29.0000 1.0199
30.0000 1.0223
31.0000 1.1221
32.0000 1.2197
33.0000 1.2935
34.0000 1.3311
35.0000 1.2786
36.0000 1.1883
37.0000 1.1048
38.0000 1.0829
39.0000 1.1774
40.0000 1.2713
41.0000 1.3476
42.0000 1.4399
43.0000 1.5081
44.0000 1.6069
45.0000 1.7060
46.0000 1.7073
47.0000 1.7091
48.0000 1.6276
49.0000 1.5635
50.0000 1.6141
51.0000 1.5587
52.0000 1.4701
53.0000 1.4065
54.0000 1.3848
55.0000 1.3019
56.0000 1.3486
57.0000 1.4482
58.0000 1.5110
59.0000 1.6086
60.0000 1.7062
61.0000 1.7649
62.0000 1.8648
63.0000 1.8164
64.0000 1.7175
65.0000 1.6400
66.0000 1.6130
67.0000 1.6250
68.0000 1.5697
69.0000 1.5101
70.0000 1.4387
71.0000 1.4122
72.0000 1.3575
73.0000 1.2745
74.0000 1.1746
75.0000 1.0847
76.0000 1.0075
77.0000 0.9697
78.0000 0.9189
79.0000 0.8190
80.0000 0.7271
81.0000 0.6320
82.0000 0.5370
83.0000 0.4401
84.0000 0.3427
85.0000 0.2517
86.0000 0.2633
87.0000 0.2522
88.0000 0.2801
89.0000 0.3422
90.0000 0.4395
91.0000 0.5140
92.0000 0.6134
93.0000 0.6965
94.0000 0.7894
95.0000 0.8493
96.0000 0.8716
97.0000 0.9598
98.0000 1.0538
99.0000 1.1157
100.0000 1.1947
101.0000 1.2317
102.0000 1.1414
103.0000 1.0414
104.0000 0.9418
105.0000 0.8449
106.0000 0.7508
107.0000 0.7231
108.0000 0.7847
109.0000 0.8831
110.0000 0.9829
111.0000 1.0797
112.0000 1.1791
113.0000 1.1985
114.0000 1.2362
115.0000 1.2898
116.0000 1.3139
117.0000 1.3194
118.0000 1.3926
119.0000 1.4865
120.0000 1.5862
121.0000 1.6836
122.0000 1.7828
123.0000 1.8682
124.0000 1.9544
125.0000 2.0530
126.0000 2.1505
127.0000 2.2394
128.0000 2.3103
129.0000 2.4002
130.0000 2.4849
131.0000 2.4831
132.0000 2.5788
133.0000 2.5384
134.0000 2.4415
135.0000 2.4900
136.0000 2.5488
137.0000 2.5851
138.0000 2.5517
139.0000 2.5774
140.0000 2.6345
141.0000 2.7045
142.0000 2.6517
143.0000 2.6265
144.0000 2.5577
145.0000 2.5837
146.0000 2.6801
147.0000 2.7034
148.0000 2.6346
149.0000 2.5509
150.0000 2.4870
