1.0000 2.1472
2.0000 2.0501
3.0000 1.9718
4.0000 1.9323
5.0000 1.8465
6.0000 1.7818
7.0000 1.7157
8.0000 1.6479
9.0000 1.5479
10.0000 1.4559
11.0000 1.3561
12.0000 1.2651
13.0000 1.1657
14.0000 1.1968
15.0000 1.2836
16.0000 1.3422
17.0000 1.3376
18.0000 1.2727
19.0000 1.2390
20.0000 1.2266
21.0000 1.1485
22.0000 1.2132
23.0000 1.3111
24.0000 1.2364
25.0000 1.1905
26.0000 1.1518
27.0000 1.0990
28.0000 0.9999
29.0000 0.9005
30.0000 0.8051
31.0000 0.7111
32.0000 0.6328
33.0000 0.5971
34.0000 0.6177
35.0000 0.5439
36.0000 0.5535
37.0000 0.6433
38.0000 0.7190
39.0000 0.7420
40.0000 0.7342
41.0000 0.6723
42.0000 0.6691
43.0000 0.6656
44.0000 0.7064
45.0000 0.7371
46.0000 0.8301
47.0000 0.9292
48.0000 1.0289
49.0000 1.1200
50.0000 1.1943
51.0000 1.2702
52.0000 1.2387
53.0000 1.2415
54.0000 1.2954
55.0000 1.3953
56.0000 1.4739
57.0000 1.5496
58.0000 1.6312
59.0000 1.7199
60.0000 1.7641
61.0000 1.8067
62.0000 1.7729
63.0000 1.6731
64.0000 1.6481
65.0000 1.5653
66.0000 1.4725
67.0000 1.5110
68.0000 1.4943
69.0000 1.4669
70.0000 1.4442
71.0000 1.4211
72.0000 1.4035
73.0000 1.4404
74.0000 1.4898
75.0000 1.4284
76.0000 1.3488
77.0000 1.2696
78.0000 1.2444
79.0000 1.2742
80.0000 1.2713
81.0000 1.2556
82.0000 1.2446
83.0000 1.2825
84.0000 1.3167
85.0000 1.3961
86.0000 1.4941
87.0000 1.5840
88.0000 1.6829
89.0000 1.7658
90.0000 1.8214
91.0000 1.9121
92.0000 1.9895
93.0000 2.0323
94.0000 2.0832
95.0000 2.1829
96.0000 2.2610
97.0000 2.3461
98.0000 2.4245
99.0000 2.5136
100.0000 2.5942
101.0000 2.6531
102.0000 2.5872
103.0000 2.5060
104.0000 2.5022
105.0000 2.6019
106.0000 2.6984
107.0000 2.7978
108.0000 2.8839
109.0000 2.9390
110.0000 2.9616
111.0000 3.0466
112.0000 2.9092
113.0000 2.9174
114.0000 2.9113
115.0000 2.9946
116.0000 3.0678
117.0000 2.9679
118.0000 2.8761
119.0000 2.8460
120.0000 2.8846
121.0000 2.8648
122.0000 2.7669
123.0000 2.6942
124.0000 2.6233
125.0000 2.5463
126.0000 2.5180
127.0000 2.5488
128.0000 2.4955
129.0000 2.4656
130.0000 2.4942
131.0000 2.5848
132.0000 2.5703
133.0000 2.4910
134.0000 2.3942
135.0000 2.2943
136.0000 2.2337
137.0000 2.1771
138.0000 2.0884
139.0000 2.0194
140.0000 1.9436
141.0000 1.8770
142.0000 1.8483
143.0000 1.7980
144.0000 1.7165
145.0000 1.6167
146.0000 1.5940
147.0000 1.5544
148.0000 1.4934
149.0000 1.4138
150.0000 1.3980
