1.0000 2.2379
2.0000 2.2503
3.0000 2.2722
4.0000 2.2654
5.0000 2.1818
6.0000 2.0932
7.0000 2.0281
8.0000 1.9383
9.0000 1.8575
10.0000 1.8215
11.0000 1.7703
12.0000 1.7563
13.0000 1.6852
14.0000 1.6910
15.0000 1.7574
16.0000 1.8511
17.0000 1.9506
18.0000 1.9933
19.0000 2.0610
20.0000 2.0383
21.0000 1.9561
22.0000 1.8737
23.0000 1.7763
24.0000 1.7999
25.0000 1.7425
26.0000 1.8338
27.0000 1.9318
28.0000 2.0050
29.0000 1.9360
30.0000 1.8375
31.0000 1.8008
32.0000 1.7236
33.0000 1.6258
34.0000 1.5263
35.0000 1.4508
36.0000 1.4040
37.0000 1.3480
38.0000 1.3002
39.0000 1.3086
40.0000 1.3847
41.0000 1.4609
42.0000 1.4053
43.0000 1.3105
44.0000 1.2688
45.0000 1.2810
46.0000 1.3295
47.0000 1.3951
48.0000 1.3626
49.0000 1.3912
50.0000 1.4852
51.0000 1.5633
52.0000 1.6617
53.0000 1.7137
54.0000 1.8124
55.0000 1.9114
56.0000 2.0107
57.0000 2.0130
58.0000 1.9965
59.0000 2.0720
60.0000 2.0667
61.0000 2.1318
62.0000 2.1545
63.0000 2.0834
64.0000 1.9905
65.0000 1.8906
66.0000 1.7985
67.0000 1.8496
68.0000 1.9372
69.0000 2.0357
70.0000 2.0154
71.0000 1.9826
72.0000 1.9066
73.0000 1.9286
74.0000 1.8347
75.0000 1.7675
76.0000 1.7929
77.0000 1.8925
78.0000 1.9925
79.0000 2.0867
80.0000 2.1181
81.0000 2.0186
82.0000 1.9981
83.0000 1.9679
84.0000 1.9099
85.0000 1.8497
86.0000 1.7644
87.0000 1.7851
88.0000 1.7553
89.0000 1.7228
90.0000 1.7680
91.0000 1.8498
92.0000 1.9156
93.0000 1.9891
94.0000 2.0850
95.0000 2.1136
96.0000 2.2136
97.0000 2.2432
98.0000 2.3107
99.0000 2.2961
100.0000 2.2839
101.0000 2.2061
102.0000 2.1210
103.0000 2.1724
104.0000 2.2226
105.0000 2.1279
106.0000 2.0375
107.0000 2.0310
108.0000 2.0292
109.0000 2.0483
110.0000 2.1481
111.0000 2.2457
112.0000 2.3456
113.0000 2.4279
114.0000 2.4309
115.0000 2.5048
116.0000 2.5626
117.0000 2.5081
118.0000 2.4133
119.0000 2.3171
120.0000 2.2172
121.0000 2.1196
122.0000 2.0592
123.0000 1.9783
124.0000 1.9152
125.0000 1.8421
126.0000 1.7441
127.0000 1.6444
128.0000 1.5445
129.0000 1.4445
130.0000 1.3665
131.0000 1.4642
132.0000 1.4708
133.0000 1.5695
134.0000 1.6547
135.0000 1.7508
136.0000 1.8338
137.0000 1.8787
138.0000 1.8158
139.0000 1.7227
140.0000 1.6256
141.0000 1.5268
142.0000 1.5034
143.0000 1.4082
144.0000 1.3534
145.0000 1.2552
146.0000 1.2106
147.0000 1.1373
148.0000 1.0655
149.0000 0.9870
150.0000 0.9548
