1.0000 2.2329
2.0000 2.2588
3.0000 2.2290
4.0000 2.1756
5.0000 2.2738
6.0000 2.2928
7.0000 2.3905
8.0000 2.4905
9.0000 2.4801
10.0000 2.3865
11.0000 2.2948
12.0000 2.2266
13.0000 2.2068
14.0000 2.1472
15.0000 2.0591
16.0000 2.0204
17.0000 1.9326
18.0000 1.9122
19.0000 1.9453
20.0000 2.0422
21.0000 2.0904
22.0000 2.0085
23.0000 2.0248
24.0000 1.9497
25.0000 1.9359
26.0000 1.9508
27.0000 1.9220
28.0000 1.9731
29.0000 2.0147
30.0000 2.0978
31.0000 2.1977
32.0000 2.2971
33.0000 2.3957
34.0000 2.4231
35.0000 2.4700
36.0000 2.4313
37.0000 2.3362
38.0000 2.2763
39.0000 2.2551
40.0000 2.1778
41.0000 2.1726
42.0000 2.2242
43.0000 2.3227
44.0000 2.2782
45.0000 2.2339
46.0000 2.2510
47.0000 2.3051
48.0000 2.2082
49.0000 2.1108
50.0000 2.0477
51.0000 1.9517
52.0000 2.0411
53.0000 2.1339
54.0000 2.1955
55.0000 2.2658
56.0000 2.2912
57.0000 2.2562
58.0000 2.1877
59.0000 2.1622
60.0000 2.0634
61.0000 2.0072
62.0000 1.9250
63.0000 1.8263
64.0000 1.7479
65.0000 1.6557
66.0000 1.6390
67.0000 1.7282
68.0000 1.8164
69.0000 1.9135
70.0000 1.9680
71.0000 2.0377
72.0000 2.1372
73.0000 2.1292
74.0000 2.1281
75.0000 2.2158
76.0000 2.3074
77.0000 2.4060
78.0000 2.4752
79.0000 2.3967
80.0000 2.3431
81.0000 2.3389
82.0000 2.4120
83.0000 2.5112
84.0000 2.6099
85.0000 2.6759
86.0000 2.7471
87.0000 2.8364
88.0000 2.7939
89.0000 2.7473
90.0000 2.7061
91.0000 2.7193
92.0000 2.7338
93.0000 2.7114
94.0000 2.6822
95.0000 2.6904
96.0000 2.5992
97.0000 2.5768
98.0000 2.6257
99.0000 2.7063
100.0000 2.6802
101.0000 2.6383
102.0000 2.6806
103.0000 2.6223
104.0000 2.5580
105.0000 2.6013
106.0000 2.7009
107.0000 2.7877
108.0000 2.8683
109.0000 2.8392
110.0000 2.7405
111.0000 2.6408
112.0000 2.5487
113.0000 2.4584
114.0000 2.3899
115.0000 2.3515
116.0000 2.2774
117.0000 2.1819
118.0000 2.0819
119.0000 2.0696
120.0000 2.1440
121.0000 2.1990
122.0000 2.2758
123.0000 2.2630
124.0000 2.1922
125.0000 2.0930
126.0000 2.0122
127.0000 1.9127
128.0000 1.8702
129.0000 1.7762
130.0000 1.7474
131.0000 1.8217
132.0000 1.7372
133.0000 1.6628
134.0000 1.6107
135.0000 1.5977
136.0000 1.6285
137.0000 1.7182
138.0000 1.7881
139.0000 1.8594
140.0000 1.9280
141.0000 1.9683
142.0000 2.0131
143.0000 2.1126
144.0000 2.1424
145.0000 2.0530
146.0000 2.0083
147.0000 2.0096
148.0000 1.9806
149.0000 1.9001
150.0000 1.8560
