1.0000 2.2695
2.0000 2.2882
3.0000 2.1937
4.0000 2.1051
5.0000 2.1628
6.0000 2.0795
7.0000 2.0415
8.0000 1.9415
9.0000 1.8529
10.0000 1.8553
11.0000 1.9116
12.0000 1.9574
13.0000 2.0573
14.0000 2.1116
15.0000 2.0152
16.0000 1.9365
17.0000 1.9453
18.0000 1.9931
19.0000 2.0348
20.0000 2.0444
21.0000 2.0252
22.0000 2.0569
23.0000 2.1406
24.0000 2.2194
25.0000 2.2235
26.0000 2.1418
27.0000 2.0433
28.0000 1.9526
29.0000 1.9408
30.0000 1.8838
31.0000 1.8061
32.0000 1.8916
33.0000 1.9427
34.0000 2.0405
35.0000 2.0556
36.0000 1.9657
37.0000 1.8699
38.0000 1.7786
39.0000 1.6884
40.0000 1.6007
41.0000 1.5018
42.0000 1.5805
43.0000 1.6152
44.0000 1.6275
45.0000 1.6726
46.0000 1.7710
47.0000 1.8320
48.0000 1.8757
49.0000 1.9126
50.0000 1.9544
51.0000 1.9153
52.0000 1.8403
53.0000 1.9290
54.0000 2.0005
55.0000 2.0385
56.0000 2.1111
57.0000 2.1556
58.0000 2.1447
59.0000 2.0605
60.0000 1.9610
61.0000 1.8620
62.0000 1.7676
63.0000 1.6677
64.0000 1.5727
65.0000 1.5303
66.0000 1.4674
67.0000 1.4071
68.0000 1.3071
69.0000 1.3722
70.0000 1.3138
71.0000 1.2261
72.0000 1.1384
73.0000 1.0431
74.0000 0.9441
75.0000 0.8465
76.0000 0.7465
77.0000 0.6485
78.0000 0.5760
79.0000 0.4835
80.0000 0.3889
81.0000 0.2927
82.0000 0.2493
83.0000 0.2455
84.0000 0.3416
85.0000 0.4396
86.0000 0.5395
87.0000 0.6367
88.0000 0.7359
89.0000 0.8105
90.0000 0.8117
91.0000 0.8536
92.0000 0.9121
93.0000 0.9911
94.0000 1.0811
95.0000 1.1690
96.0000 1.2677
97.0000 1.3470
98.0000 1.4469
99.0000 1.5236
100.0000 1.6232
101.0000 1.7137
102.0000 1.8047
103.0000 1.9038
104.0000 1.9475
105.0000 1.8687
106.0000 1.7914
107.0000 1.8015
108.0000 1.8853
109.0000 1.9346
110.0000 1.9789
111.0000 1.9363
112.0000 1.8425
113.0000 1.8201
114.0000 1.8439
115.0000 1.7507
116.0000 1.6622
117.0000 1.5817
118.0000 1.4894
119.0000 1.4597
120.0000 1.5563
121.0000 1.4616
122.0000 1.3741
123.0000 1.2815
124.0000 1.2154
125.0000 1.1319
126.0000 1.0928
127.0000 1.0876
128.0000 0.9914
129.0000 0.8929
130.0000 0.9481
131.0000 0.9959
132.0000 0.9543
133.0000 0.8595
134.0000 0.7596
135.0000 0.6718
136.0000 0.7053
137.0000 0.7558
138.0000 0.7753
139.0000 0.8321
140.0000 0.9242
141.0000 1.0022
142.0000 1.0994
143.0000 1.1232
144.0000 1.2182
145.0000 1.2742
146.0000 1.1950
147.0000 1.1120
148.0000 1.0153
149.0000 0.9262
150.0000 0.9995
