1.0000 2.1887
2.0000 2.1360
3.0000 2.0748
4.0000 1.9767
5.0000 1.9022
6.0000 1.8059
7.0000 1.7186
8.0000 1.7089
9.0000 1.7961
10.0000 1.7874
11.0000 1.7204
12.0000 1.7928
13.0000 1.8916
14.0000 1.9241
15.0000 1.9936
16.0000 2.0928
17.0000 2.0458
18.0000 1.9459
19.0000 1.8495
20.0000 1.8360
21.0000 1.7465
22.0000 1.7525
23.0000 1.7395
24.0000 1.6395
25.0000 1.6328
26.0000 1.7210
27.0000 1.7721
28.0000 1.7423
29.0000 1.8100
30.0000 1.7505
31.0000 1.7183
32.0000 1.6190
33.0000 1.5192
34.0000 1.4265
35.0000 1.3932
36.0000 1.3735
37.0000 1.4020
38.0000 1.3661
39.0000 1.4035
40.0000 1.4311
41.0000 1.3674
42.0000 1.3770
43.0000 1.4636
44.0000 1.5194
45.0000 1.6025
46.0000 1.6865
47.0000 1.7520
48.0000 1.8177
49.0000 1.8935
50.0000 1.9371
51.0000 2.0368
52.0000 2.1319
53.0000 2.2021
54.0000 2.2809
55.0000 2.2096
56.0000 2.1694
57.0000 2.1212
58.0000 2.1931
59.0000 2.2846
60.0000 2.3846
61.0000 2.4536
62.0000 2.4539
63.0000 2.3731
64.0000 2.3961
65.0000 2.3893
66.0000 2.2925
67.0000 2.1926
68.0000 2.0975
69.0000 1.9989
70.0000 2.0543
71.0000 2.1402
72.0000 2.2216
73.0000 2.1421
74.0000 2.0652
75.0000 2.0328
76.0000 1.9526
77.0000 1.8809
78.0000 1.7893
79.0000 1.7003
80.0000 1.6004
81.0000 1.5258
82.0000 1.4969
83.0000 1.5150
84.0000 1.4728
85.0000 1.4267
86.0000 1.3855
87.0000 1.3363
88.0000 1.2764
89.0000 1.2991
90.0000 1.3985
91.0000 1.3986
92.0000 1.3002
93.0000 1.2628
94.0000 1.1836
95.0000 1.0907
96.0000 1.0116
97.0000 0.9118
98.0000 0.8330
99.0000 0.7341
100.0000 0.7370
101.0000 0.6856
102.0000 0.7808
103.0000 0.8705
104.0000 0.9536
105.0000 1.0445
106.0000 1.1443
107.0000 1.2363
108.0000 1.3334
109.0000 1.3557
110.0000 1.3111
111.0000 1.3625
112.0000 1.4381
113.0000 1.5373
114.0000 1.6102
115.0000 1.6830
116.0000 1.6798
117.0000 1.5950
118.0000 1.5131
119.0000 1.4798
120.0000 1.4820
121.0000 1.4755
122.0000 1.5064
123.0000 1.4649
124.0000 1.5326
125.0000 1.5563
126.0000 1.4724
127.0000 1.4077
128.0000 1.3711
129.0000 1.2718
130.0000 1.1860
131.0000 1.0971
132.0000 1.0000
133.0000 0.9136
134.0000 0.8169
135.0000 0.7833
136.0000 0.6873
137.0000 0.6668
138.0000 0.5820
139.0000 0.5001
140.0000 0.5926
141.0000 0.6895
142.0000 0.7105
143.0000 0.7971
144.0000 0.8475
145.0000 0.9327
146.0000 1.0214
147.0000 1.0380
148.0000 1.1228
149.0000 1.2173
150.0000 1.3138
