1.0000 2.1713
2.0000 2.1120
3.0000 2.0585
4.0000 2.0467
5.0000 2.1092
6.0000 2.1627
7.0000 2.2320
8.0000 2.1556
9.0000 2.0575
10.0000 2.0028
11.0000 2.0629
12.0000 2.1537
13.0000 2.2428
14.0000 2.2783
15.0000 2.2567
16.0000 2.1714
17.0000 2.1686
18.0000 2.2635
19.0000 2.2765
20.0000 2.2740
21.0000 2.3104
22.0000 2.3547
23.0000 2.3867
24.0000 2.4202
25.0000 2.3253
26.0000 2.2314
27.0000 2.3136
28.0000 2.3926
29.0000 2.4911
30.0000 2.5902
31.0000 2.6309
32.0000 2.6656
33.0000 2.6323
34.0000 2.5333
35.0000 2.4842
36.0000 2.3849
37.0000 2.2851
38.0000 2.2669
39.0000 2.3426
40.0000 2.2892
41.0000 2.3002
42.0000 2.3414
43.0000 2.3862
44.0000 2.3334
45.0000 2.2729
46.0000 2.2559
47.0000 2.3505
48.0000 2.4499
49.0000 2.4889
50.0000 2.4031
51.0000 2.3489
52.0000 2.2597
53.0000 2.2414
54.0000 2.2144
55.0000 2.1145
56.0000 2.0418
57.0000 2.0523
58.0000 2.0603
59.0000 2.0724
60.0000 2.0076
61.0000 1.9813
62.0000 1.9695
63.0000 1.9859
64.0000 2.0293
65.0000 2.0919
66.0000 1.9961
67.0000 1.8965
68.0000 1.8016
69.0000 1.8085
70.0000 1.7195
71.0000 1.7107
72.0000 1.8020
73.0000 1.8760
74.0000 1.8492
75.0000 1.8862
76.0000 1.9112
77.0000 1.9323
78.0000 1.9323
79.0000 2.0010
80.0000 1.9315
81.0000 1.8350
82.0000 1.7826
83.0000 1.7671
84.0000 1.8456
85.0000 1.9191
86.0000 1.8842
87.0000 1.9449
88.0000 1.9950
89.0000 2.0005
90.0000 1.9810
91.0000 1.9158
92.0000 1.9233
93.0000 1.9745
94.0000 1.9449
95.0000 2.0305
96.0000 2.1200
97.0000 2.1864
98.0000 2.2199
99.0000 2.3084
100.0000 2.3147
101.0000 2.3951
102.0000 2.3892
103.0000 2.3216
104.0000 2.3276
105.0000 2.2608
106.0000 2.1629
107.0000 2.0714
108.0000 1.9781
109.0000 1.9022
110.0000 1.8187
111.0000 1.7223
112.0000 1.6677
113.0000 1.7660
114.0000 1.8548
115.0000 1.9116
116.0000 1.9936
117.0000 2.0723
118.0000 2.1666
119.0000 2.1268
120.0000 2.0305
121.0000 1.9305
122.0000 1.8322
123.0000 1.7359
124.0000 1.6490
125.0000 1.6496
126.0000 1.7484
127.0000 1.7995
128.0000 1.7826
129.0000 1.7897
130.0000 1.8322
131.0000 1.7323
132.0000 1.7069
133.0000 1.6313
134.0000 1.6271
135.0000 1.5352
136.0000 1.5357
137.0000 1.4380
138.0000 1.3724
139.0000 1.3689
140.0000 1.3004
141.0000 1.2264
142.0000 1.1264
143.0000 1.1147
144.0000 1.0546
145.0000 0.9834
146.0000 1.0486
147.0000 1.1268
148.0000 1.2222
149.0000 1.3190
150.0000 1.4182
