1.0000 2.1536
2.0000 2.0589
3.0000 2.0696
4.0000 2.0601
5.0000 2.0734
6.0000 2.1352
7.0000 2.1974
8.0000 2.2046
9.0000 2.1665
10.0000 2.1163
11.0000 2.0189
12.0000 1.9244
13.0000 1.8572
14.0000 1.7668
15.0000 1.6935
16.0000 1.7252
17.0000 1.8233
18.0000 1.9056
19.0000 1.9775
20.0000 1.9564
21.0000 1.8938
22.0000 1.8157
23.0000 1.8091
24.0000 1.8603
25.0000 1.9327
26.0000 1.9552
27.0000 1.8747
28.0000 1.7836
29.0000 1.7989
30.0000 1.6997
31.0000 1.6018
32.0000 1.5794
33.0000 1.5666
34.0000 1.5930
35.0000 1.6083
36.0000 1.6992
37.0000 1.7841
38.0000 1.8831
39.0000 1.9727
40.0000 2.0515
41.0000 2.1489
42.0000 2.2327
43.0000 2.2902
44.0000 2.3880
45.0000 2.4802
46.0000 2.5783
47.0000 2.6783
48.0000 2.7744
49.0000 2.7903
50.0000 2.7811
51.0000 2.6848
52.0000 2.6121
53.0000 2.5240
54.0000 2.4303
55.0000 2.3811
56.0000 2.3136
57.0000 2.2270
58.0000 2.1934
59.0000 2.1534
60.0000 2.0821
61.0000 1.9838
62.0000 1.9006
63.0000 1.8028
64.0000 1.7170
65.0000 1.6333
66.0000 1.5440
67.0000 1.4504
68.0000 1.3593
69.0000 1.2750
70.0000 1.2827
71.0000 1.1975
72.0000 1.1183
73.0000 1.0375
74.0000 0.9461
75.0000 0.9443
76.0000 0.9126
77.0000 0.9104
78.0000 0.8320
79.0000 0.8356
80.0000 0.9116
81.0000 1.0112
82.0000 1.0909
83.0000 1.1909
84.0000 1.2818
85.0000 1.3467
86.0000 1.4410
87.0000 1.5282
88.0000 1.6105
89.0000 1.6885
90.0000 1.7674
91.0000 1.8573
92.0000 1.9248
93.0000 1.8658
94.0000 1.8837
95.0000 1.7925
96.0000 1.7110
97.0000 1.6316
98.0000 1.5579
99.0000 1.4663
100.0000 1.3730
101.0000 1.2868
102.0000 1.2044
103.0000 1.1274
104.0000 1.1736
105.0000 1.2704
106.0000 1.3604
107.0000 1.4382
108.0000 1.5219
109.0000 1.4220
110.0000 1.3315
111.0000 1.2329
112.0000 1.2245
113.0000 1.1908
114.0000 1.2293
115.0000 1.3204
116.0000 1.3860
117.0000 1.4687
118.0000 1.5382
119.0000 1.6264
120.0000 1.6925
121.0000 1.7680
122.0000 1.8333
123.0000 1.9327
124.0000 1.9239
125.0000 1.8988
126.0000 1.9860
127.0000 2.0066
128.0000 1.9745
129.0000 1.9870
130.0000 1.9178
131.0000 1.8574
132.0000 1.7576
133.0000 1.6810
134.0000 1.5840
135.0000 1.5672
136.0000 1.5308
137.0000 1.4369
138.0000 1.5047
139.0000 1.5739
140.0000 1.6303
141.0000 1.7100
142.0000 1.7750
143.0000 1.8575
144.0000 1.9419
145.0000 1.9246
146.0000 1.8807
147.0000 1.7842
148.0000 1.6875
149.0000 1.5923
150.0000 1.5041
