1.0000 2.1676
2.0000 2.1752
3.0000 2.0850
4.0000 2.0163
5.0000 2.0163
6.0000 1.9941
7.0000 1.9766
8.0000 2.0212
9.0000 2.0241
10.0000 2.0124
11.0000 1.9756
12.0000 1.9058
13.0000 1.8870
14.0000 1.9863
15.0000 2.0623
16.0000 2.0887
17.0000 2.1878
18.0000 2.2460
19.0000 2.3430
20.0000 2.4278
21.0000 2.5149
22.0000 2.6116
23.0000 2.6956
24.0000 2.6398
25.0000 2.6185
26.0000 2.5357
27.0000 2.4665
28.0000 2.4626
29.0000 2.5625
30.0000 2.4979
31.0000 2.5105
32.0000 2.4548
33.0000 2.4081
34.0000 2.3500
35.0000 2.3199
36.0000 2.2325
37.0000 2.1674
38.0000 2.0698
39.0000 1.9704
40.0000 1.9034
41.0000 1.8043
42.0000 1.7097
43.0000 1.6108
44.0000 1.5109
45.0000 1.4122
46.0000 1.3132
47.0000 1.2399
48.0000 1.1410
49.0000 1.0494
50.0000 1.0503
51.0000 1.1144
52.0000 1.1805
53.0000 1.2084
54.0000 1.2081
55.0000 1.1092
56.0000 1.0184
57.0000 0.9185
58.0000 0.8503
59.0000 0.7814
60.0000 0.7828
61.0000 0.6828
62.0000 0.5844
63.0000 0.4922
64.0000 0.5348
65.0000 0.4841
66.0000 0.5688
67.0000 0.4688
68.0000 0.3817
69.0000 0.3724
70.0000 0.3620
71.0000 0.4090
72.0000 0.3891
73.0000 0.4276
74.0000 0.4945
75.0000 0.5368
76.0000 0.5597
77.0000 0.4812
78.0000 0.4638
79.0000 0.4430
80.0000 0.4470
81.0000 0.4449
82.0000 0.4953
83.0000 0.5399
84.0000 0.5550
85.0000 0.5853
86.0000 0.5022
87.0000 0.4172
88.0000 0.3173
89.0000 0.2242
90.0000 0.1485
91.0000 0.1266
92.0000 0.0674
93.0000 0.0913
94.0000 0.0388
95.0000 0.1295
96.0000 0.2286
97.0000 0.1766
98.0000 0.1511
99.0000 0.1681
100.0000 0.2205
101.0000 0.2940
102.0000 0.3492
103.0000 0.4208
104.0000 0.5051
105.0000 0.5375
106.0000 0.6159
107.0000 0.7117
108.0000 0.8004
109.0000 0.8906
110.0000 0.9628
111.0000 0.9962
112.0000 1.0074
113.0000 1.0823
114.0000 1.1523
115.0000 1.1854
116.0000 1.1908
117.0000 1.2096
118.0000 1.1833
119.0000 1.1598
120.0000 1.1498
121.0000 1.1907
122.0000 1.2858
123.0000 1.3554
124.0000 1.4521
125.0000 1.4648
126.0000 1.3725
127.0000 1.2828
128.0000 1.1829
129.0000 1.1049
130.0000 1.0697
131.0000 1.1464
132.0000 1.2102
133.0000 1.2386
134.0000 1.3334
135.0000 1.3392
136.0000 1.3825
137.0000 1.3715
138.0000 1.3055
139.0000 1.2181
140.0000 1.1182
141.0000 1.0182
142.0000 0.9182
143.0000 0.8409
144.0000 0.7497
145.0000 0.7577
146.0000 0.8473
147.0000 0.8983
148.0000 0.8591
149.0000 0.7721
150.0000 0.6786
