1.0000 2.1361
2.0000 2.0370
3.0000 1.9494
4.0000 1.8780
5.0000 1.8866
6.0000 1.9856
7.0000 2.0028
8.0000 2.0360
9.0000 1.9656
10.0000 1.9813
11.0000 1.9226
12.0000 1.9618
13.0000 1.8919
14.0000 1.9805
15.0000 2.0355
16.0000 1.9536
17.0000 1.8575
18.0000 1.7678
19.0000 1.7134
20.0000 1.6674
21.0000 1.7169
22.0000 1.7759
23.0000 1.8734
24.0000 1.9346
25.0000 2.0152
26.0000 2.0254
27.0000 2.0320
28.0000 2.0214
29.0000 2.1068
30.0000 2.1900
31.0000 2.2143
32.0000 2.2365
33.0000 2.2656
34.0000 2.3645
35.0000 2.4444
36.0000 2.4576
37.0000 2.3709
38.0000 2.3032
39.0000 2.2696
40.0000 2.1697
41.0000 2.0889
42.0000 2.0365
43.0000 1.9837
44.0000 2.0213
45.0000 2.0316
46.0000 2.1126
47.0000 2.2126
48.0000 2.2837
49.0000 2.2576
50.0000 2.3373
51.0000 2.4099
52.0000 2.3741
53.0000 2.2850
54.0000 2.1922
55.0000 2.1120
56.0000 2.0252
57.0000 1.9941
58.0000 1.9531
59.0000 1.9780
60.0000 2.0325
61.0000 2.0973
62.0000 2.1893
63.0000 2.2303
64.0000 2.2476
65.0000 2.2849
66.0000 2.3574
67.0000 2.4470
68.0000 2.4987
69.0000 2.4981
70.0000 2.4570
71.0000 2.4195
72.0000 2.3379
73.0000 2.2956
74.0000 2.2968
75.0000 2.1976
76.0000 2.0992
77.0000 2.1218
78.0000 2.2015
79.0000 2.2757
80.0000 2.2346
81.0000 2.2532
82.0000 2.3117
83.0000 2.3481
84.0000 2.2785
85.0000 2.2288
86.0000 2.2366
87.0000 2.2506
88.0000 2.1696
89.0000 2.1613
90.0000 2.0943
91.0000 2.1238
92.0000 2.1795
93.0000 2.2791
94.0000 2.3395
95.0000 2.3701
96.0000 2.2915
97.0000 2.2032
98.0000 2.1518
99.0000 2.1257
100.0000 2.1034
101.0000 2.1423
102.0000 2.0689
103.0000 1.9705
104.0000 1.8892
105.0000 1.8071
106.0000 1.7768
107.0000 1.6800
108.0000 1.5817
109.0000 1.5233
110.0000 1.6016
111.0000 1.6999
112.0000 1.7364
113.0000 1.6654
114.0000 1.6302
115.0000 1.5700
116.0000 1.5103
117.0000 1.5086
118.0000 1.5798
119.0000 1.6566
120.0000 1.7562
121.0000 1.8462
122.0000 1.9171
123.0000 1.9536
124.0000 1.9417
125.0000 1.8876
126.0000 1.9504
127.0000 2.0504
128.0000 2.1098
129.0000 2.0623
130.0000 2.1253
131.0000 2.1890
132.0000 2.2817
133.0000 2.2971
134.0000 2.3857
135.0000 2.3665
136.0000 2.4340
137.0000 2.5228
138.0000 2.5385
139.0000 2.5956
140.0000 2.5616
141.0000 2.5324
142.0000 2.4984
143.0000 2.4239
144.0000 2.4361
145.0000 2.4013
146.0000 2.3013
147.0000 2.2240
148.0000 2.1329
149.0000 2.0544
150.0000 2.0446
