1.0000 2.1474
2.0000 2.0497
3.0000 1.9555
4.0000 1.8679
5.0000 1.8215
6.0000 1.8465
7.0000 1.8485
8.0000 1.8966
9.0000 1.9206
10.0000 1.9563
11.0000 1.8732
12.0000 1.8258
13.0000 1.7408
14.0000 1.7474
15.0000 1.8461
16.0000 1.9044
17.0000 1.9813
18.0000 1.9877
19.0000 1.8931
20.0000 1.7956
21.0000 1.6999
22.0000 1.6027
23.0000 1.5795
24.0000 1.5712
25.0000 1.4888
26.0000 1.4013
27.0000 1.3051
28.0000 1.2052
29.0000 1.1399
30.0000 1.1115
31.0000 1.0844
32.0000 1.0011
33.0000 0.9011
34.0000 0.8019
35.0000 0.7088
36.0000 0.6105
37.0000 0.5232
38.0000 0.4232
39.0000 0.4276
40.0000 0.4624
41.0000 0.4345
42.0000 0.4554
43.0000 0.4109
44.0000 0.4001
45.0000 0.4526
46.0000 0.5337
47.0000 0.6320
48.0000 0.7140
49.0000 0.8028
50.0000 0.7186
51.0000 0.6833
52.0000 0.7826
53.0000 0.8445
54.0000 0.9444
55.0000 1.0437
56.0000 1.1180
57.0000 1.2180
58.0000 1.2650
59.0000 1.3327
60.0000 1.3703
61.0000 1.3507
62.0000 1.2638
63.0000 1.1803
64.0000 1.0834
65.0000 1.0108
66.0000 0.9140
67.0000 0.8216
68.0000 0.7261
69.0000 0.6479
70.0000 0.5623
71.0000 0.4733
72.0000 0.4184
73.0000 0.3271
74.0000 0.2530
75.0000 0.1746
76.0000 0.1022
77.0000 0.0619
78.0000 0.0865
79.0000 0.1858
80.0000 0.2742
81.0000 0.3696
82.0000 0.3358
83.0000 0.2373
84.0000 0.2148
85.0000 0.2181
86.0000 0.3152
87.0000 0.4119
88.0000 0.4896
89.0000 0.4499
90.0000 0.3974
91.0000 0.4576
92.0000 0.5560
93.0000 0.6155
94.0000 0.5829
95.0000 0.5033
96.0000 0.4377
97.0000 0.4997
98.0000 0.5622
99.0000 0.5552
100.0000 0.4562
101.0000 0.4033
102.0000 0.4696
103.0000 0.5246
104.0000 0.4941
105.0000 0.4515
106.0000 0.4321
107.0000 0.3634
108.0000 0.3197
109.0000 0.3026
110.0000 0.3951
111.0000 0.4948
112.0000 0.5027
113.0000 0.5530
114.0000 0.6443
115.0000 0.7307
116.0000 0.8298
117.0000 0.9297
118.0000 1.0291
119.0000 1.0357
120.0000 0.9741
121.0000 0.9963
122.0000 1.0963
123.0000 1.1512
124.0000 1.2008
125.0000 1.2584
126.0000 1.3459
127.0000 1.4196
128.0000 1.4471
129.0000 1.4363
130.0000 1.4827
131.0000 1.5710
132.0000 1.5922
133.0000 1.5742
134.0000 1.5474
135.0000 1.5934
136.0000 1.5922
137.0000 1.4958
138.0000 1.4587
139.0000 1.3655
140.0000 1.2704
141.0000 1.1801
142.0000 1.0801
143.0000 1.0776
144.0000 0.9975
145.0000 0.9949
146.0000 0.9965
147.0000 1.0931
148.0000 1.1930
149.0000 1.2710
150.0000 1.3685
