1.0000 2.2113
2.0000 2.2530
3.0000 2.2486
4.0000 2.3318
5.0000 2.3905
6.0000 2.4847
7.0000 2.4794
8.0000 2.3804
9.0000 2.2905
10.0000 2.3602
11.0000 2.3677
12.0000 2.3088
13.0000 2.2121
14.0000 2.1320
15.0000 2.0582
16.0000 1.9699
17.0000 1.9769
18.0000 2.0402
19.0000 2.1371
20.0000 2.2080
21.0000 2.2588
22.0000 2.2802
23.0000 2.3518
24.0000 2.2758
25.0000 2.1906
26.0000 2.1619
27.0000 2.2619
28.0000 2.3508
29.0000 2.4030
30.0000 2.4526
31.0000 2.4905
32.0000 2.5494
33.0000 2.5805
34.0000 2.6178
35.0000 2.7126
36.0000 2.8003
37.0000 2.7776
38.0000 2.6809
39.0000 2.5916
40.0000 2.5148
41.0000 2.5143
42.0000 2.4764
43.0000 2.4141
44.0000 2.3267
45.0000 2.4204
46.0000 2.5169
47.0000 2.4812
48.0000 2.4895
49.0000 2.4765
50.0000 2.4786
51.0000 2.3802
52.0000 2.2841
53.0000 2.2039
54.0000 2.2657
55.0000 2.3653
56.0000 2.4579
57.0000 2.5466
58.0000 2.5690
59.0000 2.5934
60.0000 2.5588
61.0000 2.6366
62.0000 2.7096
63.0000 2.6346
64.0000 2.5351
65.0000 2.4529
66.0000 2.3697
67.0000 2.3258
68.0000 2.2578
69.0000 2.2013
70.0000 2.2763
71.0000 2.3725
72.0000 2.3725
73.0000 2.2809
74.0000 2.2070
75.0000 2.1516
76.0000 2.0901
77.0000 2.1016
78.0000 2.1441
79.0000 2.0569
80.0000 1.9629
81.0000 1.9702
82.0000 1.8895
83.0000 1.8405
84.0000 1.7744
85.0000 1.6969
86.0000 1.5980
87.0000 1.5634
88.0000 1.4811
89.0000 1.3814
90.0000 1.3104
91.0000 1.2432
92.0000 1.1735
93.0000 1.1345
94.0000 1.0926
95.0000 1.0011
96.0000 0.9057
97.0000 0.8243
98.0000 0.7320
99.0000 0.6961
100.0000 0.6858
101.0000 0.7482
102.0000 0.8031
103.0000 0.8995
104.0000 0.9689
105.0000 1.0646
106.0000 1.1187
107.0000 1.1095
108.0000 1.1249
109.0000 1.0778
110.0000 0.9842
111.0000 0.9025
112.0000 0.9371
113.0000 0.9931
114.0000 0.9596
115.0000 0.9376
116.0000 0.8639
117.0000 0.7676
118.0000 0.6676
119.0000 0.6111
120.0000 0.5210
121.0000 0.5003
122.0000 0.5199
123.0000 0.4611
124.0000 0.5189
125.0000 0.5552
126.0000 0.5089
127.0000 0.4381
128.0000 0.4214
129.0000 0.4471
130.0000 0.5164
131.0000 0.6115
132.0000 0.5152
133.0000 0.4178
134.0000 0.3305
135.0000 0.3265
136.0000 0.4024
137.0000 0.4632
138.0000 0.5631
139.0000 0.5836
140.0000 0.6721
141.0000 0.7052
142.0000 0.7417
143.0000 0.7618
144.0000 0.6623
145.0000 0.5915
146.0000 0.4918
147.0000 0.4606
148.0000 0.4479
149.0000 0.4060
150.0000 0.4428
