1.0000 2.1875
2.0000 2.1522
3.0000 2.0641
4.0000 1.9766
5.0000 1.8881
6.0000 1.8140
7.0000 1.8121
8.0000 1.7338
9.0000 1.6655
10.0000 1.6956
11.0000 1.6457
12.0000 1.7455
13.0000 1.8004
14.0000 1.8952
15.0000 1.9174
16.0000 1.9191
17.0000 1.9322
18.0000 1.8409
19.0000 1.7632
20.0000 1.6664
21.0000 1.5669
22.0000 1.5890
23.0000 1.5128
24.0000 1.4256
25.0000 1.3274
26.0000 1.2497
27.0000 1.2124
28.0000 1.1770
29.0000 1.2238
30.0000 1.2251
31.0000 1.1414
32.0000 1.1015
33.0000 1.2014
34.0000 1.2966
35.0000 1.3661
36.0000 1.3634
37.0000 1.4627
38.0000 1.5525
39.0000 1.6490
40.0000 1.6914
41.0000 1.7803
42.0000 1.8670
43.0000 1.8353
44.0000 1.8861
45.0000 1.9742
46.0000 2.0662
47.0000 2.0461
48.0000 2.1044
49.0000 2.1360
50.0000 2.1521
51.0000 2.2082
52.0000 2.2423
53.0000 2.1434
54.0000 2.0954
55.0000 2.0189
56.0000 1.9730
57.0000 1.9124
58.0000 1.9374
59.0000 1.9299
60.0000 1.9036
61.0000 1.8046
62.0000 1.7046
63.0000 1.6564
64.0000 1.5957
65.0000 1.6443
66.0000 1.7400
67.0000 1.8241
68.0000 1.8526
69.0000 1.7705
70.0000 1.7203
71.0000 1.6255
72.0000 1.5446
73.0000 1.5813
74.0000 1.4868
75.0000 1.4014
76.0000 1.3044
77.0000 1.2049
78.0000 1.1054
79.0000 1.0057
80.0000 0.9522
81.0000 0.9031
82.0000 0.8071
83.0000 0.7305
84.0000 0.6310
85.0000 0.6110
86.0000 0.6281
87.0000 0.7046
88.0000 0.8032
89.0000 0.9032
90.0000 0.9937
91.0000 1.0841
92.0000 1.1439
93.0000 1.1403
94.0000 1.0632
95.0000 0.9632
96.0000 0.8694
97.0000 0.7955
98.0000 0.7676
99.0000 0.7292
100.0000 0.6584
101.0000 0.5635
102.0000 0.4771
103.0000 0.3772
104.0000 0.2797
105.0000 0.2150
106.0000 0.3126
107.0000 0.4121
108.0000 0.4864
109.0000 0.5453
110.0000 0.5816
111.0000 0.6517
112.0000 0.7455
113.0000 0.8362
114.0000 0.8928
115.0000 0.8889
116.0000 0.8156
117.0000 0.7539
118.0000 0.6681
119.0000 0.6638
120.0000 0.6762
121.0000 0.7532
122.0000 0.7588
123.0000 0.8463
124.0000 0.8572
125.0000 0.7772
126.0000 0.7633
127.0000 0.7723
128.0000 0.8622
129.0000 0.8510
130.0000 0.9071
131.0000 0.9939
132.0000 1.0861
133.0000 1.1394
134.0000 1.1305
135.0000 1.1660
136.0000 1.2627
137.0000 1.3125
138.0000 1.4122
139.0000 1.4669
140.0000 1.5400
141.0000 1.5534
142.0000 1.6265
143.0000 1.6716
144.0000 1.7636
145.0000 1.8500
146.0000 1.8968
147.0000 1.8523
148.0000 1.8069
149.0000 1.7410
150.0000 1.7749
