1.0000 2.1373
2.0000 2.0411
3.0000 2.0230
4.0000 2.0057
5.0000 1.9488
6.0000 2.0160
7.0000 1.9324
8.0000 1.8349
9.0000 1.8749
10.0000 1.8618
11.0000 1.7745
12.0000 1.6746
13.0000 1.5751
14.0000 1.5296
15.0000 1.4337
16.0000 1.3340
17.0000 1.2363
18.0000 1.2723
19.0000 1.2864
20.0000 1.3622
21.0000 1.2973
22.0000 1.3393
23.0000 1.4108
24.0000 1.5104
25.0000 1.4810
26.0000 1.4736
27.0000 1.3950
28.0000 1.4420
29.0000 1.5381
30.0000 1.6373
31.0000 1.7363
32.0000 1.8031
33.0000 1.9020
34.0000 1.8621
35.0000 1.7747
36.0000 1.6869
37.0000 1.7546
38.0000 1.7985
39.0000 1.8310
40.0000 1.9297
41.0000 2.0178
42.0000 2.0982
43.0000 2.1829
44.0000 2.2828
45.0000 2.2291
46.0000 2.1763
47.0000 2.0764
48.0000 1.9789
49.0000 2.0060
50.0000 2.0982
51.0000 2.1961
52.0000 2.2444
53.0000 2.1568
54.0000 2.0946
55.0000 1.9984
56.0000 1.9406
57.0000 1.8867
58.0000 1.9393
59.0000 1.8549
60.0000 1.8448
61.0000 1.9086
62.0000 1.9492
63.0000 1.9768
64.0000 1.9687
65.0000 2.0579
66.0000 2.1569
67.0000 2.1842
68.0000 2.1920
69.0000 2.2197
70.0000 2.2049
71.0000 2.2457
72.0000 2.3164
73.0000 2.2961
74.0000 2.2797
75.0000 2.1856
76.0000 2.2202
77.0000 2.2800
78.0000 2.3407
79.0000 2.2537
80.0000 2.1559
81.0000 2.0979
82.0000 2.1085
83.0000 2.0884
84.0000 2.0656
85.0000 2.0196
86.0000 2.0872
87.0000 2.1814
88.0000 2.1789
89.0000 2.1355
90.0000 2.0562
91.0000 1.9957
92.0000 1.8975
93.0000 1.7981
94.0000 1.7612
95.0000 1.7113
96.0000 1.7608
97.0000 1.8247
98.0000 1.8995
99.0000 1.9743
100.0000 2.0407
101.0000 2.0974
102.0000 2.0055
103.0000 1.9250
104.0000 1.8472
105.0000 1.8055
106.0000 1.8282
107.0000 1.8371
108.0000 1.9089
109.0000 1.9992
110.0000 1.9463
111.0000 1.8475
112.0000 1.7923
113.0000 1.7012
114.0000 1.6167
115.0000 1.5376
116.0000 1.4383
117.0000 1.4851
118.0000 1.5117
119.0000 1.5424
120.0000 1.6254
121.0000 1.6892
122.0000 1.6275
123.0000 1.5287
124.0000 1.5643
125.0000 1.6355
126.0000 1.6038
127.0000 1.6801
128.0000 1.6154
129.0000 1.5525
130.0000 1.6518
131.0000 1.6689
132.0000 1.6474
133.0000 1.5474
134.0000 1.4638
135.0000 1.4095
136.0000 1.3130
137.0000 1.2674
138.0000 1.1690
139.0000 1.2472
140.0000 1.3259
141.0000 1.3677
142.0000 1.3543
143.0000 1.2546
144.0000 1.2491
145.0000 1.1529
146.0000 1.0612
147.0000 1.1091
148.0000 1.0991
149.0000 1.0911
150.0000 1.0007
