1.0000 2.2173
2.0000 2.2653
3.0000 2.3442
4.0000 2.3438
5.0000 2.2850
6.0000 2.1852
7.0000 2.0899
8.0000 2.0733
9.0000 2.1129
10.0000 2.1300
11.0000 2.1064
12.0000 2.1563
13.0000 2.2518
14.0000 2.3406
15.0000 2.3786
16.0000 2.4578
17.0000 2.4669
18.0000 2.4332
19.0000 2.4306
20.0000 2.4029
21.0000 2.3229
22.0000 2.2848
23.0000 2.2810
24.0000 2.2017
25.0000 2.1604
26.0000 2.2277
27.0000 2.2483
28.0000 2.3053
29.0000 2.4035
30.0000 2.5032
31.0000 2.5435
32.0000 2.5407
33.0000 2.5427
34.0000 2.6236
35.0000 2.6314
36.0000 2.5350
37.0000 2.5276
38.0000 2.4399
39.0000 2.3716
40.0000 2.2917
41.0000 2.2865
42.0000 2.3647
43.0000 2.4060
44.0000 2.3667
45.0000 2.2980
46.0000 2.2441
47.0000 2.1713
48.0000 2.0920
49.0000 2.0943
50.0000 2.0020
51.0000 1.9086
52.0000 1.8112
53.0000 1.8425
54.0000 1.9381
55.0000 1.9622
56.0000 1.9219
57.0000 1.9829
58.0000 2.0563
59.0000 2.1560
60.0000 2.1010
61.0000 2.0572
62.0000 1.9572
63.0000 1.9086
64.0000 1.9640
65.0000 2.0533
66.0000 2.1158
67.0000 2.0205
68.0000 2.0166
69.0000 2.0695
70.0000 2.1432
71.0000 2.1517
72.0000 2.2041
73.0000 2.2846
74.0000 2.3399
75.0000 2.3715
76.0000 2.4411
77.0000 2.4339
78.0000 2.3530
79.0000 2.3379
80.0000 2.3316
81.0000 2.2384
82.0000 2.2367
83.0000 2.1919
84.0000 2.1375
85.0000 2.0380
86.0000 1.9382
87.0000 1.8430
88.0000 1.9009
89.0000 1.9193
90.0000 1.8429
91.0000 1.7544
92.0000 1.6547
93.0000 1.5847
94.0000 1.5164
95.0000 1.4170
96.0000 1.3384
97.0000 1.2402
98.0000 1.1683
99.0000 1.0890
100.0000 1.0967
101.0000 1.1882
102.0000 1.2875
103.0000 1.2276
104.0000 1.1279
105.0000 1.0534
106.0000 1.0375
107.0000 1.0749
108.0000 1.1320
109.0000 1.0599
110.0000 0.9613
111.0000 0.9230
112.0000 0.8969
113.0000 0.8428
114.0000 0.7752
115.0000 0.7756
116.0000 0.7828
117.0000 0.8698
118.0000 0.9678
119.0000 1.0173
120.0000 1.0404
121.0000 1.0605
122.0000 1.0128
123.0000 0.9927
124.0000 1.0818
125.0000 1.1818
126.0000 1.2802
127.0000 1.3617
128.0000 1.3405
129.0000 1.2916
130.0000 1.3328
131.0000 1.4158
132.0000 1.5152
133.0000 1.5058
134.0000 1.4499
135.0000 1.5227
136.0000 1.6011
137.0000 1.6902
138.0000 1.7539
139.0000 1.8263
140.0000 1.8752
141.0000 1.9752
142.0000 2.0696
143.0000 2.0759
144.0000 1.9775
145.0000 1.9460
146.0000 1.9591
147.0000 1.8591
148.0000 1.7591
149.0000 1.6830
150.0000 1.6106
