1.0000 2.1596
2.0000 2.1831
3.0000 2.2625
4.0000 2.3602
5.0000 2.3924
6.0000 2.3674
7.0000 2.4111
8.0000 2.4593
9.0000 2.5576
10.0000 2.5677
11.0000 2.5180
12.0000 2.5127
13.0000 2.5251
14.0000 2.4590
15.0000 2.5026
16.0000 2.4850
17.0000 2.3988
18.0000 2.2990
19.0000 2.2276
20.0000 2.1378
21.0000 2.0503
22.0000 1.9590
23.0000 1.8642
24.0000 1.7887
25.0000 1.7917
26.0000 1.7413
27.0000 1.7092
28.0000 1.7601
29.0000 1.8261
30.0000 1.8150
31.0000 1.7329
32.0000 1.6632
33.0000 1.5698
34.0000 1.4704
35.0000 1.3703
36.0000 1.3456
37.0000 1.4448
38.0000 1.4890
39.0000 1.5310
40.0000 1.5727
41.0000 1.6013
42.0000 1.6990
43.0000 1.7984
44.0000 1.8971
45.0000 1.9887
46.0000 2.0886
47.0000 2.1754
48.0000 2.1844
49.0000 2.1271
50.0000 2.0835
51.0000 2.0730
52.0000 2.0159
53.0000 1.9192
54.0000 1.8415
55.0000 1.7423
56.0000 1.7031
57.0000 1.6615
58.0000 1.6195
59.0000 1.5222
60.0000 1.4586
61.0000 1.5519
62.0000 1.6492
63.0000 1.7277
64.0000 1.8205
65.0000 1.9100
66.0000 2.0010
67.0000 1.9424
68.0000 1.8554
69.0000 1.7734
70.0000 1.8531
71.0000 1.8853
72.0000 1.9468
73.0000 1.9854
74.0000 1.9270
75.0000 1.8733
76.0000 1.8925
77.0000 1.9562
78.0000 1.9964
79.0000 1.9043
80.0000 1.8150
81.0000 1.7877
82.0000 1.7039
83.0000 1.6269
84.0000 1.6265
85.0000 1.6080
86.0000 1.6788
87.0000 1.7782
88.0000 1.8444
89.0000 1.8108
90.0000 1.7699
91.0000 1.7294
92.0000 1.7988
93.0000 1.8634
94.0000 1.9064
95.0000 1.8758
96.0000 1.8634
97.0000 1.8508
98.0000 1.9227
99.0000 1.9418
100.0000 1.8419
101.0000 1.7520
102.0000 1.6853
103.0000 1.6074
104.0000 1.5841
105.0000 1.5185
106.0000 1.5215
107.0000 1.6209
108.0000 1.6994
109.0000 1.7720
110.0000 1.7912
111.0000 1.8837
112.0000 1.9163
113.0000 1.9768
114.0000 1.9671
115.0000 1.8973
116.0000 1.8881
117.0000 1.9672
118.0000 1.9711
119.0000 1.8770
120.0000 1.8505
121.0000 1.8176
122.0000 1.7244
123.0000 1.6597
124.0000 1.6312
125.0000 1.6626
126.0000 1.7346
127.0000 1.7480
128.0000 1.7447
129.0000 1.7391
130.0000 1.7165
131.0000 1.7873
132.0000 1.8125
133.0000 1.8020
134.0000 1.8662
135.0000 1.8956
136.0000 1.9941
137.0000 2.0928
138.0000 2.1450
139.0000 2.2077
140.0000 2.3046
141.0000 2.4043
142.0000 2.3803
143.0000 2.2969
144.0000 2.2283
145.0000 2.1889
146.0000 2.2351
147.0000 2.1918
148.0000 2.1130
149.0000 2.0522
150.0000 1.9623
