1.0000 2.2655
2.0000 2.2673
3.0000 2.2562
4.0000 2.3437
5.0000 2.4434
6.0000 2.4283
7.0000 2.4873
8.0000 2.5164
9.0000 2.5727
10.0000 2.6599
11.0000 2.6842
12.0000 2.6568
13.0000 2.5825
14.0000 2.4892
15.0000 2.5143
16.0000 2.5812
17.0000 2.6410
18.0000 2.7299
19.0000 2.8093
20.0000 2.7785
21.0000 2.7111
22.0000 2.6780
23.0000 2.6859
24.0000 2.7111
25.0000 2.6193
26.0000 2.5508
27.0000 2.6207
28.0000 2.5283
29.0000 2.4453
30.0000 2.3562
31.0000 2.4273
32.0000 2.4538
33.0000 2.3633
34.0000 2.2691
35.0000 2.1721
36.0000 2.0848
37.0000 2.0040
38.0000 1.9859
39.0000 1.8974
40.0000 1.9387
41.0000 1.9450
42.0000 1.9058
43.0000 1.8059
44.0000 1.7059
45.0000 1.6597
46.0000 1.5886
47.0000 1.5858
48.0000 1.4880
49.0000 1.4125
50.0000 1.4446
51.0000 1.3703
52.0000 1.2908
53.0000 1.2406
54.0000 1.1442
55.0000 1.1554
56.0000 1.1219
57.0000 1.1365
58.0000 1.2314
59.0000 1.3024
60.0000 1.2797
61.0000 1.3108
62.0000 1.4103
63.0000 1.4672
64.0000 1.5051
65.0000 1.6051
66.0000 1.6787
67.0000 1.7774
68.0000 1.7486
69.0000 1.6751
70.0000 1.6278
71.0000 1.7067
72.0000 1.6810
73.0000 1.6781
74.0000 1.7264
75.0000 1.8061
76.0000 1.8429
77.0000 1.9067
78.0000 2.0021
79.0000 2.0698
80.0000 2.0145
81.0000 1.9191
82.0000 1.8465
83.0000 1.9327
84.0000 1.9469
85.0000 1.9485
86.0000 1.8502
87.0000 1.7834
88.0000 1.7002
89.0000 1.6160
90.0000 1.5199
91.0000 1.4201
92.0000 1.4497
93.0000 1.4923
94.0000 1.4698
95.0000 1.3766
96.0000 1.2941
97.0000 1.2111
98.0000 1.1115
99.0000 1.1401
100.0000 1.1826
101.0000 1.2490
102.0000 1.3482
103.0000 1.4342
104.0000 1.5032
105.0000 1.5596
106.0000 1.6407
107.0000 1.7404
108.0000 1.7978
109.0000 1.8962
110.0000 1.9953
111.0000 2.0946
112.0000 2.0790
113.0000 2.0042
114.0000 1.9114
115.0000 1.8395
116.0000 1.9164
117.0000 1.8209
118.0000 1.7226
119.0000 1.7683
120.0000 1.8605
121.0000 1.8651
122.0000 1.7776
123.0000 1.7232
124.0000 1.6495
125.0000 1.5720
126.0000 1.5186
127.0000 1.4707
128.0000 1.5151
129.0000 1.5039
130.0000 1.5220
131.0000 1.4673
132.0000 1.4359
133.0000 1.5010
134.0000 1.4670
135.0000 1.3720
136.0000 1.2786
137.0000 1.1822
138.0000 1.0949
139.0000 1.1033
140.0000 1.1561
141.0000 1.1875
142.0000 1.2849
143.0000 1.3388
144.0000 1.4059
145.0000 1.4963
146.0000 1.4372
147.0000 1.4474
148.0000 1.4218
149.0000 1.4731
150.0000 1.5234
