1.0000 2.1681
2.0000 2.0848
3.0000 2.0197
4.0000 2.0541
5.0000 2.0514
6.0000 2.0948
7.0000 2.1478
8.0000 2.1385
9.0000 2.0922
10.0000 2.0666
11.0000 2.1621
12.0000 2.2254
13.0000 2.1453
14.0000 2.0555
15.0000 1.9595
16.0000 1.8884
17.0000 1.7975
18.0000 1.7120
19.0000 1.6578
20.0000 1.5649
21.0000 1.4650
22.0000 1.3695
23.0000 1.2695
24.0000 1.2114
25.0000 1.1118
26.0000 1.0419
27.0000 0.9877
28.0000 0.9764
29.0000 0.9992
30.0000 1.0748
31.0000 1.1682
32.0000 1.2682
33.0000 1.3626
34.0000 1.4304
35.0000 1.4701
36.0000 1.5601
37.0000 1.6570
38.0000 1.7294
39.0000 1.8023
40.0000 1.7945
41.0000 1.7106
42.0000 1.6205
43.0000 1.5221
44.0000 1.4452
45.0000 1.3461
46.0000 1.2471
47.0000 1.2409
48.0000 1.1634
49.0000 1.0647
50.0000 0.9678
51.0000 1.0360
52.0000 1.1353
53.0000 1.2352
54.0000 1.2969
55.0000 1.2900
56.0000 1.2329
57.0000 1.1341
58.0000 1.0348
59.0000 0.9451
60.0000 0.8645
61.0000 0.7672
62.0000 0.6949
63.0000 0.6355
64.0000 0.6146
65.0000 0.5209
66.0000 0.4335
67.0000 0.3518
68.0000 0.2829
69.0000 0.3035
70.0000 0.2199
71.0000 0.2223
72.0000 0.2925
73.0000 0.2831
74.0000 0.1881
75.0000 0.1402
76.0000 0.2347
77.0000 0.3298
78.0000 0.4227
79.0000 0.4363
80.0000 0.5177
81.0000 0.6173
82.0000 0.6360
83.0000 0.7356
84.0000 0.8038
85.0000 0.9030
86.0000 0.9926
87.0000 1.0925
88.0000 1.1191
89.0000 1.0534
90.0000 1.1533
91.0000 1.2325
92.0000 1.3309
93.0000 1.4149
94.0000 1.3762
95.0000 1.2762
96.0000 1.1816
97.0000 1.1138
98.0000 1.0510
99.0000 0.9967
100.0000 1.0179
101.0000 1.1073
102.0000 1.1911
103.0000 1.2541
104.0000 1.3305
105.0000 1.4284
106.0000 1.5217
107.0000 1.6090
108.0000 1.6616
109.0000 1.7615
110.0000 1.8611
111.0000 1.8819
112.0000 1.9617
113.0000 2.0602
114.0000 2.1597
115.0000 2.1915
116.0000 2.2882
117.0000 2.3647
118.0000 2.3801
119.0000 2.3822
120.0000 2.2837
121.0000 2.1838
122.0000 2.0918
123.0000 1.9995
124.0000 1.9011
125.0000 1.8078
126.0000 1.7675
127.0000 1.7327
128.0000 1.7980
129.0000 1.7962
130.0000 1.7153
131.0000 1.6254
132.0000 1.6432
133.0000 1.6518
134.0000 1.6483
135.0000 1.6770
136.0000 1.7653
137.0000 1.8464
138.0000 1.7995
139.0000 1.7005
140.0000 1.6634
141.0000 1.6075
142.0000 1.5507
143.0000 1.4750
144.0000 1.3773
145.0000 1.3224
146.0000 1.4081
147.0000 1.4414
148.0000 1.4215
149.0000 1.4815
150.0000 1.4915
