1.0000 2.1901
2.0000 2.1075
3.0000 2.1152
4.0000 2.1080
5.0000 2.0091
6.0000 1.9091
7.0000 1.9085
8.0000 2.0046
9.0000 2.0583
10.0000 2.0381
11.0000 2.0387
12.0000 2.0437
13.0000 2.0915
14.0000 2.0673
15.0000 2.0144
16.0000 1.9185
17.0000 1.8263
18.0000 1.7908
19.0000 1.7369
20.0000 1.6398
21.0000 1.5577
22.0000 1.4711
23.0000 1.4674
24.0000 1.5114
25.0000 1.5209
26.0000 1.4853
27.0000 1.4779
28.0000 1.4098
29.0000 1.3656
30.0000 1.3233
31.0000 1.3289
32.0000 1.3869
33.0000 1.4561
34.0000 1.5340
35.0000 1.6327
36.0000 1.6672
37.0000 1.6002
38.0000 1.5005
39.0000 1.4055
40.0000 1.3119
41.0000 1.2181
42.0000 1.1442
43.0000 1.0708
44.0000 1.1624
45.0000 1.2190
46.0000 1.2397
47.0000 1.1449
48.0000 1.0470
49.0000 0.9859
50.0000 1.0346
51.0000 1.1290
52.0000 1.2289
53.0000 1.3242
54.0000 1.3823
55.0000 1.3835
56.0000 1.3049
57.0000 1.2195
58.0000 1.1300
59.0000 1.0639
60.0000 0.9834
61.0000 0.8927
62.0000 0.7930
63.0000 0.6931
64.0000 0.5931
65.0000 0.5089
66.0000 0.5350
67.0000 0.6305
68.0000 0.7293
69.0000 0.8086
70.0000 0.9086
71.0000 0.9286
72.0000 1.0193
73.0000 1.0645
74.0000 1.1493
75.0000 1.2417
76.0000 1.3358
77.0000 1.3402
78.0000 1.4397
79.0000 1.4391
80.0000 1.5333
81.0000 1.6128
82.0000 1.7021
83.0000 1.6266
84.0000 1.5295
85.0000 1.4307
86.0000 1.3542
87.0000 1.2650
88.0000 1.3289
89.0000 1.4286
90.0000 1.5256
91.0000 1.5944
92.0000 1.6889
93.0000 1.7443
94.0000 1.7836
95.0000 1.8788
96.0000 1.8398
97.0000 1.8083
98.0000 1.8597
99.0000 1.8353
100.0000 1.8383
101.0000 1.8203
102.0000 1.7575
103.0000 1.6592
104.0000 1.6272
105.0000 1.5854
106.0000 1.6823
107.0000 1.7620
108.0000 1.7798
109.0000 1.6835
110.0000 1.5841
111.0000 1.5965
112.0000 1.6395
113.0000 1.7111
114.0000 1.8091
115.0000 1.8481
116.0000 1.9409
117.0000 1.9970
118.0000 1.9713
119.0000 1.8963
120.0000 1.8675
121.0000 1.8442
122.0000 1.8182
123.0000 1.7220
124.0000 1.6239
125.0000 1.6052
126.0000 1.6097
127.0000 1.5276
128.0000 1.4565
129.0000 1.3590
130.0000 1.3142
131.0000 1.2291
132.0000 1.2172
133.0000 1.1430
134.0000 1.1895
135.0000 1.2859
136.0000 1.3737
137.0000 1.4297
138.0000 1.5037
139.0000 1.5961
140.0000 1.6943
141.0000 1.7909
142.0000 1.7404
143.0000 1.7986
144.0000 1.8709
145.0000 1.9152
146.0000 1.9046
147.0000 1.8613
148.0000 1.9001
149.0000 1.9890
150.0000 2.0427
