1.0000 2.1735
2.0000 2.0907
3.0000 2.0379
4.0000 1.9497
5.0000 1.9145
6.0000 1.8793
7.0000 1.8700
8.0000 1.7794
9.0000 1.7644
10.0000 1.7637
11.0000 1.7895
12.0000 1.7797
13.0000 1.7301
14.0000 1.6614
15.0000 1.5794
16.0000 1.5042
17.0000 1.5775
18.0000 1.6428
19.0000 1.7159
20.0000 1.8148
21.0000 1.8737
22.0000 1.9603
23.0000 2.0584
24.0000 2.0881
25.0000 2.0263
26.0000 1.9406
27.0000 1.8999
28.0000 1.8964
29.0000 1.9728
30.0000 2.0513
31.0000 2.1504
32.0000 2.2168
33.0000 2.1718
34.0000 2.0749
35.0000 1.9767
36.0000 1.9220
37.0000 2.0194
38.0000 2.1162
39.0000 2.2018
40.0000 2.1849
41.0000 2.1410
42.0000 2.0995
43.0000 2.0421
44.0000 1.9421
45.0000 1.8986
46.0000 1.8041
47.0000 1.7043
48.0000 1.6074
49.0000 1.5171
50.0000 1.5141
51.0000 1.5960
52.0000 1.6814
53.0000 1.7657
54.0000 1.8628
55.0000 1.9619
56.0000 1.9653
57.0000 1.8695
58.0000 1.7785
59.0000 1.6794
60.0000 1.6145
61.0000 1.5411
62.0000 1.4559
63.0000 1.5085
64.0000 1.6058
65.0000 1.5608
66.0000 1.5895
67.0000 1.6440
68.0000 1.7359
69.0000 1.8345
70.0000 1.9327
71.0000 2.0220
72.0000 2.1058
73.0000 2.2015
74.0000 2.2966
75.0000 2.3965
76.0000 2.3901
77.0000 2.3435
78.0000 2.2804
79.0000 2.1812
80.0000 2.1215
81.0000 2.0216
82.0000 2.0536
83.0000 1.9549
84.0000 1.8692
85.0000 1.7748
86.0000 1.6766
87.0000 1.5771
88.0000 1.4998
89.0000 1.4732
90.0000 1.5522
91.0000 1.6502
92.0000 1.7422
93.0000 1.8419
94.0000 1.8794
95.0000 1.8037
96.0000 1.7650
97.0000 1.6686
98.0000 1.6308
99.0000 1.5878
100.0000 1.4973
101.0000 1.4704
102.0000 1.3876
103.0000 1.4081
104.0000 1.4813
105.0000 1.5770
106.0000 1.6153
107.0000 1.7067
108.0000 1.8011
109.0000 1.8917
110.0000 1.9917
111.0000 2.0643
112.0000 2.1460
113.0000 2.1616
114.0000 2.1904
115.0000 2.1459
116.0000 2.1675
117.0000 2.2438
118.0000 2.3298
119.0000 2.3451
120.0000 2.3523
121.0000 2.2982
122.0000 2.2074
123.0000 2.1548
124.0000 2.2172
125.0000 2.2998
126.0000 2.2326
127.0000 2.1747
128.0000 2.2386
129.0000 2.2472
130.0000 2.2826
131.0000 2.2044
132.0000 2.1459
133.0000 2.0652
134.0000 1.9654
135.0000 1.8931
136.0000 1.7961
137.0000 1.7522
138.0000 1.6865
139.0000 1.6117
140.0000 1.5206
141.0000 1.4516
142.0000 1.3709
143.0000 1.3868
144.0000 1.4758
145.0000 1.4779
146.0000 1.5403
147.0000 1.6227
148.0000 1.7183
149.0000 1.8135
150.0000 1.8317
