1.0000 2.1613
2.0000 2.0615
3.0000 1.9643
4.0000 1.8666
5.0000 1.7939
6.0000 1.7024
7.0000 1.6714
8.0000 1.5731
9.0000 1.4864
10.0000 1.3874
11.0000 1.2887
12.0000 1.2482
13.0000 1.1490
14.0000 1.0818
15.0000 1.0185
16.0000 0.9719
17.0000 1.0430
18.0000 1.1176
19.0000 1.1080
20.0000 1.1238
21.0000 1.1285
22.0000 1.0287
23.0000 1.0040
24.0000 0.9041
25.0000 0.8090
26.0000 0.7823
27.0000 0.8598
28.0000 0.9265
29.0000 1.0244
30.0000 1.1144
31.0000 1.1616
32.0000 1.2395
33.0000 1.3124
34.0000 1.3948
35.0000 1.4694
36.0000 1.5536
37.0000 1.6527
38.0000 1.7187
39.0000 1.6634
40.0000 1.5638
41.0000 1.4638
42.0000 1.3788
43.0000 1.2925
44.0000 1.2428
45.0000 1.2431
46.0000 1.2242
47.0000 1.2653
48.0000 1.3588
49.0000 1.4362
50.0000 1.4561
51.0000 1.3883
52.0000 1.3138
53.0000 1.2394
54.0000 1.1396
55.0000 1.2071
56.0000 1.3001
57.0000 1.3998
58.0000 1.3981
59.0000 1.3305
60.0000 1.2512
61.0000 1.1532
62.0000 1.1186
63.0000 1.1887
64.0000 1.2634
65.0000 1.3631
66.0000 1.4510
67.0000 1.5500
68.0000 1.6120
69.0000 1.6915
70.0000 1.7828
71.0000 1.8824
72.0000 1.8063
73.0000 1.7072
74.0000 1.6470
75.0000 1.6241
76.0000 1.5673
77.0000 1.6299
78.0000 1.7247
79.0000 1.8167
80.0000 1.8873
81.0000 1.9012
82.0000 1.9303
83.0000 1.9859
84.0000 2.0189
85.0000 2.0029
86.0000 1.9201
87.0000 1.8568
88.0000 1.8025
89.0000 1.8363
90.0000 1.8758
91.0000 1.9755
92.0000 1.9754
93.0000 1.9938
94.0000 1.9159
95.0000 1.8275
96.0000 1.7307
97.0000 1.6324
98.0000 1.5442
99.0000 1.4671
100.0000 1.4514
101.0000 1.4661
102.0000 1.5134
103.0000 1.5181
104.0000 1.5504
105.0000 1.5638
106.0000 1.6320
107.0000 1.6922
108.0000 1.6328
109.0000 1.6505
110.0000 1.6088
111.0000 1.5411
112.0000 1.5759
113.0000 1.6153
114.0000 1.6489
115.0000 1.7107
116.0000 1.6875
117.0000 1.5877
118.0000 1.5069
119.0000 1.4521
120.0000 1.5457
121.0000 1.6252
122.0000 1.7101
123.0000 1.7841
124.0000 1.8148
125.0000 1.7161
126.0000 1.6986
127.0000 1.6001
128.0000 1.5846
129.0000 1.6069
130.0000 1.5568
131.0000 1.6142
132.0000 1.6455
133.0000 1.5816
134.0000 1.5631
135.0000 1.4780
136.0000 1.3857
137.0000 1.3407
138.0000 1.3150
139.0000 1.2848
140.0000 1.2376
141.0000 1.2142
142.0000 1.2766
143.0000 1.2999
144.0000 1.2632
145.0000 1.2259
146.0000 1.1279
147.0000 1.0283
148.0000 0.9433
149.0000 1.0195
150.0000 0.9680
