1.0000 2.1893
2.0000 2.1494
3.0000 2.1571
4.0000 2.2568
5.0000 2.3567
6.0000 2.3226
7.0000 2.2804
8.0000 2.1804
9.0000 2.1013
10.0000 2.0036
11.0000 2.0219
12.0000 2.0996
13.0000 2.0462
14.0000 1.9603
15.0000 2.0062
16.0000 1.9764
17.0000 1.9941
18.0000 2.0010
19.0000 2.0559
20.0000 2.1144
21.0000 2.1558
22.0000 2.2158
23.0000 2.2385
24.0000 2.2731
25.0000 2.3507
26.0000 2.3995
27.0000 2.3776
28.0000 2.3004
29.0000 2.2308
30.0000 2.1738
31.0000 2.1580
32.0000 2.1214
33.0000 2.1175
34.0000 2.1179
35.0000 2.1545
36.0000 2.1070
37.0000 2.0142
38.0000 1.9795
39.0000 1.9357
40.0000 1.9581
41.0000 1.9979
42.0000 2.0931
43.0000 2.1929
44.0000 2.2697
45.0000 2.3205
46.0000 2.3634
47.0000 2.4634
48.0000 2.4491
49.0000 2.4575
50.0000 2.3695
51.0000 2.3773
52.0000 2.4703
53.0000 2.5353
54.0000 2.4862
55.0000 2.4910
56.0000 2.4940
57.0000 2.5380
58.0000 2.6379
59.0000 2.6752
60.0000 2.6047
61.0000 2.5652
62.0000 2.4862
63.0000 2.3868
64.0000 2.3173
65.0000 2.3991
66.0000 2.4324
67.0000 2.4661
68.0000 2.4887
69.0000 2.4909
70.0000 2.4003
71.0000 2.3004
72.0000 2.2191
73.0000 2.1286
74.0000 2.0659
75.0000 2.0870
76.0000 2.1811
77.0000 2.2411
78.0000 2.3354
79.0000 2.4350
80.0000 2.4759
81.0000 2.4876
82.0000 2.5260
83.0000 2.5914
84.0000 2.5831
85.0000 2.5899
86.0000 2.6899
87.0000 2.7324
88.0000 2.6784
89.0000 2.6497
90.0000 2.5522
91.0000 2.4572
92.0000 2.3958
93.0000 2.3139
94.0000 2.3558
95.0000 2.3956
96.0000 2.4182
97.0000 2.4835
98.0000 2.4665
99.0000 2.5218
100.0000 2.5334
101.0000 2.6293
102.0000 2.7286
103.0000 2.6730
104.0000 2.5736
105.0000 2.5397
106.0000 2.5523
107.0000 2.5369
108.0000 2.5879
109.0000 2.5619
110.0000 2.4719
111.0000 2.3725
112.0000 2.3343
113.0000 2.2472
114.0000 2.1522
115.0000 2.0572
116.0000 1.9575
117.0000 1.8575
118.0000 1.7654
119.0000 1.6784
120.0000 1.6551
121.0000 1.7076
122.0000 1.7963
123.0000 1.8357
124.0000 1.8751
125.0000 1.8711
126.0000 1.7822
127.0000 1.7551
128.0000 1.6551
129.0000 1.5707
130.0000 1.4707
131.0000 1.3844
132.0000 1.3134
133.0000 1.3934
134.0000 1.4338
135.0000 1.5328
136.0000 1.5874
137.0000 1.6874
138.0000 1.7648
139.0000 1.8605
140.0000 1.9203
141.0000 2.0188
142.0000 2.1165
143.0000 2.2138
144.0000 2.2877
145.0000 2.1878
146.0000 2.0949
147.0000 2.1089
148.0000 2.0131
149.0000 1.9148
150.0000 1.9210
