1.0000 2.1692
2.0000 2.1683
3.0000 2.1753
4.0000 2.1211
5.0000 2.1537
6.0000 2.2503
7.0000 2.2655
8.0000 2.3407
9.0000 2.3078
10.0000 2.3716
11.0000 2.3544
12.0000 2.3808
13.0000 2.4679
14.0000 2.4013
15.0000 2.3322
16.0000 2.2709
17.0000 2.1974
18.0000 2.1637
19.0000 2.1037
20.0000 2.0060
21.0000 1.9824
22.0000 1.8835
23.0000 1.7836
24.0000 1.6838
25.0000 1.5895
26.0000 1.5667
27.0000 1.6380
28.0000 1.5841
29.0000 1.4940
30.0000 1.4355
31.0000 1.4837
32.0000 1.4756
33.0000 1.5756
34.0000 1.5586
35.0000 1.5869
36.0000 1.6484
37.0000 1.6724
38.0000 1.6576
39.0000 1.7412
40.0000 1.7384
41.0000 1.7295
42.0000 1.7915
43.0000 1.8906
44.0000 1.9858
45.0000 2.0183
46.0000 2.1165
47.0000 2.1367
48.0000 2.1028
49.0000 2.0569
50.0000 2.0257
51.0000 2.0742
52.0000 1.9784
53.0000 1.9661
54.0000 2.0539
55.0000 1.9942
56.0000 2.0702
57.0000 2.0695
58.0000 2.0273
59.0000 1.9327
60.0000 1.8396
61.0000 1.7484
62.0000 1.7134
63.0000 1.6724
64.0000 1.7478
65.0000 1.8474
66.0000 1.8817
67.0000 1.9816
68.0000 2.0572
69.0000 2.0022
70.0000 1.9219
71.0000 1.9855
72.0000 1.9618
73.0000 1.8672
74.0000 1.8206
75.0000 1.8053
76.0000 1.8739
77.0000 1.9278
78.0000 2.0223
79.0000 2.0909
80.0000 2.1586
81.0000 2.2266
82.0000 2.2590
83.0000 2.2709
84.0000 2.2163
85.0000 2.2034
86.0000 2.2825
87.0000 2.3650
88.0000 2.4188
89.0000 2.5046
90.0000 2.6044
91.0000 2.6988
92.0000 2.7957
93.0000 2.8889
94.0000 2.8344
95.0000 2.8156
96.0000 2.7413
97.0000 2.6695
98.0000 2.5896
99.0000 2.5177
100.0000 2.4178
101.0000 2.3258
102.0000 2.2280
103.0000 2.1790
104.0000 2.1125
105.0000 2.0583
106.0000 2.1575
107.0000 2.2558
108.0000 2.3535
109.0000 2.4344
110.0000 2.4859
111.0000 2.5537
112.0000 2.6457
113.0000 2.6982
114.0000 2.7935
115.0000 2.7825
116.0000 2.7157
117.0000 2.6381
118.0000 2.6161
119.0000 2.5187
120.0000 2.4359
121.0000 2.3564
122.0000 2.2642
123.0000 2.1934
124.0000 2.1082
125.0000 2.0641
126.0000 2.1117
127.0000 2.2116
128.0000 2.2727
129.0000 2.3696
130.0000 2.4407
131.0000 2.4837
132.0000 2.4885
133.0000 2.5785
134.0000 2.6310
135.0000 2.7095
136.0000 2.6797
137.0000 2.5971
138.0000 2.6022
139.0000 2.5889
140.0000 2.5134
141.0000 2.4857
142.0000 2.4531
143.0000 2.4444
144.0000 2.3451
145.0000 2.2582
146.0000 2.1615
147.0000 2.0898
148.0000 2.1770
149.0000 2.0851
150.0000 2.0092
