1.0000 2.1828
2.0000 2.0873
3.0000 2.1079
4.0000 2.0843
5.0000 2.0168
6.0000 1.9234
7.0000 1.8408
8.0000 1.8900
9.0000 1.9828
10.0000 2.0473
11.0000 2.1319
12.0000 2.1105
13.0000 2.1699
14.0000 2.1102
15.0000 2.1301
16.0000 2.2256
17.0000 2.3199
18.0000 2.3663
19.0000 2.2923
20.0000 2.2610
21.0000 2.1645
22.0000 2.0993
23.0000 1.9995
24.0000 1.9545
25.0000 1.8724
26.0000 1.7730
27.0000 1.7619
28.0000 1.8232
29.0000 1.8525
30.0000 1.8906
31.0000 1.9848
32.0000 2.0837
33.0000 2.1100
34.0000 2.1214
35.0000 2.1340
36.0000 2.2022
37.0000 2.2418
38.0000 2.1442
39.0000 2.0813
40.0000 2.0490
41.0000 1.9495
42.0000 1.8876
43.0000 1.8104
44.0000 1.7723
45.0000 1.7510
46.0000 1.7906
47.0000 1.8312
48.0000 1.9118
49.0000 1.8778
50.0000 1.8696
51.0000 1.8655
52.0000 1.8570
53.0000 1.8814
54.0000 1.8608
55.0000 1.8010
56.0000 1.8236
57.0000 1.7573
58.0000 1.8225
59.0000 1.8330
60.0000 1.7831
61.0000 1.7079
62.0000 1.6097
63.0000 1.6305
64.0000 1.6658
65.0000 1.7019
66.0000 1.6678
67.0000 1.5737
68.0000 1.5241
69.0000 1.4242
70.0000 1.3303
71.0000 1.2303
72.0000 1.1304
73.0000 1.0322
74.0000 0.9956
75.0000 1.0184
76.0000 1.0550
77.0000 1.1549
78.0000 1.2189
79.0000 1.3079
80.0000 1.3980
81.0000 1.4138
82.0000 1.4401
83.0000 1.5364
84.0000 1.6227
85.0000 1.5267
86.0000 1.4294
87.0000 1.3474
88.0000 1.2618
89.0000 1.1626
90.0000 1.0972
91.0000 1.0863
92.0000 1.1303
93.0000 1.2079
94.0000 1.2371
95.0000 1.3359
96.0000 1.4340
97.0000 1.5339
98.0000 1.6088
99.0000 1.6971
100.0000 1.7174
101.0000 1.7272
102.0000 1.7485
103.0000 1.7932
104.0000 1.8555
105.0000 1.8698
106.0000 1.8310
107.0000 1.7313
108.0000 1.6817
109.0000 1.7745
110.0000 1.8737
111.0000 1.8448
112.0000 1.9252
113.0000 1.9485
114.0000 2.0365
115.0000 2.1007
116.0000 2.1340
117.0000 2.2332
118.0000 2.2831
119.0000 2.1890
120.0000 2.1456
121.0000 2.1903
122.0000 2.2380
123.0000 2.1881
124.0000 2.1241
125.0000 2.0980
126.0000 2.1587
127.0000 2.2529
128.0000 2.3388
129.0000 2.3963
130.0000 2.4915
131.0000 2.4303
132.0000 2.3935
133.0000 2.3190
134.0000 2.3037
135.0000 2.3575
136.0000 2.4573
137.0000 2.4719
138.0000 2.3859
139.0000 2.3309
140.0000 2.2511
141.0000 2.2434
142.0000 2.1631
143.0000 2.1932
144.0000 2.2830
145.0000 2.3747
146.0000 2.2954
147.0000 2.3611
148.0000 2.3003
149.0000 2.2680
150.0000 2.2094
