1.0000 2.2584
2.0000 2.2719
3.0000 2.2549
4.0000 2.3468
5.0000 2.4173
6.0000 2.5047
7.0000 2.5021
8.0000 2.4471
9.0000 2.5029
10.0000 2.5707
11.0000 2.6366
12.0000 2.7022
13.0000 2.7202
14.0000 2.7824
15.0000 2.7958
16.0000 2.7548
17.0000 2.6550
18.0000 2.5557
19.0000 2.4812
20.0000 2.4506
21.0000 2.4070
22.0000 2.4027
23.0000 2.3736
24.0000 2.3911
25.0000 2.3642
26.0000 2.2809
27.0000 2.1837
28.0000 2.1218
29.0000 2.1804
30.0000 2.2393
31.0000 2.1408
32.0000 2.1764
33.0000 2.0812
34.0000 2.0034
35.0000 1.9849
36.0000 2.0379
37.0000 2.1232
38.0000 2.1053
39.0000 2.1015
40.0000 2.0900
41.0000 2.0363
42.0000 2.0872
43.0000 2.1580
44.0000 2.2416
45.0000 2.3343
46.0000 2.3973
47.0000 2.3316
48.0000 2.2703
49.0000 2.3665
50.0000 2.4665
51.0000 2.5319
52.0000 2.4827
53.0000 2.3835
54.0000 2.3195
55.0000 2.2289
56.0000 2.2480
57.0000 2.2614
58.0000 2.2318
59.0000 2.1560
60.0000 2.1011
61.0000 2.1550
62.0000 2.2038
63.0000 2.2390
64.0000 2.1873
65.0000 2.2167
66.0000 2.3157
67.0000 2.3552
68.0000 2.2571
69.0000 2.1782
70.0000 2.1120
71.0000 2.1606
72.0000 2.2523
73.0000 2.3464
74.0000 2.3422
75.0000 2.2691
76.0000 2.2716
77.0000 2.1881
78.0000 2.0885
79.0000 1.9908
80.0000 1.9354
81.0000 1.8558
82.0000 1.7561
83.0000 1.6792
84.0000 1.6047
85.0000 1.5797
86.0000 1.5539
87.0000 1.6223
88.0000 1.7198
89.0000 1.7658
90.0000 1.8197
91.0000 1.9194
92.0000 2.0173
93.0000 2.0784
94.0000 2.1746
95.0000 2.2013
96.0000 2.2575
97.0000 2.2633
98.0000 2.1706
99.0000 2.1926
100.0000 2.1642
101.0000 2.0662
102.0000 1.9668
103.0000 1.8691
104.0000 1.7956
105.0000 1.8499
106.0000 1.9007
107.0000 1.8403
108.0000 1.7816
109.0000 1.7187
110.0000 1.6589
111.0000 1.6081
112.0000 1.5105
113.0000 1.4105
114.0000 1.3289
115.0000 1.2332
116.0000 1.1342
117.0000 1.0358
118.0000 0.9389
119.0000 1.0344
120.0000 1.1243
121.0000 1.2136
122.0000 1.2899
123.0000 1.3509
124.0000 1.4122
125.0000 1.5049
126.0000 1.4959
127.0000 1.5206
128.0000 1.5985
129.0000 1.6932
130.0000 1.7912
131.0000 1.8780
132.0000 1.9780
133.0000 2.0763
134.0000 2.1543
135.0000 2.2153
136.0000 2.2161
137.0000 2.2711
138.0000 2.2363
139.0000 2.2658
140.0000 2.3117
141.0000 2.3311
142.0000 2.3476
143.0000 2.3079
144.0000 2.2130
145.0000 2.1653
146.0000 2.0746
147.0000 2.0531
148.0000 2.1374
149.0000 2.0873
150.0000 2.1845
