1.0000 2.1370
2.0000 2.0629
3.0000 1.9636
4.0000 1.8721
5.0000 1.8780
6.0000 1.8636
7.0000 1.7655
8.0000 1.7579
9.0000 1.8498
10.0000 1.9401
11.0000 1.9990
12.0000 2.0914
13.0000 2.1310
14.0000 2.1468
15.0000 2.0530
16.0000 1.9547
17.0000 1.8642
18.0000 1.7731
19.0000 1.6794
20.0000 1.6192
21.0000 1.5970
22.0000 1.5825
23.0000 1.6038
24.0000 1.5143
25.0000 1.4841
26.0000 1.4002
27.0000 1.3009
28.0000 1.2383
29.0000 1.1434
30.0000 1.0872
31.0000 1.0352
32.0000 0.9483
33.0000 0.8630
34.0000 0.8099
35.0000 0.7804
36.0000 0.8253
37.0000 0.8389
38.0000 0.9357
39.0000 0.9881
40.0000 1.0555
41.0000 1.1465
42.0000 1.2360
43.0000 1.2734
44.0000 1.3014
45.0000 1.3920
46.0000 1.4687
47.0000 1.4926
48.0000 1.4354
49.0000 1.4865
50.0000 1.4656
51.0000 1.3902
52.0000 1.3547
53.0000 1.2913
54.0000 1.3026
55.0000 1.3706
56.0000 1.4396
57.0000 1.5183
58.0000 1.5629
59.0000 1.6541
60.0000 1.6646
61.0000 1.6731
62.0000 1.6675
63.0000 1.7596
64.0000 1.8445
65.0000 1.8990
66.0000 1.9877
67.0000 2.0071
68.0000 1.9898
69.0000 1.9482
70.0000 1.8748
71.0000 1.8003
72.0000 1.7496
73.0000 1.7170
74.0000 1.6724
75.0000 1.7642
76.0000 1.8300
77.0000 1.8350
78.0000 1.9148
79.0000 2.0147
80.0000 2.0944
81.0000 2.1721
82.0000 2.0782
83.0000 1.9788
84.0000 1.9628
85.0000 2.0101
86.0000 2.0069
87.0000 2.0195
88.0000 2.0623
89.0000 2.0746
90.0000 2.0769
91.0000 2.1237
92.0000 2.1936
93.0000 2.0996
94.0000 2.0104
95.0000 1.9891
96.0000 1.9143
97.0000 1.8165
98.0000 1.7171
99.0000 1.6197
100.0000 1.5267
101.0000 1.4316
102.0000 1.3427
103.0000 1.2457
104.0000 1.1516
105.0000 1.0802
106.0000 1.0940
107.0000 1.1698
108.0000 1.2548
109.0000 1.2532
110.0000 1.1900
111.0000 1.1707
112.0000 1.2330
113.0000 1.3040
114.0000 1.3041
115.0000 1.2744
116.0000 1.3223
117.0000 1.2810
118.0000 1.2559
119.0000 1.3437
120.0000 1.4436
121.0000 1.3976
122.0000 1.3147
123.0000 1.2568
124.0000 1.2872
125.0000 1.2303
126.0000 1.1305
127.0000 1.0596
128.0000 0.9994
129.0000 0.9139
130.0000 0.8153
131.0000 0.7459
132.0000 0.8424
133.0000 0.8686
134.0000 0.7687
135.0000 0.6687
136.0000 0.5744
137.0000 0.4886
138.0000 0.4548
139.0000 0.5205
140.0000 0.5146
141.0000 0.4667
142.0000 0.5031
143.0000 0.4622
144.0000 0.4326
145.0000 0.4704
146.0000 0.4308
147.0000 0.3666
148.0000 0.3185
149.0000 0.3757
150.0000 0.4756
