1.0000 2.1540
2.0000 2.0770
3.0000 1.9775
4.0000 1.8775
5.0000 1.7786
6.0000 1.6859
7.0000 1.6151
8.0000 1.5598
9.0000 1.4629
10.0000 1.3963
11.0000 1.3480
12.0000 1.2569
13.0000 1.1876
14.0000 1.1327
15.0000 1.0409
16.0000 1.0264
17.0000 0.9939
18.0000 1.0379
19.0000 1.0496
20.0000 1.0712
21.0000 1.1499
22.0000 1.0891
23.0000 1.1045
24.0000 1.1224
25.0000 1.0573
26.0000 0.9915
27.0000 0.8982
28.0000 0.8046
29.0000 0.7069
30.0000 0.6070
31.0000 0.5213
32.0000 0.5798
33.0000 0.6450
34.0000 0.5522
35.0000 0.4737
36.0000 0.5636
37.0000 0.6540
38.0000 0.7447
39.0000 0.8299
40.0000 0.9139
41.0000 1.0045
42.0000 1.0911
43.0000 1.1643
44.0000 1.2643
45.0000 1.3275
46.0000 1.4087
47.0000 1.4875
48.0000 1.5599
49.0000 1.6593
50.0000 1.7503
51.0000 1.8473
52.0000 1.9326
53.0000 2.0001
54.0000 1.9263
55.0000 1.9212
56.0000 1.9048
57.0000 1.8812
58.0000 1.9397
59.0000 1.9868
60.0000 2.0720
61.0000 2.1491
62.0000 2.2175
63.0000 2.1821
64.0000 2.0834
65.0000 1.9838
66.0000 1.9893
67.0000 1.9927
68.0000 2.0567
69.0000 2.1128
70.0000 2.0233
71.0000 1.9471
72.0000 1.8484
73.0000 1.7570
74.0000 1.7306
75.0000 1.6542
76.0000 1.6716
77.0000 1.7362
78.0000 1.7948
79.0000 1.7252
80.0000 1.7006
81.0000 1.6732
82.0000 1.5801
83.0000 1.4804
84.0000 1.3818
85.0000 1.2823
86.0000 1.2114
87.0000 1.2991
88.0000 1.3496
89.0000 1.4494
90.0000 1.4782
91.0000 1.4875
92.0000 1.5702
93.0000 1.6506
94.0000 1.7476
95.0000 1.8376
96.0000 1.9358
97.0000 2.0285
98.0000 1.9431
99.0000 1.8459
100.0000 1.7509
101.0000 1.6648
102.0000 1.5669
103.0000 1.4741
104.0000 1.4584
105.0000 1.3788
106.0000 1.3505
107.0000 1.4285
108.0000 1.4715
109.0000 1.5707
110.0000 1.6704
111.0000 1.6816
112.0000 1.7105
113.0000 1.7918
114.0000 1.8590
115.0000 1.8419
116.0000 1.9132
117.0000 2.0059
118.0000 1.9387
119.0000 1.8495
120.0000 1.7512
121.0000 1.6950
122.0000 1.6272
123.0000 1.7077
124.0000 1.7648
125.0000 1.7237
126.0000 1.6269
127.0000 1.5770
128.0000 1.5342
129.0000 1.5810
130.0000 1.4992
131.0000 1.4016
132.0000 1.3141
133.0000 1.2378
134.0000 1.1456
135.0000 1.1340
136.0000 1.0352
137.0000 0.9994
138.0000 1.0034
139.0000 1.0203
140.0000 0.9625
141.0000 0.8880
142.0000 0.7981
143.0000 0.7015
144.0000 0.6639
145.0000 0.6434
146.0000 0.6739
147.0000 0.7088
148.0000 0.7521
149.0000 0.7472
150.0000 0.8179
