1.0000 2.2810
2.0000 2.2378
3.0000 2.2222
4.0000 2.1783
5.0000 2.1352
6.0000 2.0837
7.0000 2.1688
8.0000 2.2678
9.0000 2.3647
10.0000 2.4646
11.0000 2.5319
12.0000 2.6310
13.0000 2.6872
14.0000 2.7726
15.0000 2.7736
16.0000 2.6803
17.0000 2.5811
18.0000 2.5216
19.0000 2.4322
20.0000 2.4211
21.0000 2.5211
22.0000 2.6170
23.0000 2.6821
24.0000 2.7596
25.0000 2.7718
26.0000 2.6801
27.0000 2.6595
28.0000 2.6068
29.0000 2.5489
30.0000 2.4611
31.0000 2.3836
32.0000 2.2836
33.0000 2.2041
34.0000 2.1714
35.0000 2.0751
36.0000 1.9910
37.0000 2.0130
38.0000 2.0389
39.0000 2.1160
40.0000 2.1335
41.0000 2.0452
42.0000 1.9672
43.0000 1.9034
44.0000 1.8326
45.0000 1.7543
46.0000 1.6561
47.0000 1.6211
48.0000 1.5703
49.0000 1.4912
50.0000 1.4636
51.0000 1.4459
52.0000 1.4920
53.0000 1.5892
54.0000 1.6668
55.0000 1.7107
56.0000 1.6684
57.0000 1.7505
58.0000 1.8210
59.0000 1.9098
60.0000 1.9282
61.0000 1.9824
62.0000 2.0489
63.0000 2.1489
64.0000 2.2398
65.0000 2.2592
66.0000 2.2931
67.0000 2.3599
68.0000 2.4584
69.0000 2.5168
70.0000 2.5004
71.0000 2.4797
72.0000 2.5117
73.0000 2.4533
74.0000 2.4081
75.0000 2.3466
76.0000 2.2601
77.0000 2.2442
78.0000 2.2696
79.0000 2.2396
80.0000 2.2204
81.0000 2.1514
82.0000 2.0558
83.0000 1.9570
84.0000 1.8739
85.0000 1.8125
86.0000 1.7999
87.0000 1.7346
88.0000 1.6453
89.0000 1.5894
90.0000 1.5614
91.0000 1.5883
92.0000 1.5366
93.0000 1.5616
94.0000 1.6244
95.0000 1.6829
96.0000 1.6476
97.0000 1.6041
98.0000 1.5877
99.0000 1.5230
100.0000 1.5112
101.0000 1.5423
102.0000 1.6319
103.0000 1.7072
104.0000 1.7427
105.0000 1.8269
106.0000 1.8951
107.0000 1.8788
108.0000 1.9200
109.0000 1.8207
110.0000 1.7700
111.0000 1.7533
112.0000 1.6556
113.0000 1.5615
114.0000 1.5066
115.0000 1.4987
116.0000 1.4793
117.0000 1.4106
118.0000 1.3318
119.0000 1.2399
120.0000 1.1639
121.0000 1.0647
122.0000 0.9852
123.0000 1.0825
124.0000 1.1678
125.0000 1.1936
126.0000 1.2931
127.0000 1.3929
128.0000 1.4733
129.0000 1.5121
130.0000 1.5389
131.0000 1.6044
132.0000 1.6665
133.0000 1.6816
134.0000 1.6342
135.0000 1.5928
136.0000 1.5780
137.0000 1.5084
138.0000 1.4537
139.0000 1.3538
140.0000 1.2944
141.0000 1.3546
142.0000 1.4162
143.0000 1.4935
144.0000 1.5264
145.0000 1.5498
146.0000 1.5909
147.0000 1.6665
148.0000 1.7452
149.0000 1.7427
150.0000 1.6462
