1.0000 2.2004
2.0000 2.2776
3.0000 2.2551
4.0000 2.1961
5.0000 2.1124
6.0000 2.0926
7.0000 2.1458
8.0000 2.2379
9.0000 2.1667
10.0000 2.2655
11.0000 2.3531
12.0000 2.4200
13.0000 2.4183
14.0000 2.3418
15.0000 2.2925
16.0000 2.2406
17.0000 2.1881
18.0000 2.0973
19.0000 2.0087
20.0000 1.9149
21.0000 1.9295
22.0000 2.0010
23.0000 2.0614
24.0000 2.0550
25.0000 1.9582
26.0000 1.9481
27.0000 1.9405
28.0000 1.9957
29.0000 2.0314
30.0000 2.1305
31.0000 2.2304
32.0000 2.2265
33.0000 2.2707
34.0000 2.3441
35.0000 2.3768
36.0000 2.4479
37.0000 2.5023
38.0000 2.6005
39.0000 2.6890
40.0000 2.7882
41.0000 2.7593
42.0000 2.7893
43.0000 2.7236
44.0000 2.6402
45.0000 2.6944
46.0000 2.7846
47.0000 2.7906
48.0000 2.7242
49.0000 2.6287
50.0000 2.5360
51.0000 2.4758
52.0000 2.3794
53.0000 2.2860
54.0000 2.3426
55.0000 2.3599
56.0000 2.4596
57.0000 2.5584
58.0000 2.6583
59.0000 2.7563
60.0000 2.7789
61.0000 2.7500
62.0000 2.7745
63.0000 2.8555
64.0000 2.8403
65.0000 2.8838
66.0000 2.8436
67.0000 2.7923
68.0000 2.7265
69.0000 2.6345
70.0000 2.5487
71.0000 2.4487
72.0000 2.4953
73.0000 2.5953
74.0000 2.6674
75.0000 2.7412
76.0000 2.6759
77.0000 2.5780
78.0000 2.5194
79.0000 2.5324
80.0000 2.4617
81.0000 2.4586
82.0000 2.5267
83.0000 2.6236
84.0000 2.7235
85.0000 2.8003
86.0000 2.8102
87.0000 2.7409
88.0000 2.6784
89.0000 2.7251
90.0000 2.7570
91.0000 2.6901
92.0000 2.6134
93.0000 2.5162
94.0000 2.5028
95.0000 2.5603
96.0000 2.5960
97.0000 2.6950
98.0000 2.7915
99.0000 2.7888
100.0000 2.7026
101.0000 2.6347
102.0000 2.6229
103.0000 2.5753
104.0000 2.6220
105.0000 2.6458
106.0000 2.7003
107.0000 2.8002
108.0000 2.7539
109.0000 2.8072
110.0000 2.7335
111.0000 2.7317
112.0000 2.7192
113.0000 2.6311
114.0000 2.7246
115.0000 2.8246
116.0000 2.8145
117.0000 2.7544
118.0000 2.7528
119.0000 2.7230
120.0000 2.7047
121.0000 2.7997
122.0000 2.7585
123.0000 2.6621
124.0000 2.5627
125.0000 2.4636
126.0000 2.3759
127.0000 2.3574
128.0000 2.3357
129.0000 2.4114
130.0000 2.4726
131.0000 2.4550
132.0000 2.4366
133.0000 2.3591
134.0000 2.3755
135.0000 2.3753
136.0000 2.4386
137.0000 2.4338
138.0000 2.5062
139.0000 2.5753
140.0000 2.6069
141.0000 2.6468
142.0000 2.7415
143.0000 2.7282
144.0000 2.6368
145.0000 2.5980
146.0000 2.4989
147.0000 2.4031
148.0000 2.3079
149.0000 2.3164
150.0000 2.4093
