1.0000 2.2421
2.0000 2.3091
3.0000 2.2841
4.0000 2.3642
5.0000 2.3513
6.0000 2.3195
7.0000 2.3847
8.0000 2.3810
9.0000 2.3685
10.0000 2.3352
11.0000 2.3642
12.0000 2.4616
13.0000 2.5323
14.0000 2.4610
15.0000 2.3657
16.0000 2.2657
17.0000 2.1986
18.0000 2.1620
19.0000 2.1132
20.0000 2.0651
21.0000 2.0438
22.0000 2.1061
23.0000 2.2025
24.0000 2.2740
25.0000 2.2736
26.0000 2.3589
27.0000 2.4453
28.0000 2.4789
29.0000 2.5579
30.0000 2.5349
31.0000 2.6291
32.0000 2.6436
33.0000 2.5438
34.0000 2.4839
35.0000 2.4597
36.0000 2.5064
37.0000 2.4787
38.0000 2.4536
39.0000 2.3545
40.0000 2.2546
41.0000 2.2078
42.0000 2.2927
43.0000 2.3748
44.0000 2.3799
45.0000 2.4798
46.0000 2.5282
47.0000 2.4352
48.0000 2.3439
49.0000 2.2995
50.0000 2.2576
51.0000 2.1774
52.0000 2.0777
53.0000 1.9777
54.0000 1.9105
55.0000 1.8322
56.0000 1.7584
57.0000 1.8184
58.0000 1.7767
59.0000 1.6771
60.0000 1.5811
61.0000 1.4847
62.0000 1.4227
63.0000 1.3767
64.0000 1.3045
65.0000 1.3517
66.0000 1.4428
67.0000 1.3511
68.0000 1.2801
69.0000 1.2391
70.0000 1.2269
71.0000 1.2049
72.0000 1.2430
73.0000 1.3351
74.0000 1.4317
75.0000 1.4792
76.0000 1.4615
77.0000 1.4712
78.0000 1.5238
79.0000 1.6160
80.0000 1.7021
81.0000 1.6137
82.0000 1.5578
83.0000 1.5992
84.0000 1.6992
85.0000 1.7976
86.0000 1.6988
87.0000 1.5988
88.0000 1.4991
89.0000 1.4017
90.0000 1.3297
91.0000 1.2420
92.0000 1.2598
93.0000 1.2750
94.0000 1.2595
95.0000 1.2749
96.0000 1.3388
97.0000 1.4335
98.0000 1.5332
99.0000 1.5881
100.0000 1.6561
101.0000 1.7523
102.0000 1.8257
103.0000 1.7988
104.0000 1.7162
105.0000 1.6947
106.0000 1.6676
107.0000 1.6614
108.0000 1.6536
109.0000 1.6459
110.0000 1.7353
111.0000 1.6504
112.0000 1.5640
113.0000 1.5184
114.0000 1.5121
115.0000 1.4655
116.0000 1.5225
117.0000 1.5498
118.0000 1.5041
119.0000 1.4771
120.0000 1.5005
121.0000 1.5985
122.0000 1.6762
123.0000 1.6644
124.0000 1.5761
125.0000 1.4784
126.0000 1.4907
127.0000 1.4993
128.0000 1.5044
129.0000 1.5792
130.0000 1.6717
131.0000 1.7596
132.0000 1.6973
133.0000 1.6402
134.0000 1.6757
135.0000 1.5860
136.0000 1.4909
137.0000 1.4797
138.0000 1.5797
139.0000 1.6384
140.0000 1.7295
141.0000 1.8139
142.0000 1.9130
143.0000 1.9799
144.0000 2.0470
145.0000 1.9826
146.0000 1.9353
147.0000 1.8744
148.0000 1.8140
149.0000 1.7522
150.0000 1.6522
