1.0000 2.2254
2.0000 2.2101
3.0000 2.2705
4.0000 2.2677
5.0000 2.1682
6.0000 2.0762
7.0000 1.9783
8.0000 1.8989
9.0000 1.7989
10.0000 1.6992
11.0000 1.6056
12.0000 1.6264
13.0000 1.7196
14.0000 1.8171
15.0000 1.9104
16.0000 2.0048
17.0000 2.0139
18.0000 2.0254
19.0000 2.1254
20.0000 2.2244
21.0000 2.3218
22.0000 2.4199
23.0000 2.4652
24.0000 2.5235
25.0000 2.6195
26.0000 2.6336
27.0000 2.6004
28.0000 2.5432
29.0000 2.4439
30.0000 2.3522
31.0000 2.2589
32.0000 2.2834
33.0000 2.2491
34.0000 2.2818
35.0000 2.3224
36.0000 2.4007
37.0000 2.4947
38.0000 2.5227
39.0000 2.6115
40.0000 2.7114
41.0000 2.7908
42.0000 2.8330
43.0000 2.7765
44.0000 2.6797
45.0000 2.5834
46.0000 2.5762
47.0000 2.5956
48.0000 2.6621
49.0000 2.5628
50.0000 2.5280
51.0000 2.5110
52.0000 2.5560
53.0000 2.6558
54.0000 2.7514
55.0000 2.8389
56.0000 2.8905
57.0000 2.7915
58.0000 2.6959
59.0000 2.6383
60.0000 2.6355
61.0000 2.7040
62.0000 2.7258
63.0000 2.6765
64.0000 2.7613
65.0000 2.7503
66.0000 2.7335
67.0000 2.6956
68.0000 2.7151
69.0000 2.6396
70.0000 2.5655
71.0000 2.4942
72.0000 2.5321
73.0000 2.5590
74.0000 2.4698
75.0000 2.3905
76.0000 2.3515
77.0000 2.3049
78.0000 2.3392
79.0000 2.3308
80.0000 2.3363
81.0000 2.3003
82.0000 2.3020
83.0000 2.2375
84.0000 2.1833
85.0000 2.2589
86.0000 2.3413
87.0000 2.4156
88.0000 2.5155
89.0000 2.5471
90.0000 2.6110
91.0000 2.6926
92.0000 2.7653
93.0000 2.7453
94.0000 2.6653
95.0000 2.5806
96.0000 2.5037
97.0000 2.4050
98.0000 2.3062
99.0000 2.2063
100.0000 2.1068
101.0000 2.0533
102.0000 1.9592
103.0000 1.8817
104.0000 1.8709
105.0000 1.9115
106.0000 1.8127
107.0000 1.8191
108.0000 1.7713
109.0000 1.7358
110.0000 1.8050
111.0000 1.7580
112.0000 1.6584
113.0000 1.6407
114.0000 1.5409
115.0000 1.5427
116.0000 1.5015
117.0000 1.5757
118.0000 1.6337
119.0000 1.6741
120.0000 1.7216
121.0000 1.7046
122.0000 1.6046
123.0000 1.6133
124.0000 1.7131
125.0000 1.8067
126.0000 1.8906
127.0000 1.9382
128.0000 2.0243
129.0000 1.9465
130.0000 1.8556
131.0000 1.7860
132.0000 1.7446
133.0000 1.8152
134.0000 1.9150
135.0000 1.9959
136.0000 2.0953
137.0000 2.1767
138.0000 2.2707
139.0000 2.3681
140.0000 2.4355
141.0000 2.4972
142.0000 2.5622
143.0000 2.5725
144.0000 2.4765
145.0000 2.4568
146.0000 2.3676
147.0000 2.2693
148.0000 2.2008
149.0000 2.1847
150.0000 2.2517
