1.0000 2.1984
2.0000 2.1185
3.0000 2.1762
4.0000 2.2669
5.0000 2.2607
6.0000 2.1954
7.0000 2.0955
8.0000 2.0043
9.0000 1.9059
10.0000 1.8196
11.0000 1.7429
12.0000 1.6429
13.0000 1.5432
14.0000 1.4670
15.0000 1.3758
16.0000 1.2766
17.0000 1.2058
18.0000 1.2723
19.0000 1.3164
20.0000 1.4109
21.0000 1.4632
22.0000 1.5632
23.0000 1.6616
24.0000 1.6696
25.0000 1.7428
26.0000 1.8283
27.0000 1.8804
28.0000 1.8145
29.0000 1.7274
30.0000 1.6718
31.0000 1.5838
32.0000 1.5267
33.0000 1.4706
34.0000 1.4625
35.0000 1.3894
36.0000 1.4131
37.0000 1.3910
38.0000 1.4288
39.0000 1.5111
40.0000 1.5997
41.0000 1.6714
42.0000 1.7405
43.0000 1.8393
44.0000 1.9391
45.0000 2.0334
46.0000 2.1258
47.0000 2.2241
48.0000 2.3166
49.0000 2.4165
50.0000 2.4567
51.0000 2.4824
52.0000 2.4758
53.0000 2.5428
54.0000 2.6398
55.0000 2.7037
56.0000 2.8034
57.0000 2.7733
58.0000 2.7951
59.0000 2.7429
60.0000 2.6961
61.0000 2.6174
62.0000 2.5281
63.0000 2.4389
64.0000 2.4614
65.0000 2.5148
66.0000 2.4924
67.0000 2.4007
68.0000 2.3065
69.0000 2.3085
70.0000 2.3792
71.0000 2.4470
72.0000 2.3932
73.0000 2.3303
74.0000 2.2334
75.0000 2.1540
76.0000 2.0617
77.0000 2.0402
78.0000 2.0480
79.0000 2.1207
80.0000 2.2171
81.0000 2.3159
82.0000 2.3614
83.0000 2.2622
84.0000 2.1683
85.0000 2.1385
86.0000 2.0866
87.0000 2.0721
88.0000 1.9827
89.0000 2.0023
90.0000 2.0943
91.0000 2.0651
92.0000 2.0623
93.0000 2.0821
94.0000 2.1648
95.0000 2.2175
96.0000 2.2833
97.0000 2.3559
98.0000 2.4558
99.0000 2.5461
100.0000 2.5563
101.0000 2.5417
102.0000 2.4713
103.0000 2.3743
104.0000 2.2761
105.0000 2.2357
106.0000 2.2601
107.0000 2.2159
108.0000 2.1399
109.0000 2.0407
110.0000 1.9408
111.0000 1.8435
112.0000 1.8053
113.0000 1.7896
114.0000 1.7320
115.0000 1.6344
116.0000 1.5445
117.0000 1.4461
118.0000 1.3723
119.0000 1.2734
120.0000 1.2066
121.0000 1.2913
122.0000 1.3897
123.0000 1.4822
124.0000 1.5456
125.0000 1.6446
126.0000 1.7446
127.0000 1.8394
128.0000 1.8788
129.0000 1.8332
130.0000 1.9211
131.0000 1.9268
132.0000 1.8343
133.0000 1.7696
134.0000 1.7968
135.0000 1.8911
136.0000 1.8927
137.0000 1.8189
138.0000 1.7289
139.0000 1.8135
140.0000 1.8746
141.0000 1.9746
142.0000 2.0575
143.0000 2.1174
144.0000 2.0941
145.0000 1.9942
146.0000 1.9139
147.0000 1.9116
148.0000 1.8392
149.0000 1.7468
150.0000 1.6685
