1.0000 2.1698
2.0000 2.0700
3.0000 1.9886
4.0000 1.8904
5.0000 1.8244
6.0000 1.7476
7.0000 1.6856
8.0000 1.6174
9.0000 1.5201
10.0000 1.4747
11.0000 1.4965
12.0000 1.5114
13.0000 1.4626
14.0000 1.4528
15.0000 1.3651
16.0000 1.3938
17.0000 1.3711
18.0000 1.4619
19.0000 1.5479
20.0000 1.6367
21.0000 1.7271
22.0000 1.8114
23.0000 1.9068
24.0000 2.0062
25.0000 1.9856
26.0000 2.0838
27.0000 2.0925
28.0000 1.9969
29.0000 1.9575
30.0000 1.9604
31.0000 1.8647
32.0000 1.7711
33.0000 1.6907
34.0000 1.6493
35.0000 1.6534
36.0000 1.5861
37.0000 1.5019
38.0000 1.4027
39.0000 1.4325
40.0000 1.4209
41.0000 1.3471
42.0000 1.3308
43.0000 1.2453
44.0000 1.2269
45.0000 1.3189
46.0000 1.3927
47.0000 1.3988
48.0000 1.3779
49.0000 1.2971
50.0000 1.1972
51.0000 1.1660
52.0000 1.1730
53.0000 1.2029
54.0000 1.2276
55.0000 1.2903
56.0000 1.2425
57.0000 1.3006
58.0000 1.3672
59.0000 1.4634
60.0000 1.5327
61.0000 1.4962
62.0000 1.4783
63.0000 1.4881
64.0000 1.3882
65.0000 1.2900
66.0000 1.2345
67.0000 1.3207
68.0000 1.3466
69.0000 1.3618
70.0000 1.3015
71.0000 1.2462
72.0000 1.2808
73.0000 1.3135
74.0000 1.4031
75.0000 1.4544
76.0000 1.5039
77.0000 1.5007
78.0000 1.4054
79.0000 1.3098
80.0000 1.2280
81.0000 1.1284
82.0000 1.0390
83.0000 0.9852
84.0000 0.9054
85.0000 0.8353
86.0000 0.7588
87.0000 0.6789
88.0000 0.5845
89.0000 0.4848
90.0000 0.4238
91.0000 0.3871
92.0000 0.3445
93.0000 0.3367
94.0000 0.3274
95.0000 0.3876
96.0000 0.3049
97.0000 0.2220
98.0000 0.1297
99.0000 0.1597
100.0000 0.1729
101.0000 0.2613
102.0000 0.3451
103.0000 0.4428
104.0000 0.5065
105.0000 0.5322
106.0000 0.4458
107.0000 0.3464
108.0000 0.2839
109.0000 0.1932
110.0000 0.1380
111.0000 0.1848
112.0000 0.2847
113.0000 0.3512
114.0000 0.3600
115.0000 0.3964
116.0000 0.4679
117.0000 0.5679
118.0000 0.6562
119.0000 0.7480
120.0000 0.8350
121.0000 0.9275
122.0000 1.0076
123.0000 0.9943
124.0000 1.0123
125.0000 1.0246
126.0000 1.0472
127.0000 1.1392
128.0000 1.2300
129.0000 1.3164
130.0000 1.3383
131.0000 1.3709
132.0000 1.3543
133.0000 1.2641
134.0000 1.1650
135.0000 1.1659
136.0000 1.0893
137.0000 1.0005
138.0000 1.0463
139.0000 1.1386
140.0000 1.1920
141.0000 1.2268
142.0000 1.2576
143.0000 1.3092
144.0000 1.3608
145.0000 1.4202
146.0000 1.4462
147.0000 1.4826
148.0000 1.5474
149.0000 1.5106
150.0000 1.4847
