1.0000 2.1961
2.0000 2.1057
3.0000 2.0300
4.0000 2.0154
5.0000 2.0628
6.0000 2.1570
7.0000 2.2244
8.0000 2.3159
9.0000 2.3644
10.0000 2.3550
11.0000 2.2759
12.0000 2.3306
13.0000 2.3442
14.0000 2.2822
15.0000 2.2198
16.0000 2.1599
17.0000 2.0820
18.0000 2.0115
19.0000 1.9119
20.0000 1.8240
21.0000 1.7536
22.0000 1.8127
23.0000 1.7129
24.0000 1.6134
25.0000 1.5148
26.0000 1.4384
27.0000 1.4606
28.0000 1.5506
29.0000 1.6448
30.0000 1.7156
31.0000 1.8035
32.0000 1.8675
33.0000 1.8588
34.0000 1.9582
35.0000 2.0463
36.0000 2.1229
37.0000 2.1052
38.0000 2.0902
39.0000 2.0995
40.0000 2.1349
41.0000 2.2349
42.0000 2.3345
43.0000 2.3217
44.0000 2.2649
45.0000 2.2291
46.0000 2.1986
47.0000 2.1032
48.0000 2.1848
49.0000 2.2744
50.0000 2.2522
51.0000 2.1764
52.0000 2.0807
53.0000 2.0476
54.0000 2.1097
55.0000 2.1917
56.0000 2.2881
57.0000 2.3015
58.0000 2.3759
59.0000 2.3237
60.0000 2.2855
61.0000 2.3019
62.0000 2.2265
63.0000 2.1265
64.0000 2.0411
65.0000 1.9425
66.0000 1.8539
67.0000 1.7884
68.0000 1.7042
69.0000 1.6050
70.0000 1.5234
71.0000 1.4313
72.0000 1.3411
73.0000 1.3114
74.0000 1.2686
75.0000 1.1848
76.0000 1.0865
77.0000 1.0593
78.0000 0.9593
79.0000 0.8756
80.0000 0.7970
81.0000 0.7177
82.0000 0.6246
83.0000 0.5402
84.0000 0.4420
85.0000 0.3459
86.0000 0.2643
87.0000 0.3253
88.0000 0.3069
89.0000 0.3737
90.0000 0.4719
91.0000 0.4452
92.0000 0.4229
93.0000 0.4106
94.0000 0.3383
95.0000 0.2699
96.0000 0.3698
97.0000 0.4585
98.0000 0.5570
99.0000 0.6535
100.0000 0.7363
101.0000 0.7426
102.0000 0.6614
103.0000 0.5656
104.0000 0.4677
105.0000 0.5002
106.0000 0.4513
107.0000 0.3736
108.0000 0.3506
109.0000 0.4200
110.0000 0.5198
111.0000 0.6039
112.0000 0.6687
113.0000 0.7329
114.0000 0.6507
115.0000 0.5600
116.0000 0.4896
117.0000 0.4052
118.0000 0.3059
119.0000 0.2271
120.0000 0.1487
121.0000 0.0488
122.0000 0.0513
123.0000 0.1492
124.0000 0.2218
125.0000 0.3093
126.0000 0.3505
127.0000 0.4205
128.0000 0.5205
129.0000 0.5780
130.0000 0.5974
131.0000 0.5602
132.0000 0.4612
133.0000 0.3621
134.0000 0.3101
135.0000 0.2115
136.0000 0.1192
137.0000 0.0750
138.0000 0.1346
139.0000 0.2145
140.0000 0.2676
141.0000 0.3652
142.0000 0.4330
143.0000 0.4789
144.0000 0.5390
145.0000 0.6385
146.0000 0.6247
147.0000 0.5834
148.0000 0.4939
149.0000 0.4390
150.0000 0.4429
