1.0000 2.1902
2.0000 2.1216
3.0000 2.1037
4.0000 2.0814
5.0000 2.0946
6.0000 2.0388
7.0000 1.9646
8.0000 1.8764
9.0000 1.7765
10.0000 1.6950
11.0000 1.7082
12.0000 1.7231
13.0000 1.7505
14.0000 1.7881
15.0000 1.8827
16.0000 1.9379
17.0000 1.9441
18.0000 1.8513
19.0000 1.8099
20.0000 1.7208
21.0000 1.6325
22.0000 1.6041
23.0000 1.6919
24.0000 1.7771
25.0000 1.8309
26.0000 1.8812
27.0000 1.9273
28.0000 1.9353
29.0000 2.0048
30.0000 1.9590
31.0000 1.8750
32.0000 1.8512
33.0000 1.8339
34.0000 1.7362
35.0000 1.6813
36.0000 1.7437
37.0000 1.7295
38.0000 1.7002
39.0000 1.6244
40.0000 1.5551
41.0000 1.5376
42.0000 1.6290
43.0000 1.7079
44.0000 1.8000
45.0000 1.8656
46.0000 1.9656
47.0000 1.9915
48.0000 1.9552
49.0000 1.9583
50.0000 1.9817
51.0000 2.0131
52.0000 2.0230
53.0000 2.0637
54.0000 1.9642
55.0000 1.8650
56.0000 1.8102
57.0000 1.7231
58.0000 1.6998
59.0000 1.7245
60.0000 1.6472
61.0000 1.5654
62.0000 1.5700
63.0000 1.5035
64.0000 1.4297
65.0000 1.3739
66.0000 1.2926
67.0000 1.2579
68.0000 1.3317
69.0000 1.3795
70.0000 1.3717
71.0000 1.4713
72.0000 1.4477
73.0000 1.4850
74.0000 1.5836
75.0000 1.6806
76.0000 1.7791
77.0000 1.8643
78.0000 1.9065
79.0000 1.9468
80.0000 2.0446
81.0000 2.0819
82.0000 2.0156
83.0000 2.0873
84.0000 2.0687
85.0000 2.0336
86.0000 1.9383
87.0000 1.8443
88.0000 1.7548
89.0000 1.8012
90.0000 1.7995
91.0000 1.7971
92.0000 1.8338
93.0000 1.7829
94.0000 1.7539
95.0000 1.7296
96.0000 1.8295
97.0000 1.9018
98.0000 1.9009
99.0000 1.9065
100.0000 1.8766
101.0000 1.7779
102.0000 1.6782
103.0000 1.5804
104.0000 1.5319
105.0000 1.4753
106.0000 1.4076
107.0000 1.3120
108.0000 1.4099
109.0000 1.5085
110.0000 1.4692
111.0000 1.4875
112.0000 1.4919
113.0000 1.4257
114.0000 1.3576
115.0000 1.4110
116.0000 1.5009
117.0000 1.4740
118.0000 1.4431
119.0000 1.5431
120.0000 1.6366
121.0000 1.6899
122.0000 1.7228
123.0000 1.6264
124.0000 1.6081
125.0000 1.6532
126.0000 1.6992
127.0000 1.7215
128.0000 1.7670
129.0000 1.7603
130.0000 1.7935
131.0000 1.7286
132.0000 1.8010
133.0000 1.8761
134.0000 1.9594
135.0000 2.0113
136.0000 2.0267
137.0000 2.0712
138.0000 2.1709
139.0000 2.2513
140.0000 2.2778
141.0000 2.3700
142.0000 2.4335
143.0000 2.4914
144.0000 2.5462
145.0000 2.6461
146.0000 2.7036
147.0000 2.6478
148.0000 2.5873
149.0000 2.4943
150.0000 2.4080
