1.0000 2.1532
2.0000 2.0806
3.0000 2.0061
4.0000 1.9721
5.0000 1.9844
6.0000 2.0404
7.0000 1.9420
8.0000 1.8645
9.0000 1.7970
10.0000 1.7356
11.0000 1.6588
12.0000 1.5818
13.0000 1.6134
14.0000 1.6194
15.0000 1.6693
16.0000 1.7684
17.0000 1.8651
18.0000 1.9518
19.0000 2.0499
20.0000 2.1037
21.0000 2.0939
22.0000 2.0166
23.0000 1.9167
24.0000 1.8812
25.0000 1.8130
26.0000 1.8000
27.0000 1.7870
28.0000 1.8590
29.0000 1.8977
30.0000 1.9316
31.0000 1.8340
32.0000 1.8906
33.0000 1.9698
34.0000 2.0696
35.0000 2.0673
36.0000 1.9696
37.0000 1.8793
38.0000 1.8040
39.0000 1.9038
40.0000 1.9833
41.0000 2.0487
42.0000 2.1444
43.0000 2.2275
44.0000 2.2809
45.0000 2.3354
46.0000 2.4222
47.0000 2.4866
48.0000 2.5009
49.0000 2.4529
50.0000 2.3860
51.0000 2.4779
52.0000 2.5286
53.0000 2.4294
54.0000 2.4083
55.0000 2.4501
56.0000 2.5009
57.0000 2.4097
58.0000 2.3099
59.0000 2.3962
60.0000 2.4691
61.0000 2.4923
62.0000 2.4665
63.0000 2.3766
64.0000 2.2792
65.0000 2.2241
66.0000 2.2649
67.0000 2.3443
68.0000 2.4301
69.0000 2.4975
70.0000 2.5126
71.0000 2.4203
72.0000 2.3305
73.0000 2.2711
74.0000 2.1929
75.0000 2.2298
76.0000 2.2252
77.0000 2.2103
78.0000 2.1889
79.0000 2.1828
80.0000 2.2823
81.0000 2.3824
82.0000 2.4823
83.0000 2.4332
84.0000 2.3530
85.0000 2.3542
86.0000 2.2762
87.0000 2.3380
88.0000 2.4226
89.0000 2.5014
90.0000 2.4425
91.0000 2.3977
92.0000 2.3980
93.0000 2.4320
94.0000 2.4357
95.0000 2.4694
96.0000 2.3725
97.0000 2.3500
98.0000 2.3355
99.0000 2.3972
100.0000 2.4236
101.0000 2.3424
102.0000 2.3699
103.0000 2.3865
104.0000 2.3715
105.0000 2.3670
106.0000 2.3704
107.0000 2.3380
108.0000 2.4230
109.0000 2.5174
110.0000 2.5319
111.0000 2.5757
112.0000 2.6016
113.0000 2.6280
114.0000 2.6233
115.0000 2.6145
116.0000 2.6186
117.0000 2.6007
118.0000 2.6055
119.0000 2.6947
120.0000 2.7645
121.0000 2.7642
122.0000 2.7721
123.0000 2.8718
124.0000 2.9715
125.0000 3.0424
126.0000 3.1417
127.0000 3.2339
128.0000 3.3322
129.0000 3.3699
130.0000 3.4142
131.0000 3.5142
132.0000 3.6088
133.0000 3.6593
134.0000 3.5790
135.0000 3.6187
136.0000 2.8297
137.0000 2.7361
138.0000 2.7644
139.0000 2.6918
140.0000 2.7039
141.0000 2.7042
142.0000 2.6458
143.0000 2.5575
144.0000 2.4584
145.0000 2.4823
146.0000 2.4204
147.0000 2.4417
148.0000 2.5346
149.0000 2.4509
150.0000 2.3845
