1.0000 2.1811
2.0000 2.2509
3.0000 2.3351
4.0000 2.3854
5.0000 2.4296
6.0000 2.4748
7.0000 2.5450
8.0000 2.5967
9.0000 2.6155
10.0000 2.5263
11.0000 2.4298
12.0000 2.3906
13.0000 2.3988
14.0000 2.3576
15.0000 2.4133
16.0000 2.3638
17.0000 2.3028
18.0000 2.2584
19.0000 2.1801
20.0000 2.0803
21.0000 1.9851
22.0000 1.8852
23.0000 1.8399
24.0000 1.7583
25.0000 1.6680
26.0000 1.6186
27.0000 1.5225
28.0000 1.4609
29.0000 1.4803
30.0000 1.5711
31.0000 1.5841
32.0000 1.5281
33.0000 1.5193
34.0000 1.4431
35.0000 1.3516
36.0000 1.2516
37.0000 1.1688
38.0000 1.1895
39.0000 1.1955
40.0000 1.1508
41.0000 1.0962
42.0000 1.0914
43.0000 1.0485
44.0000 1.0590
45.0000 1.1499
46.0000 1.1458
47.0000 1.0666
48.0000 0.9717
49.0000 0.9440
50.0000 0.8677
51.0000 0.8961
52.0000 0.8674
53.0000 0.9402
54.0000 1.0401
55.0000 1.1401
56.0000 1.2397
57.0000 1.3159
58.0000 1.4052
59.0000 1.4435
60.0000 1.3535
61.0000 1.2860
62.0000 1.3097
63.0000 1.3191
64.0000 1.2754
65.0000 1.1760
66.0000 1.0915
67.0000 0.9943
68.0000 1.0180
69.0000 1.0376
70.0000 1.0875
71.0000 1.0868
72.0000 1.1817
73.0000 1.2809
74.0000 1.3758
75.0000 1.4467
76.0000 1.5072
77.0000 1.4345
78.0000 1.3837
79.0000 1.3338
80.0000 1.2434
81.0000 1.2418
82.0000 1.2388
83.0000 1.3301
84.0000 1.3487
85.0000 1.4294
86.0000 1.5214
87.0000 1.6005
88.0000 1.6996
89.0000 1.7123
90.0000 1.6737
91.0000 1.6008
92.0000 1.5280
93.0000 1.4447
94.0000 1.4819
95.0000 1.5273
96.0000 1.4857
97.0000 1.3894
98.0000 1.2894
99.0000 1.2049
100.0000 1.1848
101.0000 1.2828
102.0000 1.3744
103.0000 1.3309
104.0000 1.2586
105.0000 1.2382
106.0000 1.2489
107.0000 1.3482
108.0000 1.4265
109.0000 1.5178
110.0000 1.5510
111.0000 1.4647
112.0000 1.4163
113.0000 1.3914
114.0000 1.3006
115.0000 1.2941
116.0000 1.3496
117.0000 1.3119
118.0000 1.2342
119.0000 1.2040
120.0000 1.1167
121.0000 1.0512
122.0000 1.0421
123.0000 1.0005
124.0000 0.9591
125.0000 0.9061
126.0000 0.9456
127.0000 1.0269
128.0000 1.0637
129.0000 1.0271
130.0000 1.0391
131.0000 1.0743
132.0000 1.1728
133.0000 1.2631
134.0000 1.3415
135.0000 1.4328
136.0000 1.5301
137.0000 1.6154
138.0000 1.6784
139.0000 1.7713
140.0000 1.8603
141.0000 1.9602
142.0000 2.0562
143.0000 2.1176
144.0000 2.0389
145.0000 1.9485
146.0000 1.8488
147.0000 1.7561
148.0000 1.6580
149.0000 1.5667
150.0000 1.4790
