1.0000 2.1914
2.0000 2.0981
3.0000 1.9985
4.0000 1.9004
5.0000 1.8566
6.0000 1.8480
7.0000 1.8737
8.0000 1.8468
9.0000 1.7652
10.0000 1.6687
11.0000 1.6102
12.0000 1.5500
13.0000 1.5809
14.0000 1.5652
15.0000 1.4763
16.0000 1.3933
17.0000 1.3402
18.0000 1.4347
19.0000 1.5287
20.0000 1.5804
21.0000 1.4970
22.0000 1.4807
23.0000 1.5412
24.0000 1.6144
25.0000 1.6532
26.0000 1.5724
27.0000 1.6006
28.0000 1.6642
29.0000 1.7493
30.0000 1.7101
31.0000 1.7423
32.0000 1.8136
33.0000 1.7581
34.0000 1.8452
35.0000 1.8795
36.0000 1.8930
37.0000 1.8567
38.0000 1.9182
39.0000 1.9448
40.0000 2.0198
41.0000 2.1163
42.0000 2.1971
43.0000 2.2353
44.0000 2.2216
45.0000 2.1710
46.0000 2.0882
47.0000 1.9883
48.0000 1.8945
49.0000 1.8612
50.0000 1.9488
51.0000 2.0279
52.0000 2.0238
53.0000 1.9656
54.0000 1.8665
55.0000 1.8515
56.0000 1.7808
57.0000 1.7984
58.0000 1.8097
59.0000 1.7884
60.0000 1.8051
61.0000 1.7337
62.0000 1.6476
63.0000 1.5701
64.0000 1.4977
65.0000 1.4088
66.0000 1.3930
67.0000 1.3584
68.0000 1.2596
69.0000 1.2533
70.0000 1.1565
71.0000 1.0659
72.0000 1.0172
73.0000 1.0363
74.0000 1.0337
75.0000 1.1189
76.0000 1.0313
77.0000 0.9330
78.0000 0.8642
79.0000 0.9058
80.0000 0.8058
81.0000 0.7073
82.0000 0.6102
83.0000 0.5105
84.0000 0.4106
85.0000 0.3147
86.0000 0.3816
87.0000 0.3795
88.0000 0.4311
89.0000 0.5009
90.0000 0.5986
91.0000 0.6945
92.0000 0.7857
93.0000 0.8745
94.0000 0.9275
95.0000 0.9443
96.0000 1.0188
97.0000 1.0136
98.0000 1.1040
99.0000 1.1822
100.0000 1.2675
101.0000 1.3297
102.0000 1.4256
103.0000 1.5234
104.0000 1.6208
105.0000 1.6481
106.0000 1.7196
107.0000 1.7749
108.0000 1.7785
109.0000 1.8631
110.0000 1.9018
111.0000 1.8677
112.0000 1.9192
113.0000 1.9940
114.0000 1.9871
115.0000 1.8951
116.0000 1.7999
117.0000 1.7139
118.0000 1.6581
119.0000 1.6660
120.0000 1.6719
121.0000 1.6748
122.0000 1.7747
123.0000 1.8309
124.0000 1.8803
125.0000 1.9415
126.0000 1.9798
127.0000 1.8800
128.0000 1.8024
129.0000 1.7084
130.0000 1.7164
131.0000 1.7186
132.0000 1.8185
133.0000 1.7784
134.0000 1.6986
135.0000 1.7027
136.0000 1.7116
137.0000 1.8052
138.0000 1.8928
139.0000 1.9799
140.0000 1.9257
141.0000 1.8384
142.0000 1.7384
143.0000 1.8068
144.0000 1.9006
145.0000 2.0006
146.0000 1.9387
147.0000 1.8699
148.0000 1.8357
149.0000 1.7797
150.0000 1.6984
