1.0000 2.1568
2.0000 2.0590
3.0000 1.9591
4.0000 1.8625
5.0000 1.7825
6.0000 1.8679
7.0000 1.9515
8.0000 2.0357
9.0000 2.0646
10.0000 2.1517
11.0000 2.1661
12.0000 2.1374
13.0000 2.0565
14.0000 1.9646
15.0000 1.8671
16.0000 1.7715
17.0000 1.7056
18.0000 1.7678
19.0000 1.8643
20.0000 1.9442
21.0000 2.0421
22.0000 2.0885
23.0000 2.1110
24.0000 2.1215
25.0000 2.0882
26.0000 2.0539
27.0000 2.1416
28.0000 2.1942
29.0000 2.2422
30.0000 2.2044
31.0000 2.1276
32.0000 2.0467
33.0000 2.0357
34.0000 2.1338
35.0000 2.0905
36.0000 2.0292
37.0000 1.9625
38.0000 1.8670
39.0000 1.8208
40.0000 1.7690
41.0000 1.7082
42.0000 1.6599
43.0000 1.5674
44.0000 1.6257
45.0000 1.7220
46.0000 1.8036
47.0000 1.9005
48.0000 1.9994
49.0000 1.9569
50.0000 1.9567
51.0000 1.8568
52.0000 1.7569
53.0000 1.6570
54.0000 1.5754
55.0000 1.4887
56.0000 1.3906
57.0000 1.3574
58.0000 1.2732
59.0000 1.1915
60.0000 1.0918
61.0000 0.9988
62.0000 0.9403
63.0000 0.8529
64.0000 0.8791
65.0000 0.9063
66.0000 0.8526
67.0000 0.7786
68.0000 0.6891
69.0000 0.5950
70.0000 0.4951
71.0000 0.3996
72.0000 0.3455
73.0000 0.2975
74.0000 0.3917
75.0000 0.4909
76.0000 0.5317
77.0000 0.4374
78.0000 0.3379
79.0000 0.2568
80.0000 0.1818
81.0000 0.1694
82.0000 0.1374
83.0000 0.2170
84.0000 0.3169
85.0000 0.4169
86.0000 0.5060
87.0000 0.4663
88.0000 0.4581
89.0000 0.3901
90.0000 0.2921
91.0000 0.2551
92.0000 0.2291
93.0000 0.1444
94.0000 0.2238
95.0000 0.2967
96.0000 0.3817
97.0000 0.4812
98.0000 0.5795
99.0000 0.5535
100.0000 0.4927
101.0000 0.4133
102.0000 0.3134
103.0000 0.2395
104.0000 0.1628
105.0000 0.1821
106.0000 0.1600
107.0000 0.2598
108.0000 0.3410
109.0000 0.3962
110.0000 0.4406
111.0000 0.5295
112.0000 0.6294
113.0000 0.7269
114.0000 0.8158
115.0000 0.9155
116.0000 0.9802
117.0000 1.0249
118.0000 1.1156
119.0000 1.1774
120.0000 1.2745
121.0000 1.3744
122.0000 1.4089
123.0000 1.3395
124.0000 1.2748
125.0000 1.1749
126.0000 1.2229
127.0000 1.2738
128.0000 1.2600
129.0000 1.1693
130.0000 1.1386
131.0000 1.2226
132.0000 1.2817
133.0000 1.3810
134.0000 1.4804
135.0000 1.4628
136.0000 1.3910
137.0000 1.4362
138.0000 1.5328
139.0000 1.6119
140.0000 1.7116
141.0000 1.7987
142.0000 1.8819
143.0000 1.9047
144.0000 1.9204
145.0000 1.8707
146.0000 1.7741
147.0000 1.6755
148.0000 1.7259
149.0000 1.6502
150.0000 1.5507
