1.0000 2.1577
2.0000 2.0667
3.0000 1.9742
4.0000 1.8773
5.0000 1.8919
6.0000 1.9148
7.0000 1.9642
8.0000 1.9831
9.0000 2.0710
10.0000 2.1565
11.0000 2.1080
12.0000 2.0184
13.0000 1.9948
14.0000 1.9441
15.0000 1.9519
16.0000 2.0183
17.0000 2.0841
18.0000 2.1841
19.0000 2.2806
20.0000 2.3757
21.0000 2.4578
22.0000 2.5002
23.0000 2.4386
24.0000 2.3501
25.0000 2.2525
26.0000 2.1619
27.0000 2.0731
28.0000 2.0781
29.0000 2.1708
30.0000 2.2491
31.0000 2.3464
32.0000 2.4273
33.0000 2.5255
34.0000 2.6053
35.0000 2.7052
36.0000 2.6374
37.0000 2.5732
38.0000 2.5882
39.0000 2.5231
40.0000 2.4311
41.0000 2.3536
42.0000 2.3156
43.0000 2.2729
44.0000 2.2538
45.0000 2.2434
46.0000 2.1559
47.0000 2.0562
48.0000 1.9665
49.0000 1.9223
50.0000 1.8255
51.0000 1.7255
52.0000 1.6671
53.0000 1.6124
54.0000 1.5470
55.0000 1.4808
56.0000 1.4033
57.0000 1.3070
58.0000 1.2483
59.0000 1.1504
60.0000 1.1143
61.0000 1.0341
62.0000 0.9363
63.0000 0.8363
64.0000 0.7415
65.0000 0.6914
66.0000 0.7431
67.0000 0.7186
68.0000 0.8018
69.0000 0.8965
70.0000 0.9952
71.0000 1.0725
72.0000 1.1698
73.0000 1.2410
74.0000 1.3364
75.0000 1.4364
76.0000 1.5364
77.0000 1.5394
78.0000 1.5914
79.0000 1.6517
80.0000 1.7163
81.0000 1.8070
82.0000 1.8966
83.0000 1.9963
84.0000 2.0888
85.0000 2.1334
86.0000 2.1433
87.0000 2.1066
88.0000 2.0069
89.0000 1.9069
90.0000 1.8528
91.0000 1.8497
92.0000 1.9427
93.0000 2.0033
94.0000 2.0085
95.0000 2.1009
96.0000 2.1619
97.0000 2.1587
98.0000 2.1064
99.0000 2.0186
100.0000 1.9982
101.0000 1.9643
102.0000 1.8776
103.0000 1.7842
104.0000 1.6867
105.0000 1.7092
106.0000 1.8092
107.0000 1.8989
108.0000 1.8969
109.0000 1.8884
110.0000 1.9004
111.0000 1.9588
112.0000 2.0174
113.0000 1.9362
114.0000 1.8536
115.0000 1.7557
116.0000 1.6809
117.0000 1.5811
118.0000 1.5647
119.0000 1.5043
120.0000 1.4269
121.0000 1.3319
122.0000 1.3118
123.0000 1.3593
124.0000 1.3829
125.0000 1.4827
126.0000 1.5742
127.0000 1.6650
128.0000 1.7091
129.0000 1.6994
130.0000 1.7910
131.0000 1.8382
132.0000 1.9188
133.0000 1.9606
134.0000 1.8679
135.0000 1.9325
136.0000 1.9635
137.0000 2.0616
138.0000 2.1189
139.0000 2.1306
140.0000 2.0347
141.0000 1.9413
142.0000 1.8514
143.0000 1.7523
144.0000 1.6585
145.0000 1.5617
146.0000 1.5074
147.0000 1.5052
148.0000 1.4273
149.0000 1.3277
150.0000 1.2310
