1.0000 2.1879
2.0000 2.1016
3.0000 2.0238
4.0000 1.9753
5.0000 2.0158
6.0000 2.0641
7.0000 1.9643
8.0000 1.8731
9.0000 1.8034
10.0000 1.7808
11.0000 1.7329
12.0000 1.6548
13.0000 1.5618
14.0000 1.5541
15.0000 1.4541
16.0000 1.3568
17.0000 1.2629
18.0000 1.1791
19.0000 1.1773
20.0000 1.1728
21.0000 1.2620
22.0000 1.3478
23.0000 1.4070
24.0000 1.4860
25.0000 1.5670
26.0000 1.6668
27.0000 1.7668
28.0000 1.8404
29.0000 1.8919
30.0000 1.9212
31.0000 1.8807
32.0000 1.9245
33.0000 1.9687
34.0000 1.9343
35.0000 1.8467
36.0000 1.8143
37.0000 1.7263
38.0000 1.6266
39.0000 1.5350
40.0000 1.4395
41.0000 1.3442
42.0000 1.2665
43.0000 1.2255
44.0000 1.1262
45.0000 1.1032
46.0000 1.0036
47.0000 0.9075
48.0000 0.8131
49.0000 0.7269
50.0000 0.8254
51.0000 0.9023
52.0000 1.0015
53.0000 1.0648
54.0000 1.1475
55.0000 1.2367
56.0000 1.3232
57.0000 1.2982
58.0000 1.2858
59.0000 1.3823
60.0000 1.4823
61.0000 1.5204
62.0000 1.5389
63.0000 1.5627
64.0000 1.6469
65.0000 1.6868
66.0000 1.6837
67.0000 1.5934
68.0000 1.5754
69.0000 1.5320
70.0000 1.4359
71.0000 1.3412
72.0000 1.2595
73.0000 1.1604
74.0000 1.0606
75.0000 1.0407
76.0000 1.0906
77.0000 1.1516
78.0000 1.2437
79.0000 1.3104
80.0000 1.3394
81.0000 1.3834
82.0000 1.3245
83.0000 1.3056
84.0000 1.3253
85.0000 1.3530
86.0000 1.2780
87.0000 1.2056
88.0000 1.1250
89.0000 1.0410
90.0000 0.9743
91.0000 0.8773
92.0000 0.7784
93.0000 0.6847
94.0000 0.6015
95.0000 0.5016
96.0000 0.4358
97.0000 0.4868
98.0000 0.5862
99.0000 0.6845
100.0000 0.7781
101.0000 0.8678
102.0000 0.9239
103.0000 0.9736
104.0000 1.0259
105.0000 1.1243
106.0000 1.2237
107.0000 1.2461
108.0000 1.2884
109.0000 1.3498
110.0000 1.4012
111.0000 1.4293
112.0000 1.3897
113.0000 1.2969
114.0000 1.2332
115.0000 1.2245
116.0000 1.2758
117.0000 1.3750
118.0000 1.4670
119.0000 1.5656
120.0000 1.5529
121.0000 1.4577
122.0000 1.3650
123.0000 1.2877
124.0000 1.1940
125.0000 1.1494
126.0000 1.1258
127.0000 1.1704
128.0000 1.2656
129.0000 1.3266
130.0000 1.4249
131.0000 1.4800
132.0000 1.5060
133.0000 1.4637
134.0000 1.3649
135.0000 1.2652
136.0000 1.1717
137.0000 1.0728
138.0000 1.0161
139.0000 1.0511
140.0000 1.1466
141.0000 1.2435
142.0000 1.3309
143.0000 1.2530
144.0000 1.3461
145.0000 1.4176
146.0000 1.4352
147.0000 1.4745
148.0000 1.5114
149.0000 1.5419
150.0000 1.6395
