1.0000 2.1391
2.0000 2.1743
3.0000 2.2225
4.0000 2.2102
5.0000 2.1735
6.0000 2.0919
7.0000 1.9922
8.0000 1.8971
9.0000 1.7982
10.0000 1.7284
11.0000 1.7106
12.0000 1.6230
13.0000 1.5231
14.0000 1.4541
15.0000 1.3544
16.0000 1.2630
17.0000 1.1631
18.0000 1.1081
19.0000 1.1813
20.0000 1.2739
21.0000 1.3142
22.0000 1.2236
23.0000 1.1249
24.0000 1.0288
25.0000 0.9309
26.0000 0.8962
27.0000 0.8279
28.0000 0.7789
29.0000 0.7394
30.0000 0.8147
31.0000 0.8561
32.0000 0.8088
33.0000 0.8210
34.0000 0.7850
35.0000 0.7370
36.0000 0.6552
37.0000 0.6336
38.0000 0.6511
39.0000 0.7075
40.0000 0.7622
41.0000 0.8199
42.0000 0.9120
43.0000 1.0115
44.0000 1.0976
45.0000 1.1463
46.0000 1.1804
47.0000 1.2730
48.0000 1.3542
49.0000 1.4541
50.0000 1.5538
51.0000 1.6396
52.0000 1.7147
53.0000 1.8113
54.0000 1.8878
55.0000 1.9837
56.0000 2.0775
57.0000 2.1206
58.0000 2.2206
59.0000 2.2945
60.0000 2.2920
61.0000 2.2310
62.0000 2.3229
63.0000 2.3558
64.0000 2.4556
65.0000 2.5070
66.0000 2.4996
67.0000 2.4927
68.0000 2.4441
69.0000 2.4031
70.0000 2.4535
71.0000 2.4448
72.0000 2.4845
73.0000 2.5416
74.0000 2.4917
75.0000 2.3940
76.0000 2.3047
77.0000 2.2351
78.0000 2.1358
79.0000 2.0359
80.0000 2.0528
81.0000 2.1506
82.0000 2.2483
83.0000 2.3401
84.0000 2.4131
85.0000 2.4803
86.0000 2.4335
87.0000 2.3342
88.0000 2.2432
89.0000 2.1798
90.0000 2.2778
91.0000 2.3768
92.0000 2.4614
93.0000 2.4646
94.0000 2.3998
95.0000 2.3025
96.0000 2.2234
97.0000 2.1406
98.0000 2.1068
99.0000 2.0954
100.0000 2.0567
101.0000 2.1531
102.0000 2.2531
103.0000 2.2867
104.0000 2.2741
105.0000 2.2222
106.0000 2.1854
107.0000 2.1249
108.0000 2.2198
109.0000 2.2974
110.0000 2.3832
111.0000 2.3997
112.0000 2.4077
113.0000 2.4802
114.0000 2.4555
115.0000 2.4347
116.0000 2.4233
117.0000 2.4749
118.0000 2.5565
119.0000 2.6552
120.0000 2.6260
121.0000 2.5900
122.0000 2.5116
123.0000 2.4965
124.0000 2.5962
125.0000 2.5979
126.0000 2.6564
127.0000 2.7544
128.0000 2.8523
129.0000 2.8213
130.0000 2.8239
131.0000 2.8527
132.0000 2.8127
133.0000 2.7803
134.0000 2.6847
135.0000 2.7699
136.0000 2.8436
137.0000 2.7485
138.0000 2.6878
139.0000 2.5886
140.0000 2.6244
141.0000 2.6465
142.0000 2.7383
143.0000 2.8143
144.0000 2.7801
145.0000 2.7587
146.0000 2.7403
147.0000 2.7461
148.0000 2.6466
149.0000 2.5999
150.0000 2.5052
