1.0000 2.1566
2.0000 2.0602
3.0000 2.0985
4.0000 2.0043
5.0000 2.0007
6.0000 1.9624
7.0000 1.8660
8.0000 1.7718
9.0000 1.6994
10.0000 1.6222
11.0000 1.5774
12.0000 1.5183
13.0000 1.4498
14.0000 1.3501
15.0000 1.2517
16.0000 1.1978
17.0000 1.0996
18.0000 1.0768
19.0000 1.0602
20.0000 1.0096
21.0000 0.9131
22.0000 0.8885
23.0000 0.9847
24.0000 1.0837
25.0000 1.1833
26.0000 1.1825
27.0000 1.2640
28.0000 1.3449
29.0000 1.4428
30.0000 1.5412
31.0000 1.6380
32.0000 1.6272
33.0000 1.6723
34.0000 1.7671
35.0000 1.8666
36.0000 1.9272
37.0000 2.0225
38.0000 1.9865
39.0000 1.9018
40.0000 1.8709
41.0000 1.9672
42.0000 1.9931
43.0000 1.8931
44.0000 1.7952
45.0000 1.7856
46.0000 1.8618
47.0000 1.9455
48.0000 1.9963
49.0000 1.9977
50.0000 1.9004
51.0000 1.8028
52.0000 1.7589
53.0000 1.7112
54.0000 1.6134
55.0000 1.5196
56.0000 1.4471
57.0000 1.4607
58.0000 1.3701
59.0000 1.3395
60.0000 1.2612
61.0000 1.1879
62.0000 1.1176
63.0000 1.0708
64.0000 1.0835
65.0000 1.0281
66.0000 0.9288
67.0000 0.8542
68.0000 0.8160
69.0000 0.7182
70.0000 0.6367
71.0000 0.5387
72.0000 0.4972
73.0000 0.4317
74.0000 0.4260
75.0000 0.5001
76.0000 0.5813
77.0000 0.5581
78.0000 0.5137
79.0000 0.5003
80.0000 0.4022
81.0000 0.3265
82.0000 0.3253
83.0000 0.3146
84.0000 0.2678
85.0000 0.3323
86.0000 0.3598
87.0000 0.3953
88.0000 0.4552
89.0000 0.5084
90.0000 0.5205
91.0000 0.4505
92.0000 0.4186
93.0000 0.5123
94.0000 0.5868
95.0000 0.6313
96.0000 0.6137
97.0000 0.5983
98.0000 0.6973
99.0000 0.7612
100.0000 0.8033
101.0000 0.9033
102.0000 0.9797
103.0000 1.0083
104.0000 1.0973
105.0000 1.1921
106.0000 1.2685
107.0000 1.3658
108.0000 1.4633
109.0000 1.5078
110.0000 1.5845
111.0000 1.6009
112.0000 1.6840
113.0000 1.5858
114.0000 1.5366
115.0000 1.4484
116.0000 1.3665
117.0000 1.3869
118.0000 1.2958
119.0000 1.2824
120.0000 1.3820
121.0000 1.4279
122.0000 1.5258
123.0000 1.6232
124.0000 1.7157
125.0000 1.6857
126.0000 1.6621
127.0000 1.7619
128.0000 1.8617
129.0000 1.9284
130.0000 2.0265
131.0000 2.0870
132.0000 2.1287
133.0000 2.1984
134.0000 2.1476
135.0000 2.1923
136.0000 2.1762
137.0000 2.1792
138.0000 2.2674
139.0000 2.3668
140.0000 2.4230
141.0000 2.5194
142.0000 2.6192
143.0000 2.6820
144.0000 2.7811
145.0000 2.8468
146.0000 2.8723
147.0000 2.8730
148.0000 2.9299
149.0000 2.8937
150.0000 2.8133
