1.0000 2.1650
2.0000 2.1479
3.0000 2.0548
4.0000 1.9605
5.0000 1.8605
6.0000 1.8160
7.0000 1.7387
8.0000 1.7549
9.0000 1.8077
10.0000 1.8397
11.0000 1.7437
12.0000 1.6439
13.0000 1.6679
14.0000 1.7306
15.0000 1.7449
16.0000 1.8400
17.0000 1.9288
18.0000 1.8926
19.0000 1.8186
20.0000 1.7296
21.0000 1.6796
22.0000 1.5864
23.0000 1.6314
24.0000 1.7209
25.0000 1.7870
26.0000 1.8861
27.0000 1.9861
28.0000 1.9608
29.0000 1.8927
30.0000 1.7944
31.0000 1.6998
32.0000 1.6836
33.0000 1.6385
34.0000 1.6323
35.0000 1.5382
36.0000 1.4771
37.0000 1.4036
38.0000 1.5029
39.0000 1.5248
40.0000 1.6244
41.0000 1.6991
42.0000 1.7570
43.0000 1.7949
44.0000 1.8943
45.0000 1.9842
46.0000 1.9834
47.0000 1.9002
48.0000 1.8117
49.0000 1.7403
50.0000 1.6573
51.0000 1.5793
52.0000 1.5871
53.0000 1.5616
54.0000 1.6270
55.0000 1.5937
56.0000 1.4938
57.0000 1.4229
58.0000 1.4430
59.0000 1.3548
60.0000 1.2567
61.0000 1.2605
62.0000 1.2690
63.0000 1.3154
64.0000 1.2941
65.0000 1.3429
66.0000 1.3063
67.0000 1.2355
68.0000 1.1886
69.0000 1.2145
70.0000 1.1625
71.0000 1.1644
72.0000 1.1482
73.0000 1.0644
74.0000 1.0092
75.0000 0.9477
76.0000 0.9491
77.0000 1.0227
78.0000 1.1063
79.0000 1.1115
80.0000 1.0254
81.0000 0.9470
82.0000 0.8475
83.0000 0.7859
84.0000 0.7588
85.0000 0.7739
86.0000 0.7558
87.0000 0.7376
88.0000 0.7560
89.0000 0.8529
90.0000 0.9510
91.0000 1.0495
92.0000 1.0805
93.0000 1.1606
94.0000 1.2547
95.0000 1.3184
96.0000 1.2590
97.0000 1.2218
98.0000 1.1761
99.0000 1.1084
100.0000 1.2067
101.0000 1.2832
102.0000 1.3067
103.0000 1.3873
104.0000 1.3241
105.0000 1.2241
106.0000 1.3185
107.0000 1.4048
108.0000 1.4848
109.0000 1.5784
110.0000 1.6341
111.0000 1.6336
112.0000 1.5513
113.0000 1.4675
114.0000 1.3676
115.0000 1.3317
116.0000 1.2429
117.0000 1.1855
118.0000 1.0987
119.0000 1.0072
120.0000 0.9197
121.0000 0.8765
122.0000 0.7766
123.0000 0.7604
124.0000 0.7552
125.0000 0.6691
126.0000 0.6295
127.0000 0.6317
128.0000 0.5477
129.0000 0.4503
130.0000 0.4037
131.0000 0.3039
132.0000 0.2290
133.0000 0.2123
134.0000 0.1549
135.0000 0.2129
136.0000 0.2983
137.0000 0.2980
138.0000 0.3916
139.0000 0.4766
140.0000 0.5755
141.0000 0.5491
142.0000 0.5506
143.0000 0.5695
144.0000 0.6539
145.0000 0.6885
146.0000 0.7782
147.0000 0.8782
148.0000 0.9590
149.0000 1.0577
150.0000 1.1565
