1.0000 2.1677
2.0000 2.1122
3.0000 2.1230
4.0000 2.0302
5.0000 1.9964
6.0000 1.9779
7.0000 2.0430
8.0000 2.0369
9.0000 2.1362
10.0000 2.2093
11.0000 2.1803
12.0000 2.0930
13.0000 2.0079
14.0000 2.0778
15.0000 2.1661
16.0000 2.1052
17.0000 2.0336
18.0000 2.0927
19.0000 2.0754
20.0000 1.9880
21.0000 1.8896
22.0000 1.7958
23.0000 1.7781
24.0000 1.6858
25.0000 1.6062
26.0000 1.5960
27.0000 1.6324
28.0000 1.5907
29.0000 1.6525
30.0000 1.7441
31.0000 1.7072
32.0000 1.7492
33.0000 1.7687
34.0000 1.8638
35.0000 1.9518
36.0000 1.9873
37.0000 2.0421
38.0000 2.1364
39.0000 2.2229
40.0000 2.3162
41.0000 2.4049
42.0000 2.4982
43.0000 2.5803
44.0000 2.6466
45.0000 2.7433
46.0000 2.8142
47.0000 2.7448
48.0000 2.6721
49.0000 2.6251
50.0000 2.5294
51.0000 2.5077
52.0000 2.6073
53.0000 2.6946
54.0000 2.7759
55.0000 2.6993
56.0000 2.6140
57.0000 2.7023
58.0000 2.8002
59.0000 2.7589
60.0000 2.7386
61.0000 2.8295
62.0000 2.7333
63.0000 2.6435
64.0000 2.5838
65.0000 2.5768
66.0000 2.5015
67.0000 2.4184
68.0000 2.3201
69.0000 2.2531
70.0000 2.2576
71.0000 2.2319
72.0000 2.2143
73.0000 2.1836
74.0000 2.2085
75.0000 2.2721
76.0000 2.3714
77.0000 2.4597
78.0000 2.4519
79.0000 2.3971
80.0000 2.2971
81.0000 2.2179
82.0000 2.1394
83.0000 2.1176
84.0000 2.0270
85.0000 1.9323
86.0000 1.8325
87.0000 1.7332
88.0000 1.6539
89.0000 1.5752
90.0000 1.4806
91.0000 1.4602
92.0000 1.4607
93.0000 1.4222
94.0000 1.4456
95.0000 1.5177
96.0000 1.5764
97.0000 1.6657
98.0000 1.7611
99.0000 1.7839
100.0000 1.8768
101.0000 1.9282
102.0000 2.0276
103.0000 1.9785
104.0000 1.8898
105.0000 1.8083
106.0000 1.7583
107.0000 1.7329
108.0000 1.8292
109.0000 1.7839
110.0000 1.8415
111.0000 1.9106
112.0000 1.9196
113.0000 1.9941
114.0000 1.9564
115.0000 1.8967
116.0000 1.9197
117.0000 1.8231
118.0000 1.7307
119.0000 1.7136
120.0000 1.7714
121.0000 1.7469
122.0000 1.7542
123.0000 1.8493
124.0000 1.8489
125.0000 1.9203
126.0000 1.9333
127.0000 1.9972
128.0000 1.9948
129.0000 1.9060
130.0000 1.8075
131.0000 1.7081
132.0000 1.6181
133.0000 1.5231
134.0000 1.4313
135.0000 1.3337
136.0000 1.2768
137.0000 1.3062
138.0000 1.4060
139.0000 1.4363
140.0000 1.4622
141.0000 1.5570
142.0000 1.6269
143.0000 1.6040
144.0000 1.5059
145.0000 1.4817
146.0000 1.5740
147.0000 1.5963
148.0000 1.5954
149.0000 1.6925
150.0000 1.7649
