1.0000 2.1883
2.0000 2.1170
3.0000 2.0190
4.0000 1.9478
5.0000 1.8478
6.0000 1.8066
7.0000 1.8361
8.0000 1.8282
9.0000 1.9140
10.0000 1.9904
11.0000 2.0277
12.0000 1.9935
13.0000 2.0025
14.0000 1.9657
15.0000 1.9108
16.0000 1.9064
17.0000 1.8154
18.0000 1.8300
19.0000 1.8468
20.0000 1.9252
21.0000 1.9728
22.0000 1.9843
23.0000 2.0061
24.0000 1.9705
25.0000 1.9962
26.0000 2.0441
27.0000 2.0486
28.0000 2.1006
29.0000 2.0846
30.0000 2.1185
31.0000 2.1687
32.0000 2.2564
33.0000 2.3440
34.0000 2.4430
35.0000 2.4675
36.0000 2.4731
37.0000 2.5728
38.0000 2.5145
39.0000 2.4398
40.0000 2.3451
41.0000 2.2511
42.0000 2.3219
43.0000 2.3512
44.0000 2.2879
45.0000 2.3496
46.0000 2.4245
47.0000 2.5241
48.0000 2.4712
49.0000 2.3774
50.0000 2.3106
51.0000 2.2579
52.0000 2.2506
53.0000 2.1776
54.0000 2.2579
55.0000 2.3262
56.0000 2.3941
57.0000 2.3526
58.0000 2.3290
59.0000 2.2911
60.0000 2.2147
61.0000 2.2048
62.0000 2.1156
63.0000 2.0159
64.0000 1.9350
65.0000 1.8889
66.0000 1.8494
67.0000 1.8085
68.0000 1.8355
69.0000 1.9303
70.0000 2.0298
71.0000 2.0572
72.0000 1.9767
73.0000 1.9444
74.0000 1.8547
75.0000 1.8020
76.0000 1.7707
77.0000 1.8163
78.0000 1.8926
79.0000 1.9921
80.0000 1.9932
81.0000 2.0810
82.0000 2.1626
83.0000 2.2562
84.0000 2.3349
85.0000 2.4304
86.0000 2.4983
87.0000 2.5619
88.0000 2.6133
89.0000 2.6519
90.0000 2.6865
91.0000 2.7461
92.0000 2.8005
93.0000 2.7847
94.0000 2.6892
95.0000 2.6699
96.0000 2.6875
97.0000 2.6633
98.0000 2.6517
99.0000 2.6053
100.0000 2.6493
101.0000 2.6697
102.0000 2.5730
103.0000 2.4753
104.0000 2.4156
105.0000 2.3310
106.0000 2.2730
107.0000 2.1735
108.0000 2.0818
109.0000 2.0073
110.0000 1.9496
111.0000 1.8507
112.0000 1.7989
113.0000 1.8107
114.0000 1.8254
115.0000 1.8382
116.0000 1.8261
117.0000 1.9095
118.0000 1.9123
119.0000 1.8702
120.0000 1.9611
121.0000 2.0602
122.0000 2.1136
123.0000 2.0653
124.0000 2.1532
125.0000 2.2016
126.0000 2.2997
127.0000 2.3655
128.0000 2.2658
129.0000 2.1666
130.0000 2.1018
131.0000 2.0350
132.0000 1.9452
133.0000 1.8868
134.0000 1.8472
135.0000 1.8697
136.0000 1.8542
137.0000 1.8208
138.0000 1.8624
139.0000 1.8309
140.0000 1.8842
141.0000 1.8222
142.0000 1.9212
143.0000 2.0118
144.0000 2.0463
145.0000 1.9546
146.0000 1.8721
147.0000 1.9212
148.0000 1.9987
149.0000 2.0876
150.0000 2.1798
