1.0000 2.2443
2.0000 2.2776
3.0000 2.3415
4.0000 2.3601
5.0000 2.4022
6.0000 2.3036
7.0000 2.2173
8.0000 2.1264
9.0000 2.0334
10.0000 1.9943
11.0000 1.9307
12.0000 1.8364
13.0000 1.7503
14.0000 1.6710
15.0000 1.5732
16.0000 1.5522
17.0000 1.4562
18.0000 1.5378
19.0000 1.6262
20.0000 1.6885
21.0000 1.7830
22.0000 1.8502
23.0000 1.8928
24.0000 1.9915
25.0000 2.0414
26.0000 2.1075
27.0000 2.2041
28.0000 2.3040
29.0000 2.3911
30.0000 2.4693
31.0000 2.4515
32.0000 2.5031
33.0000 2.4844
34.0000 2.4217
35.0000 2.4036
36.0000 2.3116
37.0000 2.2281
38.0000 2.2543
39.0000 2.2578
40.0000 2.3534
41.0000 2.4131
42.0000 2.5046
43.0000 2.5483
44.0000 2.6435
45.0000 2.6971
46.0000 2.7254
47.0000 2.6582
48.0000 2.6643
49.0000 2.5693
50.0000 2.4756
51.0000 2.4758
52.0000 2.5747
53.0000 2.6613
54.0000 2.7457
55.0000 2.8263
56.0000 2.8743
57.0000 2.8473
58.0000 2.8046
59.0000 2.7055
60.0000 2.6159
61.0000 2.6973
62.0000 2.5975
63.0000 2.5023
64.0000 2.4968
65.0000 2.5470
66.0000 2.4972
67.0000 2.5697
68.0000 2.5959
69.0000 2.6434
70.0000 2.5633
71.0000 2.5707
72.0000 2.5228
73.0000 2.4261
74.0000 2.3487
75.0000 2.3944
76.0000 2.4392
77.0000 2.4518
78.0000 2.4120
79.0000 2.3333
80.0000 2.2425
81.0000 2.1498
82.0000 2.1046
83.0000 2.0546
84.0000 2.0217
85.0000 1.9457
86.0000 1.8618
87.0000 1.8309
88.0000 1.7775
89.0000 1.7347
90.0000 1.6949
91.0000 1.7183
92.0000 1.6197
93.0000 1.5579
94.0000 1.4643
95.0000 1.3652
96.0000 1.2741
97.0000 1.1839
98.0000 1.0840
99.0000 0.9845
100.0000 0.8909
101.0000 0.8737
102.0000 0.9481
103.0000 1.0480
104.0000 1.1452
105.0000 1.2091
106.0000 1.2927
107.0000 1.3865
108.0000 1.4597
109.0000 1.5589
110.0000 1.6168
111.0000 1.6816
112.0000 1.7517
113.0000 1.8051
114.0000 1.8705
115.0000 1.8931
116.0000 1.9262
117.0000 1.9855
118.0000 1.8886
119.0000 1.7890
120.0000 1.7386
121.0000 1.6441
122.0000 1.5495
123.0000 1.4518
124.0000 1.3520
125.0000 1.2584
126.0000 1.1799
127.0000 1.0965
128.0000 1.0308
129.0000 1.0647
130.0000 1.1056
131.0000 1.0308
132.0000 1.0226
133.0000 0.9858
134.0000 0.8942
135.0000 0.8303
136.0000 0.7950
137.0000 0.7851
138.0000 0.7010
139.0000 0.6340
140.0000 0.6905
141.0000 0.7903
142.0000 0.8868
143.0000 0.9792
144.0000 1.0499
145.0000 1.1489
146.0000 1.2456
147.0000 1.2881
148.0000 1.3332
149.0000 1.4294
150.0000 1.4816
