1.0000 2.2554
2.0000 2.2088
3.0000 2.1534
4.0000 2.0534
5.0000 1.9597
6.0000 1.8610
7.0000 1.8517
8.0000 1.8742
9.0000 1.8059
10.0000 1.7305
11.0000 1.6311
12.0000 1.5460
13.0000 1.4911
14.0000 1.4342
15.0000 1.3906
16.0000 1.4185
17.0000 1.5182
18.0000 1.6152
19.0000 1.7131
20.0000 1.7313
21.0000 1.6437
22.0000 1.6669
23.0000 1.7313
24.0000 1.7021
25.0000 1.6523
26.0000 1.5526
27.0000 1.5126
28.0000 1.4840
29.0000 1.5157
30.0000 1.5825
31.0000 1.6714
32.0000 1.7430
33.0000 1.7455
34.0000 1.6998
35.0000 1.7695
36.0000 1.8620
37.0000 1.7912
38.0000 1.7158
39.0000 1.6228
40.0000 1.5491
41.0000 1.4492
42.0000 1.4075
43.0000 1.3457
44.0000 1.2783
45.0000 1.1929
46.0000 1.0982
47.0000 1.0563
48.0000 1.1296
49.0000 1.2284
50.0000 1.3215
51.0000 1.3880
52.0000 1.4769
53.0000 1.5512
54.0000 1.6033
55.0000 1.6338
56.0000 1.6521
57.0000 1.7478
58.0000 1.8176
59.0000 1.8844
60.0000 1.8019
61.0000 1.7124
62.0000 1.6393
63.0000 1.5450
64.0000 1.4808
65.0000 1.4951
66.0000 1.5010
67.0000 1.4670
68.0000 1.3698
69.0000 1.3020
70.0000 1.2736
71.0000 1.3261
72.0000 1.3998
73.0000 1.4998
74.0000 1.5539
75.0000 1.6527
76.0000 1.5618
77.0000 1.4980
78.0000 1.4054
79.0000 1.3057
80.0000 1.2702
81.0000 1.3365
82.0000 1.4185
83.0000 1.5184
84.0000 1.6065
85.0000 1.6970
86.0000 1.7876
87.0000 1.8842
88.0000 1.8967
89.0000 1.8959
90.0000 1.9568
91.0000 1.9917
92.0000 1.9437
93.0000 1.9525
94.0000 2.0026
95.0000 2.0701
96.0000 2.1645
97.0000 2.2537
98.0000 2.2816
99.0000 2.1978
100.0000 2.2061
101.0000 2.3044
102.0000 2.3101
103.0000 2.2129
104.0000 2.1610
105.0000 2.1246
106.0000 2.0744
107.0000 2.1412
108.0000 2.0800
109.0000 2.1611
110.0000 2.1490
111.0000 2.1366
112.0000 2.1520
113.0000 2.2001
114.0000 2.2606
115.0000 2.3574
116.0000 2.3149
117.0000 2.2242
118.0000 2.1789
119.0000 2.2789
120.0000 2.3771
121.0000 2.3466
122.0000 2.2721
123.0000 2.1738
124.0000 2.0943
125.0000 1.9984
126.0000 2.0327
127.0000 2.1055
128.0000 2.1404
129.0000 2.0995
130.0000 2.0361
131.0000 1.9695
132.0000 1.9213
133.0000 1.8631
134.0000 1.8540
135.0000 1.9194
136.0000 1.9850
137.0000 1.9266
138.0000 1.9949
139.0000 2.0926
140.0000 2.1033
141.0000 2.1177
142.0000 2.1850
143.0000 2.2737
144.0000 2.3674
145.0000 2.4600
146.0000 2.4553
147.0000 2.3835
148.0000 2.3894
149.0000 2.3056
150.0000 2.2088
