1.0000 2.1390
2.0000 2.1147
3.0000 2.1971
4.0000 2.2914
5.0000 2.2546
6.0000 2.2628
7.0000 2.2314
8.0000 2.2025
9.0000 2.1378
10.0000 2.0540
11.0000 2.0632
12.0000 2.0438
13.0000 2.1245
14.0000 2.2240
15.0000 2.1724
16.0000 2.1488
17.0000 2.1121
18.0000 2.1497
19.0000 2.2494
20.0000 2.3181
21.0000 2.3076
22.0000 2.2230
23.0000 2.1230
24.0000 2.0232
25.0000 1.9937
26.0000 1.9905
27.0000 2.0758
28.0000 2.1460
29.0000 2.2442
30.0000 2.3375
31.0000 2.4300
32.0000 2.5275
33.0000 2.6275
34.0000 2.7179
35.0000 2.7813
36.0000 2.7980
37.0000 2.7794
38.0000 2.6794
39.0000 2.5795
40.0000 2.4802
41.0000 2.3841
42.0000 2.2842
43.0000 2.2125
44.0000 2.2827
45.0000 2.3824
46.0000 2.4807
47.0000 2.5390
48.0000 2.5988
49.0000 2.6911
50.0000 2.7646
51.0000 2.6658
52.0000 2.6103
53.0000 2.5545
54.0000 2.5269
55.0000 2.4615
56.0000 2.3889
57.0000 2.2952
58.0000 2.2842
59.0000 2.2780
60.0000 2.1929
61.0000 2.2038
62.0000 2.1208
63.0000 2.0440
64.0000 1.9599
65.0000 1.8650
66.0000 1.8263
67.0000 1.7694
68.0000 1.7224
69.0000 1.6471
70.0000 1.5500
71.0000 1.4591
72.0000 1.4773
73.0000 1.4924
74.0000 1.5836
75.0000 1.5593
76.0000 1.5441
77.0000 1.5218
78.0000 1.5042
79.0000 1.5575
80.0000 1.6386
81.0000 1.6614
82.0000 1.6867
83.0000 1.7853
84.0000 1.8852
85.0000 1.9311
86.0000 1.9742
87.0000 2.0691
88.0000 2.1057
89.0000 2.0407
90.0000 1.9408
91.0000 1.9080
92.0000 1.8300
93.0000 1.7335
94.0000 1.6702
95.0000 1.6353
96.0000 1.6017
97.0000 1.5722
98.0000 1.6271
99.0000 1.6254
100.0000 1.5690
101.0000 1.5126
102.0000 1.4137
103.0000 1.3139
104.0000 1.2364
105.0000 1.1400
106.0000 1.0437
107.0000 0.9553
108.0000 0.9361
109.0000 0.9991
110.0000 1.0769
111.0000 1.1371
112.0000 1.2040
113.0000 1.2120
114.0000 1.1135
115.0000 1.0235
116.0000 0.9676
117.0000 1.0240
118.0000 0.9338
119.0000 0.8954
120.0000 0.8073
121.0000 0.7865
122.0000 0.8076
123.0000 0.7612
124.0000 0.6871
125.0000 0.6308
126.0000 0.5556
127.0000 0.4611
128.0000 0.3620
129.0000 0.4377
130.0000 0.5372
131.0000 0.6193
132.0000 0.6202
133.0000 0.6051
134.0000 0.6645
135.0000 0.7276
136.0000 0.7420
137.0000 0.8166
138.0000 0.9164
139.0000 1.0159
140.0000 1.1102
141.0000 1.1750
142.0000 1.2476
143.0000 1.3137
144.0000 1.2630
145.0000 1.1790
146.0000 1.1066
147.0000 1.0296
148.0000 0.9323
149.0000 0.8416
150.0000 0.8578
