1.0000 2.1392
2.0000 2.0430
3.0000 1.9486
4.0000 1.8588
5.0000 1.7590
6.0000 1.7021
7.0000 1.7208
8.0000 1.7443
9.0000 1.7875
10.0000 1.8079
11.0000 1.8024
12.0000 1.7606
13.0000 1.7306
14.0000 1.6509
15.0000 1.5622
16.0000 1.5003
17.0000 1.5020
18.0000 1.4877
19.0000 1.5323
20.0000 1.4704
21.0000 1.3882
22.0000 1.3122
23.0000 1.2132
24.0000 1.1143
25.0000 1.1025
26.0000 1.1060
27.0000 1.2059
28.0000 1.2995
29.0000 1.3969
30.0000 1.4952
31.0000 1.5423
32.0000 1.6354
33.0000 1.7056
34.0000 1.7647
35.0000 1.8032
36.0000 1.9032
37.0000 1.9879
38.0000 1.9996
39.0000 1.9065
40.0000 1.8790
41.0000 1.8993
42.0000 1.9791
43.0000 1.9464
44.0000 1.8878
45.0000 1.8810
46.0000 1.7886
47.0000 1.7012
48.0000 1.6028
49.0000 1.5080
50.0000 1.4117
51.0000 1.4141
52.0000 1.5096
53.0000 1.6063
54.0000 1.7053
55.0000 1.7882
56.0000 1.8773
57.0000 1.9753
58.0000 1.9460
59.0000 1.9984
60.0000 1.9060
61.0000 1.8063
62.0000 1.7214
63.0000 1.7264
64.0000 1.7051
65.0000 1.6646
66.0000 1.7623
67.0000 1.8603
68.0000 1.9163
69.0000 1.9987
70.0000 2.0770
71.0000 2.0220
72.0000 1.9275
73.0000 1.8463
74.0000 1.7570
75.0000 1.6633
76.0000 1.5719
77.0000 1.5419
78.0000 1.6107
79.0000 1.6361
80.0000 1.6486
81.0000 1.6875
82.0000 1.7359
83.0000 1.6856
84.0000 1.7329
85.0000 1.6919
86.0000 1.6073
87.0000 1.5724
88.0000 1.5834
89.0000 1.6820
90.0000 1.6392
91.0000 1.5640
92.0000 1.5533
93.0000 1.4807
94.0000 1.4085
95.0000 1.3213
96.0000 1.2456
97.0000 1.1491
98.0000 1.2212
99.0000 1.2609
100.0000 1.2599
101.0000 1.2661
102.0000 1.2578
103.0000 1.2907
104.0000 1.3723
105.0000 1.4108
106.0000 1.4810
107.0000 1.5409
108.0000 1.6394
109.0000 1.6505
110.0000 1.7502
111.0000 1.8352
112.0000 1.9228
113.0000 2.0091
114.0000 2.0852
115.0000 2.1838
116.0000 2.2021
117.0000 2.1488
118.0000 2.0558
119.0000 2.0506
120.0000 2.1139
121.0000 2.2077
122.0000 2.2330
123.0000 2.2794
124.0000 2.3015
125.0000 2.2153
126.0000 2.1426
127.0000 2.0435
128.0000 2.0125
129.0000 2.0908
130.0000 2.1199
131.0000 2.0566
132.0000 2.0443
133.0000 2.1114
134.0000 2.1904
135.0000 2.2226
136.0000 2.1246
137.0000 2.0777
138.0000 2.0237
139.0000 1.9294
140.0000 1.8379
141.0000 1.8307
142.0000 1.7377
143.0000 1.6458
144.0000 1.5818
145.0000 1.6056
146.0000 1.6110
147.0000 1.5413
148.0000 1.4936
149.0000 1.4355
150.0000 1.3607
