1.0000 2.2563
2.0000 2.2799
3.0000 2.2714
4.0000 2.2624
5.0000 2.3408
6.0000 2.2873
7.0000 2.1911
8.0000 2.1335
9.0000 2.1500
10.0000 2.0771
11.0000 1.9773
12.0000 1.8842
13.0000 1.8136
14.0000 1.7236
15.0000 1.6239
16.0000 1.5399
17.0000 1.4401
18.0000 1.3817
19.0000 1.2887
20.0000 1.1915
21.0000 1.0917
22.0000 1.0499
23.0000 1.0009
24.0000 0.9045
25.0000 0.8212
26.0000 0.7232
27.0000 0.6304
28.0000 0.5307
29.0000 0.4322
30.0000 0.3559
31.0000 0.2695
32.0000 0.1816
33.0000 0.0819
34.0000 0.0483
35.0000 0.1166
36.0000 0.2164
37.0000 0.1570
38.0000 0.2567
39.0000 0.3472
40.0000 0.4396
41.0000 0.5145
42.0000 0.5666
43.0000 0.5583
44.0000 0.4690
45.0000 0.5023
46.0000 0.5217
47.0000 0.5939
48.0000 0.6570
49.0000 0.7498
50.0000 0.8165
51.0000 0.8638
52.0000 0.8412
53.0000 0.7636
54.0000 0.6745
55.0000 0.6637
56.0000 0.7625
57.0000 0.8482
58.0000 0.9322
59.0000 0.9970
60.0000 1.0958
61.0000 1.1919
62.0000 1.2888
63.0000 1.3359
64.0000 1.3444
65.0000 1.3180
66.0000 1.2771
67.0000 1.2414
68.0000 1.1597
69.0000 1.0766
70.0000 0.9795
71.0000 0.8848
72.0000 0.7861
73.0000 0.7025
74.0000 0.6552
75.0000 0.5555
76.0000 0.5261
77.0000 0.5014
78.0000 0.4172
79.0000 0.3631
80.0000 0.4622
81.0000 0.5621
82.0000 0.6621
83.0000 0.7576
84.0000 0.8228
85.0000 0.9194
86.0000 1.0187
87.0000 1.0201
88.0000 1.0535
89.0000 0.9564
90.0000 1.0134
91.0000 1.0350
92.0000 1.0410
93.0000 1.0873
94.0000 1.0949
95.0000 1.1947
96.0000 1.2664
97.0000 1.2213
98.0000 1.1518
99.0000 1.0518
100.0000 0.9526
101.0000 0.9513
102.0000 1.0333
103.0000 1.0619
104.0000 1.1064
105.0000 1.2023
106.0000 1.2834
107.0000 1.3387
108.0000 1.4179
109.0000 1.4995
110.0000 1.5995
111.0000 1.6888
112.0000 1.6522
113.0000 1.5556
114.0000 1.4745
115.0000 1.4905
116.0000 1.5481
117.0000 1.6158
118.0000 1.7033
119.0000 1.7163
120.0000 1.8138
121.0000 1.8983
122.0000 1.9901
123.0000 2.0865
124.0000 2.1827
125.0000 2.2782
126.0000 2.3007
127.0000 2.2346
128.0000 2.3131
129.0000 2.3669
130.0000 2.4335
131.0000 2.4874
132.0000 2.5605
133.0000 2.4605
134.0000 2.3983
135.0000 2.4465
136.0000 2.5402
137.0000 2.6273
138.0000 2.5619
139.0000 2.5742
140.0000 2.6281
141.0000 2.7135
142.0000 2.7471
143.0000 2.6482
144.0000 2.6292
145.0000 2.6587
146.0000 2.6304
147.0000 2.5860
148.0000 2.5117
149.0000 2.5031
150.0000 2.4087
