1.0000 2.1575
2.0000 2.0603
3.0000 1.9745
4.0000 1.8969
5.0000 1.9372
6.0000 2.0358
7.0000 2.1293
8.0000 2.1428
9.0000 2.1916
10.0000 2.2332
11.0000 2.2451
12.0000 2.2178
13.0000 2.1303
14.0000 2.0503
15.0000 1.9503
16.0000 1.9245
17.0000 2.0045
18.0000 2.0795
19.0000 2.1789
20.0000 2.2344
21.0000 2.1997
22.0000 2.1047
23.0000 2.0444
24.0000 1.9454
25.0000 1.8483
26.0000 1.7912
27.0000 1.6915
28.0000 1.6060
29.0000 1.5615
30.0000 1.4789
31.0000 1.4362
32.0000 1.3587
33.0000 1.2587
34.0000 1.1802
35.0000 1.1274
36.0000 1.0391
37.0000 0.9436
38.0000 0.8436
39.0000 0.8654
40.0000 0.8080
41.0000 0.7080
42.0000 0.6711
43.0000 0.7256
44.0000 0.6635
45.0000 0.5652
46.0000 0.4683
47.0000 0.4096
48.0000 0.3279
49.0000 0.2476
50.0000 0.1477
51.0000 0.0876
52.0000 0.0144
53.0000 0.1139
54.0000 0.1942
55.0000 0.2879
56.0000 0.3855
57.0000 0.4794
58.0000 0.5546
59.0000 0.5414
60.0000 0.5153
61.0000 0.6151
62.0000 0.5981
63.0000 0.4996
64.0000 0.4192
65.0000 0.3438
66.0000 0.3359
67.0000 0.4204
68.0000 0.5041
69.0000 0.5597
70.0000 0.6167
71.0000 0.5167
72.0000 0.4270
73.0000 0.3348
74.0000 0.3039
75.0000 0.3590
76.0000 0.4334
77.0000 0.4407
78.0000 0.4881
79.0000 0.5759
80.0000 0.6630
81.0000 0.7344
82.0000 0.8093
83.0000 0.8858
84.0000 0.9634
85.0000 1.0604
86.0000 0.9831
87.0000 0.9111
88.0000 0.8254
89.0000 0.7270
90.0000 0.6629
91.0000 0.5715
92.0000 0.4791
93.0000 0.5629
94.0000 0.6629
95.0000 0.7624
96.0000 0.8531
97.0000 0.8194
98.0000 0.8454
99.0000 0.8715
100.0000 0.8610
101.0000 0.7613
102.0000 0.7185
103.0000 0.7300
104.0000 0.8249
105.0000 0.9049
106.0000 1.0017
107.0000 1.0999
108.0000 1.0692
109.0000 1.1683
110.0000 1.2238
111.0000 1.3126
112.0000 1.3963
113.0000 1.4916
114.0000 1.4923
115.0000 1.5132
116.0000 1.5283
117.0000 1.6277
118.0000 1.7273
119.0000 1.7668
120.0000 1.8668
121.0000 1.9526
122.0000 1.9504
123.0000 1.8993
124.0000 1.8268
125.0000 1.7470
126.0000 1.7291
127.0000 1.7641
128.0000 1.8599
129.0000 1.9322
130.0000 2.0091
131.0000 2.0417
132.0000 2.0071
133.0000 1.9350
134.0000 1.8444
135.0000 1.7790
136.0000 1.6809
137.0000 1.6186
138.0000 1.7012
139.0000 1.7731
140.0000 1.8691
141.0000 1.9311
142.0000 1.8612
143.0000 1.7633
144.0000 1.7524
145.0000 1.8506
146.0000 1.9390
147.0000 2.0308
148.0000 2.0982
149.0000 2.1904
150.0000 2.2214
