1.0000 2.1381
2.0000 2.0383
3.0000 1.9521
4.0000 1.8586
5.0000 1.7690
6.0000 1.6691
7.0000 1.5802
8.0000 1.5501
9.0000 1.5764
10.0000 1.5788
11.0000 1.6623
12.0000 1.7618
13.0000 1.8055
14.0000 1.8851
15.0000 1.8581
16.0000 1.7663
17.0000 1.6672
18.0000 1.7306
19.0000 1.8295
20.0000 1.9263
21.0000 2.0241
22.0000 2.1204
23.0000 2.1679
24.0000 2.2630
25.0000 2.2748
26.0000 2.3351
27.0000 2.3748
28.0000 2.3825
29.0000 2.3227
30.0000 2.3011
31.0000 2.2034
32.0000 2.2056
33.0000 2.2079
34.0000 2.3006
35.0000 2.3121
36.0000 2.3325
37.0000 2.3891
38.0000 2.4347
39.0000 2.4270
40.0000 2.4627
41.0000 2.4848
42.0000 2.5669
43.0000 2.5617
44.0000 2.4746
45.0000 2.4820
46.0000 2.3957
47.0000 2.3028
48.0000 2.2652
49.0000 2.2898
50.0000 2.2448
51.0000 2.3424
52.0000 2.4124
53.0000 2.3708
54.0000 2.2767
55.0000 2.1851
56.0000 2.0879
57.0000 1.9895
58.0000 1.9110
59.0000 1.9015
60.0000 1.8678
61.0000 1.7997
62.0000 1.7532
63.0000 1.6936
64.0000 1.7356
65.0000 1.7834
66.0000 1.8508
67.0000 1.8900
68.0000 1.9741
69.0000 2.0717
70.0000 2.1317
71.0000 2.2265
72.0000 2.3083
73.0000 2.3520
74.0000 2.4072
75.0000 2.4923
76.0000 2.4648
77.0000 2.4590
78.0000 2.5224
79.0000 2.5233
80.0000 2.5560
81.0000 2.5982
82.0000 2.6844
83.0000 2.7791
84.0000 2.7417
85.0000 2.6423
86.0000 2.5930
87.0000 2.5856
88.0000 2.5637
89.0000 2.5440
90.0000 2.6177
91.0000 2.6220
92.0000 2.6613
93.0000 2.6188
94.0000 2.6079
95.0000 2.5897
96.0000 2.6466
97.0000 2.7395
98.0000 2.8170
99.0000 2.7490
100.0000 2.7559
101.0000 2.7393
102.0000 2.8268
103.0000 2.8383
104.0000 2.7426
105.0000 2.6559
106.0000 2.6366
107.0000 2.6300
108.0000 2.7150
109.0000 2.6917
110.0000 2.6375
111.0000 2.5520
112.0000 2.4563
113.0000 2.4310
114.0000 2.3505
115.0000 2.2924
116.0000 2.3707
117.0000 2.4690
118.0000 2.5617
119.0000 2.6514
120.0000 2.7496
121.0000 2.8317
122.0000 2.7353
123.0000 2.6534
124.0000 2.6265
125.0000 2.6597
126.0000 2.6429
127.0000 2.5789
128.0000 2.5430
129.0000 2.5742
130.0000 2.5719
131.0000 2.4735
132.0000 2.3738
133.0000 2.3815
134.0000 2.4015
135.0000 2.4715
136.0000 2.5627
137.0000 2.5419
138.0000 2.5701
139.0000 2.5323
140.0000 2.5726
141.0000 2.6147
142.0000 2.6191
143.0000 2.5454
144.0000 2.4459
145.0000 2.3614
146.0000 2.3208
147.0000 2.2783
148.0000 2.2326
149.0000 2.1546
150.0000 2.1119
