1.0000 2.1980
2.0000 2.1313
3.0000 2.2223
4.0000 2.3200
5.0000 2.3212
6.0000 2.2216
7.0000 2.1609
8.0000 2.0912
9.0000 2.0094
10.0000 1.9589
11.0000 1.8823
12.0000 1.8550
13.0000 1.7975
14.0000 1.7196
15.0000 1.6327
16.0000 1.5367
17.0000 1.5329
18.0000 1.5510
19.0000 1.6154
20.0000 1.6486
21.0000 1.7485
22.0000 1.8460
23.0000 1.9169
24.0000 2.0076
25.0000 1.9208
26.0000 1.8557
27.0000 1.7604
28.0000 1.6616
29.0000 1.5747
30.0000 1.5148
31.0000 1.4279
32.0000 1.4117
33.0000 1.4145
34.0000 1.4740
35.0000 1.5245
36.0000 1.6242
37.0000 1.7045
38.0000 1.7628
39.0000 1.7873
40.0000 1.8005
41.0000 1.8460
42.0000 1.9363
43.0000 2.0300
44.0000 2.0125
45.0000 2.0063
46.0000 1.9346
47.0000 1.8349
48.0000 1.7600
49.0000 1.8121
50.0000 1.8869
51.0000 1.9840
52.0000 2.0485
53.0000 1.9873
54.0000 1.9138
55.0000 1.8721
56.0000 1.7953
57.0000 1.7002
58.0000 1.6227
59.0000 1.6516
60.0000 1.7344
61.0000 1.8301
62.0000 1.9297
63.0000 1.9113
64.0000 1.8550
65.0000 1.7625
66.0000 1.6710
67.0000 1.5793
68.0000 1.5086
69.0000 1.4110
70.0000 1.3374
71.0000 1.2597
72.0000 1.1660
73.0000 1.1176
74.0000 1.1150
75.0000 1.0177
76.0000 0.9423
77.0000 1.0292
78.0000 1.1275
79.0000 1.1494
80.0000 1.1426
81.0000 1.1720
82.0000 1.2383
83.0000 1.3376
84.0000 1.3424
85.0000 1.2847
86.0000 1.2230
87.0000 1.2791
88.0000 1.3639
89.0000 1.4271
90.0000 1.5269
91.0000 1.6210
92.0000 1.7171
93.0000 1.7971
94.0000 1.8779
95.0000 1.9650
96.0000 1.9435
97.0000 1.8542
98.0000 1.7731
99.0000 1.6739
100.0000 1.6313
101.0000 1.7089
102.0000 1.7326
103.0000 1.7597
104.0000 1.7911
105.0000 1.8142
106.0000 1.7489
107.0000 1.7281
108.0000 1.6580
109.0000 1.5859
110.0000 1.5199
111.0000 1.5063
112.0000 1.5650
113.0000 1.5655
114.0000 1.6422
115.0000 1.6833
116.0000 1.7049
117.0000 1.6597
118.0000 1.6044
119.0000 1.6073
120.0000 1.5910
121.0000 1.5436
122.0000 1.6191
123.0000 1.7001
124.0000 1.6775
125.0000 1.5871
126.0000 1.4964
127.0000 1.3978
128.0000 1.4535
129.0000 1.4217
130.0000 1.3391
131.0000 1.2430
132.0000 1.1915
133.0000 1.1085
134.0000 1.0405
135.0000 0.9917
136.0000 1.0629
137.0000 1.1554
138.0000 1.1837
139.0000 1.0841
140.0000 1.0042
141.0000 0.9048
142.0000 0.8090
143.0000 0.7459
144.0000 0.6460
145.0000 0.5588
146.0000 0.6588
147.0000 0.7389
148.0000 0.8050
149.0000 0.7253
150.0000 0.6274
