1.0000 2.2129
2.0000 2.1902
3.0000 2.1232
4.0000 2.0245
5.0000 1.9776
6.0000 1.9003
7.0000 1.8180
8.0000 1.7182
9.0000 1.6396
10.0000 1.5397
11.0000 1.5450
12.0000 1.6449
13.0000 1.6379
14.0000 1.7341
15.0000 1.8317
16.0000 1.8879
17.0000 1.7953
18.0000 1.7169
19.0000 1.6170
20.0000 1.5192
21.0000 1.4576
22.0000 1.3865
23.0000 1.3316
24.0000 1.2922
25.0000 1.3032
26.0000 1.4024
27.0000 1.4661
28.0000 1.5513
29.0000 1.5558
30.0000 1.6521
31.0000 1.7418
32.0000 1.8367
33.0000 1.9158
34.0000 2.0153
35.0000 1.9452
36.0000 1.8965
37.0000 1.8483
38.0000 1.7485
39.0000 1.7437
40.0000 1.7270
41.0000 1.8144
42.0000 1.9114
43.0000 2.0063
44.0000 2.1060
45.0000 2.1868
46.0000 2.1091
47.0000 2.0103
48.0000 1.9413
49.0000 1.8413
50.0000 1.7564
51.0000 1.6823
52.0000 1.7191
53.0000 1.8175
54.0000 1.8851
55.0000 1.9787
56.0000 2.0694
57.0000 2.1370
58.0000 2.0678
59.0000 1.9679
60.0000 1.8686
61.0000 1.7688
62.0000 1.6736
63.0000 1.5740
64.0000 1.4854
65.0000 1.4138
66.0000 1.4674
67.0000 1.4713
68.0000 1.4918
69.0000 1.4077
70.0000 1.3791
71.0000 1.4385
72.0000 1.5244
73.0000 1.5842
74.0000 1.5668
75.0000 1.4677
76.0000 1.4476
77.0000 1.4583
78.0000 1.3808
79.0000 1.2840
80.0000 1.1865
81.0000 1.1568
82.0000 1.2117
83.0000 1.1191
84.0000 1.0220
85.0000 0.9765
86.0000 1.0140
87.0000 1.0429
88.0000 1.1429
89.0000 1.2426
90.0000 1.2771
91.0000 1.3626
92.0000 1.4613
93.0000 1.5373
94.0000 1.5551
95.0000 1.5846
96.0000 1.6555
97.0000 1.7375
98.0000 1.8375
99.0000 1.9325
100.0000 2.0304
101.0000 2.1146
102.0000 2.1153
103.0000 2.2131
104.0000 2.2821
105.0000 2.2477
106.0000 2.2311
107.0000 2.2762
108.0000 2.3228
109.0000 2.2850
110.0000 2.3157
111.0000 2.3807
112.0000 2.3992
113.0000 2.3001
114.0000 2.2144
115.0000 2.1144
116.0000 2.1039
117.0000 2.1208
118.0000 2.1708
119.0000 2.2238
120.0000 2.2389
121.0000 2.1744
122.0000 2.2097
123.0000 2.2887
124.0000 2.2858
125.0000 2.3735
126.0000 2.3924
127.0000 2.3283
128.0000 2.2411
129.0000 2.2582
130.0000 2.2784
131.0000 2.3353
132.0000 2.4343
133.0000 2.5316
134.0000 2.5920
135.0000 2.5931
136.0000 2.5372
137.0000 2.4873
138.0000 2.5134
139.0000 2.5150
140.0000 2.4705
141.0000 2.3730
142.0000 2.2765
143.0000 2.1815
144.0000 2.2182
145.0000 2.2992
146.0000 2.3847
147.0000 2.4045
148.0000 2.4570
149.0000 2.4715
150.0000 2.5324
