1.0000 2.2333
2.0000 2.2012
3.0000 2.1866
4.0000 2.0879
5.0000 2.0068
6.0000 2.0714
7.0000 2.1663
8.0000 2.2623
9.0000 2.2168
10.0000 2.1218
11.0000 2.0247
12.0000 1.9538
13.0000 1.9112
14.0000 1.8479
15.0000 1.7622
16.0000 1.7011
17.0000 1.6834
18.0000 1.6756
19.0000 1.6066
20.0000 1.5576
21.0000 1.4644
22.0000 1.4878
23.0000 1.4633
24.0000 1.4156
25.0000 1.4118
26.0000 1.3164
27.0000 1.3169
28.0000 1.2455
29.0000 1.1465
30.0000 1.0669
31.0000 0.9959
32.0000 1.0180
33.0000 1.1112
34.0000 1.1982
35.0000 1.2975
36.0000 1.2698
37.0000 1.2374
38.0000 1.1501
39.0000 1.0552
40.0000 0.9754
41.0000 0.8855
42.0000 0.7937
43.0000 0.7716
44.0000 0.7645
45.0000 0.6707
46.0000 0.5879
47.0000 0.5034
48.0000 0.4081
49.0000 0.4190
50.0000 0.4990
51.0000 0.5913
52.0000 0.6845
53.0000 0.7072
54.0000 0.6599
55.0000 0.5678
56.0000 0.5643
57.0000 0.6514
58.0000 0.7510
59.0000 0.8464
60.0000 0.9436
61.0000 1.0143
62.0000 1.1047
63.0000 1.2045
64.0000 1.3019
65.0000 1.3971
66.0000 1.4925
67.0000 1.5217
68.0000 1.5097
69.0000 1.5922
70.0000 1.6905
71.0000 1.6583
72.0000 1.7582
73.0000 1.7182
74.0000 1.6187
75.0000 1.5303
76.0000 1.4813
77.0000 1.4240
78.0000 1.4629
79.0000 1.4497
80.0000 1.3929
81.0000 1.4608
82.0000 1.4294
83.0000 1.4078
84.0000 1.4182
85.0000 1.3383
86.0000 1.2634
87.0000 1.2219
88.0000 1.2192
89.0000 1.3187
90.0000 1.3822
91.0000 1.4585
92.0000 1.4224
93.0000 1.4049
94.0000 1.4122
95.0000 1.5098
96.0000 1.6097
97.0000 1.6309
98.0000 1.6688
99.0000 1.7254
100.0000 1.7814
101.0000 1.8696
102.0000 1.9399
103.0000 2.0032
104.0000 1.9148
105.0000 1.8276
106.0000 1.8194
107.0000 1.9054
108.0000 2.0046
109.0000 2.0157
110.0000 2.0957
111.0000 2.1853
112.0000 2.2837
113.0000 2.2642
114.0000 2.1900
115.0000 2.1714
116.0000 2.0732
117.0000 1.9885
118.0000 1.9715
119.0000 1.8730
120.0000 1.7942
121.0000 1.7672
122.0000 1.8108
123.0000 1.8795
124.0000 1.9286
125.0000 1.8748
126.0000 1.8329
127.0000 1.8483
128.0000 1.8794
129.0000 1.9776
130.0000 1.9184
131.0000 1.9162
132.0000 1.9308
133.0000 1.8642
134.0000 1.9225
135.0000 1.9811
136.0000 2.0322
137.0000 2.1233
138.0000 2.1920
139.0000 2.1994
140.0000 2.2101
141.0000 2.1733
142.0000 2.0959
143.0000 2.0442
144.0000 1.9956
145.0000 1.9838
146.0000 1.8861
147.0000 1.8051
148.0000 1.7070
149.0000 1.6276
150.0000 1.5639
