1.0000 2.1691
2.0000 2.1565
3.0000 2.1077
4.0000 2.0376
5.0000 1.9875
6.0000 1.9058
7.0000 1.8713
8.0000 1.8006
9.0000 1.7110
10.0000 1.6444
11.0000 1.5879
12.0000 1.5890
13.0000 1.6875
14.0000 1.7798
15.0000 1.8750
16.0000 1.8678
17.0000 1.8025
18.0000 1.7269
19.0000 1.6270
20.0000 1.5759
21.0000 1.4763
22.0000 1.3774
23.0000 1.3443
24.0000 1.4298
25.0000 1.5233
26.0000 1.6134
27.0000 1.5985
28.0000 1.5455
29.0000 1.4881
30.0000 1.3980
31.0000 1.3876
32.0000 1.3490
33.0000 1.2506
34.0000 1.1572
35.0000 1.1191
36.0000 1.1007
37.0000 1.1217
38.0000 1.0999
39.0000 1.1547
40.0000 1.2437
41.0000 1.3182
42.0000 1.3104
43.0000 1.2411
44.0000 1.3253
45.0000 1.4139
46.0000 1.4446
47.0000 1.5220
48.0000 1.6187
49.0000 1.6742
50.0000 1.7726
51.0000 1.8452
52.0000 1.8747
53.0000 1.8178
54.0000 1.7995
55.0000 1.8153
56.0000 1.7556
57.0000 1.6559
58.0000 1.6692
59.0000 1.6422
60.0000 1.7410
61.0000 1.7871
62.0000 1.8684
63.0000 1.9437
64.0000 1.9836
65.0000 2.0713
66.0000 2.1654
67.0000 2.1562
68.0000 2.1577
69.0000 2.1166
70.0000 2.2023
71.0000 2.3002
72.0000 2.3831
73.0000 2.3110
74.0000 2.2443
75.0000 2.1873
76.0000 2.0906
77.0000 2.0484
78.0000 2.0776
79.0000 2.0795
80.0000 2.1111
81.0000 2.0140
82.0000 1.9149
83.0000 1.8900
84.0000 1.9280
85.0000 1.9886
86.0000 1.9764
87.0000 1.8827
88.0000 1.7910
89.0000 1.6910
90.0000 1.6026
91.0000 1.5220
92.0000 1.4221
93.0000 1.3785
94.0000 1.3832
95.0000 1.4235
96.0000 1.4379
97.0000 1.5232
98.0000 1.6081
99.0000 1.7053
100.0000 1.7974
101.0000 1.8842
102.0000 1.9584
103.0000 2.0583
104.0000 2.0849
105.0000 2.1724
106.0000 2.2181
107.0000 2.2448
108.0000 2.2525
109.0000 2.1920
110.0000 2.1783
111.0000 2.0783
112.0000 1.9793
113.0000 1.8858
114.0000 1.7874
115.0000 1.6883
116.0000 1.6104
117.0000 1.5374
118.0000 1.4407
119.0000 1.3443
120.0000 1.2709
121.0000 1.2732
122.0000 1.1733
123.0000 1.0745
124.0000 0.9750
125.0000 0.8967
126.0000 0.8174
127.0000 0.7193
128.0000 0.6194
129.0000 0.5285
130.0000 0.5123
131.0000 0.4656
132.0000 0.4701
133.0000 0.4810
134.0000 0.5626
135.0000 0.6357
136.0000 0.7220
137.0000 0.7354
138.0000 0.7172
139.0000 0.6685
140.0000 0.6068
141.0000 0.6076
142.0000 0.7071
143.0000 0.7475
144.0000 0.8475
145.0000 0.8381
146.0000 0.9066
147.0000 0.9972
148.0000 1.0946
149.0000 1.1368
150.0000 1.1206
