1.0000 2.2449
2.0000 2.2023
3.0000 2.1392
4.0000 2.2046
5.0000 2.1833
6.0000 2.0842
7.0000 1.9857
8.0000 1.8967
9.0000 1.8045
10.0000 1.7203
11.0000 1.7098
12.0000 1.7900
13.0000 1.8451
14.0000 1.8335
15.0000 1.7401
16.0000 1.6418
17.0000 1.5437
18.0000 1.4813
19.0000 1.4090
20.0000 1.3523
21.0000 1.2565
22.0000 1.1838
23.0000 1.1490
24.0000 1.2346
25.0000 1.3062
26.0000 1.3948
27.0000 1.4527
28.0000 1.5386
29.0000 1.5025
30.0000 1.4035
31.0000 1.3095
32.0000 1.3222
33.0000 1.3245
34.0000 1.2959
35.0000 1.2182
36.0000 1.2927
37.0000 1.3910
38.0000 1.3329
39.0000 1.3992
40.0000 1.3639
41.0000 1.3058
42.0000 1.4005
43.0000 1.4410
44.0000 1.5361
45.0000 1.6309
46.0000 1.6943
47.0000 1.7075
48.0000 1.7457
49.0000 1.7196
50.0000 1.7956
51.0000 1.8913
52.0000 1.9763
53.0000 2.0255
54.0000 2.0309
55.0000 1.9709
56.0000 1.8826
57.0000 1.7829
58.0000 1.6834
59.0000 1.6013
60.0000 1.5849
61.0000 1.5749
62.0000 1.4863
63.0000 1.4064
64.0000 1.3068
65.0000 1.2607
66.0000 1.3211
67.0000 1.2949
68.0000 1.3541
69.0000 1.3563
70.0000 1.4321
71.0000 1.4975
72.0000 1.5894
73.0000 1.6872
74.0000 1.7870
75.0000 1.8255
76.0000 1.8808
77.0000 1.7952
78.0000 1.7586
79.0000 1.6600
80.0000 1.5621
81.0000 1.4932
82.0000 1.5240
83.0000 1.5082
84.0000 1.4441
85.0000 1.3522
86.0000 1.2544
87.0000 1.1551
88.0000 1.0614
89.0000 0.9769
90.0000 0.8941
91.0000 0.8024
92.0000 0.7394
93.0000 0.7802
94.0000 0.7136
95.0000 0.6284
96.0000 0.5846
97.0000 0.5647
98.0000 0.5201
99.0000 0.6160
100.0000 0.7086
101.0000 0.7750
102.0000 0.8656
103.0000 0.8967
104.0000 0.9066
105.0000 0.9271
106.0000 0.9843
107.0000 1.0837
108.0000 1.1822
109.0000 1.1325
110.0000 1.0326
111.0000 0.9334
112.0000 0.8393
113.0000 0.7397
114.0000 0.6475
115.0000 0.5912
116.0000 0.6847
117.0000 0.7483
118.0000 0.7919
119.0000 0.8616
120.0000 0.8582
121.0000 0.9564
122.0000 1.0562
123.0000 1.1486
124.0000 1.1992
125.0000 1.2150
126.0000 1.1860
127.0000 1.1186
128.0000 1.0691
129.0000 1.0136
130.0000 1.0556
131.0000 1.1214
132.0000 1.2055
133.0000 1.2969
134.0000 1.3807
135.0000 1.4545
136.0000 1.5545
137.0000 1.5358
138.0000 1.5235
139.0000 1.5214
140.0000 1.6206
141.0000 1.6347
142.0000 1.5365
143.0000 1.4432
144.0000 1.4763
145.0000 1.5234
146.0000 1.4850
147.0000 1.3864
148.0000 1.2878
149.0000 1.3656
150.0000 1.4645
