1.0000 2.2187
2.0000 2.1567
3.0000 2.0647
4.0000 1.9721
5.0000 1.9539
6.0000 1.9489
7.0000 1.9944
8.0000 1.9707
9.0000 1.8744
10.0000 1.7795
11.0000 1.7508
12.0000 1.6580
13.0000 1.6631
14.0000 1.6759
15.0000 1.7115
16.0000 1.8064
17.0000 1.8859
18.0000 1.9775
19.0000 1.9692
20.0000 2.0266
21.0000 2.0242
22.0000 2.0052
23.0000 2.0854
24.0000 2.1854
25.0000 2.2853
26.0000 2.3433
27.0000 2.4377
28.0000 2.4948
29.0000 2.4710
30.0000 2.5710
31.0000 2.5378
32.0000 2.4732
33.0000 2.4213
34.0000 2.3248
35.0000 2.3179
36.0000 2.4162
37.0000 2.3567
38.0000 2.2744
39.0000 2.1831
40.0000 2.2356
41.0000 2.2552
42.0000 2.3552
43.0000 2.2974
44.0000 2.1975
45.0000 2.1183
46.0000 2.0456
47.0000 2.0999
48.0000 2.1421
49.0000 2.2250
50.0000 2.2782
51.0000 2.3048
52.0000 2.2831
53.0000 2.3805
54.0000 2.3855
55.0000 2.4799
56.0000 2.5330
57.0000 2.6206
58.0000 2.7112
59.0000 2.7670
60.0000 2.7855
61.0000 2.8052
62.0000 2.7334
63.0000 2.6381
64.0000 2.5998
65.0000 2.6069
66.0000 2.5664
67.0000 2.5090
68.0000 2.4335
69.0000 2.3922
70.0000 2.2925
71.0000 2.2238
72.0000 2.1695
73.0000 2.1849
74.0000 2.2745
75.0000 2.2760
76.0000 2.3708
77.0000 2.4707
78.0000 2.5570
79.0000 2.6494
80.0000 2.7294
81.0000 2.6313
82.0000 2.5348
83.0000 2.4658
84.0000 2.3767
85.0000 2.2918
86.0000 2.2072
87.0000 2.1140
88.0000 2.1066
89.0000 2.0567
90.0000 2.1373
91.0000 2.2358
92.0000 2.2813
93.0000 2.2702
94.0000 2.2527
95.0000 2.1766
96.0000 2.1766
97.0000 2.1346
98.0000 2.0513
99.0000 1.9526
100.0000 1.8530
101.0000 1.7919
102.0000 1.7241
103.0000 1.6454
104.0000 1.6150
105.0000 1.5443
106.0000 1.5753
107.0000 1.5894
108.0000 1.6205
109.0000 1.6642
110.0000 1.6833
111.0000 1.7745
112.0000 1.8742
113.0000 1.9206
114.0000 1.9589
115.0000 1.9124
116.0000 1.8255
117.0000 1.7619
118.0000 1.6640
119.0000 1.5653
120.0000 1.4802
121.0000 1.3872
122.0000 1.3560
123.0000 1.2846
124.0000 1.2272
125.0000 1.2296
126.0000 1.2881
127.0000 1.3304
128.0000 1.2680
129.0000 1.2712
130.0000 1.3520
131.0000 1.2693
132.0000 1.1874
133.0000 1.1019
134.0000 1.0381
135.0000 0.9384
136.0000 0.8681
137.0000 0.7876
138.0000 0.7071
139.0000 0.6189
140.0000 0.5292
141.0000 0.4361
142.0000 0.3363
143.0000 0.2384
144.0000 0.1670
145.0000 0.1268
146.0000 0.0752
147.0000 0.1693
148.0000 0.2662
149.0000 0.3651
150.0000 0.4609
