1.0000 2.1774
2.0000 2.0919
3.0000 1.9987
4.0000 1.9413
5.0000 1.9786
6.0000 2.0179
7.0000 1.9337
8.0000 1.8549
9.0000 1.8204
10.0000 1.7370
11.0000 1.6525
12.0000 1.5575
13.0000 1.4776
14.0000 1.4968
15.0000 1.5937
16.0000 1.6912
17.0000 1.7811
18.0000 1.8786
19.0000 1.9340
20.0000 2.0334
21.0000 2.0876
22.0000 2.1013
23.0000 2.1603
24.0000 2.2419
25.0000 2.3405
26.0000 2.2888
27.0000 2.2689
28.0000 2.2217
29.0000 2.1283
30.0000 2.1023
31.0000 2.1016
32.0000 2.0197
33.0000 1.9565
34.0000 1.9083
35.0000 1.8825
36.0000 1.8646
37.0000 1.8311
38.0000 1.7330
39.0000 1.6715
40.0000 1.5814
41.0000 1.4892
42.0000 1.4122
43.0000 1.3543
44.0000 1.4313
45.0000 1.5307
46.0000 1.6180
47.0000 1.6354
48.0000 1.5902
49.0000 1.5035
50.0000 1.4074
51.0000 1.4704
52.0000 1.4767
53.0000 1.3801
54.0000 1.2900
55.0000 1.1931
56.0000 1.1297
57.0000 1.0302
58.0000 0.9308
59.0000 0.8318
60.0000 0.7670
61.0000 0.6677
62.0000 0.6308
63.0000 0.6768
64.0000 0.7545
65.0000 0.8031
66.0000 0.7378
67.0000 0.6626
68.0000 0.5761
69.0000 0.5611
70.0000 0.4762
71.0000 0.4490
72.0000 0.5490
73.0000 0.6407
74.0000 0.6574
75.0000 0.7019
76.0000 0.7997
77.0000 0.7870
78.0000 0.7454
79.0000 0.7742
80.0000 0.7909
81.0000 0.7229
82.0000 0.6237
83.0000 0.5346
84.0000 0.4380
85.0000 0.3598
86.0000 0.2868
87.0000 0.1906
88.0000 0.1103
89.0000 0.1024
90.0000 0.1555
91.0000 0.2258
92.0000 0.1856
93.0000 0.1812
94.0000 0.1879
95.0000 0.2480
96.0000 0.3102
97.0000 0.3008
98.0000 0.2837
99.0000 0.3325
100.0000 0.4007
101.0000 0.4756
102.0000 0.3791
103.0000 0.3214
104.0000 0.4213
105.0000 0.4991
106.0000 0.5767
107.0000 0.6174
108.0000 0.5858
109.0000 0.5916
110.0000 0.5564
111.0000 0.5147
112.0000 0.4681
113.0000 0.4302
114.0000 0.5238
115.0000 0.6238
116.0000 0.6697
117.0000 0.7551
118.0000 0.8332
119.0000 0.9312
120.0000 1.0309
121.0000 1.1197
122.0000 1.2197
123.0000 1.3048
124.0000 1.4044
125.0000 1.3761
126.0000 1.3966
127.0000 1.4219
128.0000 1.4851
129.0000 1.5086
130.0000 1.6062
131.0000 1.6767
132.0000 1.6914
133.0000 1.5961
134.0000 1.5652
135.0000 1.5422
136.0000 1.5408
137.0000 1.4515
138.0000 1.3740
139.0000 1.2921
140.0000 1.2197
141.0000 1.2368
142.0000 1.2099
143.0000 1.2038
144.0000 1.1492
145.0000 1.0494
146.0000 0.9551
147.0000 0.8655
148.0000 0.7953
149.0000 0.8325
150.0000 0.7729
