1.0000 2.2327
2.0000 2.1380
3.0000 2.0539
4.0000 1.9609
5.0000 1.9865
6.0000 1.9160
7.0000 1.9329
8.0000 1.9444
9.0000 1.8895
10.0000 1.8674
11.0000 1.8418
12.0000 1.7420
13.0000 1.6491
14.0000 1.5509
15.0000 1.4717
16.0000 1.3850
17.0000 1.2862
18.0000 1.1889
19.0000 1.1332
20.0000 1.0461
21.0000 0.9710
22.0000 0.8939
23.0000 0.8059
24.0000 0.7103
25.0000 0.6104
26.0000 0.5411
27.0000 0.4682
28.0000 0.3947
29.0000 0.4512
30.0000 0.5082
31.0000 0.6079
32.0000 0.6915
33.0000 0.7301
34.0000 0.8062
35.0000 0.8911
36.0000 0.9410
37.0000 0.9633
38.0000 0.9634
39.0000 0.9990
40.0000 1.0536
41.0000 1.0958
42.0000 1.1953
43.0000 1.2855
44.0000 1.3220
45.0000 1.2738
46.0000 1.2779
47.0000 1.2904
48.0000 1.2557
49.0000 1.2545
50.0000 1.2163
51.0000 1.1178
52.0000 1.0205
53.0000 0.9362
54.0000 0.8369
55.0000 0.7403
56.0000 0.7225
57.0000 0.6300
58.0000 0.5309
59.0000 0.4389
60.0000 0.3398
61.0000 0.2516
62.0000 0.1615
63.0000 0.0909
64.0000 0.0687
65.0000 0.1681
66.0000 0.2148
67.0000 0.2604
68.0000 0.3551
69.0000 0.3696
70.0000 0.4659
71.0000 0.5524
72.0000 0.6504
73.0000 0.7460
74.0000 0.7771
75.0000 0.8532
76.0000 0.9500
77.0000 1.0433
78.0000 1.1049
79.0000 1.1397
80.0000 1.0550
81.0000 0.9735
82.0000 1.0670
83.0000 1.1646
84.0000 1.2554
85.0000 1.3058
86.0000 1.3975
87.0000 1.4645
88.0000 1.4112
89.0000 1.3658
90.0000 1.3775
91.0000 1.4384
92.0000 1.5353
93.0000 1.5930
94.0000 1.6930
95.0000 1.7572
96.0000 1.8488
97.0000 1.9011
98.0000 2.0010
99.0000 2.0327
100.0000 1.9335
101.0000 1.9002
102.0000 1.9210
103.0000 1.8284
104.0000 1.7296
105.0000 1.7318
106.0000 1.6732
107.0000 1.6575
108.0000 1.6764
109.0000 1.6967
110.0000 1.7944
111.0000 1.8736
112.0000 1.9393
113.0000 2.0165
114.0000 2.0300
115.0000 1.9302
116.0000 1.8316
117.0000 1.7369
118.0000 1.6424
119.0000 1.5716
120.0000 1.4766
121.0000 1.3854
122.0000 1.3447
123.0000 1.3190
124.0000 1.2400
125.0000 1.1948
126.0000 1.2019
127.0000 1.2959
128.0000 1.3748
129.0000 1.4559
130.0000 1.5318
131.0000 1.5589
132.0000 1.5471
133.0000 1.4502
134.0000 1.3508
135.0000 1.2892
136.0000 1.1903
137.0000 1.0903
138.0000 1.0219
139.0000 0.9488
140.0000 0.8976
141.0000 0.9568
142.0000 0.9656
143.0000 1.0484
144.0000 1.1403
145.0000 1.2213
146.0000 1.1979
147.0000 1.1314
148.0000 1.2311
149.0000 1.2922
150.0000 1.3756
