1.0000 2.1363
2.0000 2.0377
3.0000 1.9807
4.0000 1.8821
5.0000 1.8386
6.0000 1.8637
7.0000 1.8145
8.0000 1.8566
9.0000 1.8259
10.0000 1.7688
11.0000 1.6944
12.0000 1.5955
13.0000 1.5002
14.0000 1.4009
15.0000 1.3148
16.0000 1.2844
17.0000 1.3184
18.0000 1.3411
19.0000 1.2776
20.0000 1.3369
21.0000 1.2719
22.0000 1.3669
23.0000 1.4668
24.0000 1.5445
25.0000 1.5224
26.0000 1.4765
27.0000 1.3766
28.0000 1.3377
29.0000 1.3996
30.0000 1.4684
31.0000 1.5673
32.0000 1.6577
33.0000 1.6614
34.0000 1.5761
35.0000 1.4998
36.0000 1.5214
37.0000 1.4598
38.0000 1.4316
39.0000 1.4313
40.0000 1.3314
41.0000 1.2527
42.0000 1.2171
43.0000 1.1176
44.0000 1.0372
45.0000 1.0685
46.0000 1.0150
47.0000 1.0723
48.0000 1.0600
49.0000 1.0356
50.0000 1.0087
51.0000 1.0426
52.0000 1.0793
53.0000 1.0932
54.0000 1.1839
55.0000 1.2587
56.0000 1.3507
57.0000 1.4403
58.0000 1.4385
59.0000 1.5373
60.0000 1.6346
61.0000 1.7251
62.0000 1.7948
63.0000 1.8948
64.0000 1.9905
65.0000 2.0508
66.0000 2.0683
67.0000 2.0500
68.0000 2.0792
69.0000 2.0666
70.0000 1.9939
71.0000 2.0228
72.0000 1.9743
73.0000 1.9324
74.0000 1.9913
75.0000 1.9337
76.0000 1.8372
77.0000 1.7449
78.0000 1.7212
79.0000 1.6809
80.0000 1.6308
81.0000 1.5308
82.0000 1.4309
83.0000 1.3729
84.0000 1.4127
85.0000 1.5101
86.0000 1.5702
87.0000 1.5754
88.0000 1.6701
89.0000 1.7648
90.0000 1.8171
91.0000 1.8062
92.0000 1.7088
93.0000 1.6394
94.0000 1.5430
95.0000 1.5561
96.0000 1.5990
97.0000 1.6989
98.0000 1.7610
99.0000 1.7970
100.0000 1.8605
101.0000 1.9288
102.0000 1.9510
103.0000 1.9448
104.0000 1.9926
105.0000 1.9254
106.0000 1.8459
107.0000 1.8710
108.0000 1.8000
109.0000 1.8283
110.0000 1.9282
111.0000 2.0245
112.0000 1.9363
113.0000 1.8381
114.0000 1.8211
115.0000 1.7216
116.0000 1.6471
117.0000 1.6002
118.0000 1.5077
119.0000 1.4183
120.0000 1.3216
121.0000 1.2284
122.0000 1.1723
123.0000 1.1138
124.0000 1.1593
125.0000 1.1035
126.0000 1.0047
127.0000 1.0135
128.0000 1.0881
129.0000 1.0945
130.0000 1.1377
131.0000 1.2343
132.0000 1.2935
133.0000 1.3914
134.0000 1.4771
135.0000 1.5741
136.0000 1.6426
137.0000 1.5638
138.0000 1.5980
139.0000 1.6011
140.0000 1.6128
141.0000 1.6510
142.0000 1.6698
143.0000 1.6976
144.0000 1.7917
145.0000 1.8916
146.0000 1.9890
147.0000 2.0331
148.0000 1.9417
149.0000 1.8524
150.0000 1.8472
