1.0000 2.1365
2.0000 2.0409
3.0000 2.0397
4.0000 1.9711
5.0000 2.0128
6.0000 2.1078
7.0000 2.1581
8.0000 2.0678
9.0000 2.0806
10.0000 2.0944
11.0000 2.1213
12.0000 2.1601
13.0000 2.1951
14.0000 2.2870
15.0000 2.3070
16.0000 2.2938
17.0000 2.3885
18.0000 2.4321
19.0000 2.3599
20.0000 2.4187
21.0000 2.4974
22.0000 2.4447
23.0000 2.3467
24.0000 2.2571
25.0000 2.2625
26.0000 2.3132
27.0000 2.3849
28.0000 2.3351
29.0000 2.2462
30.0000 2.2169
31.0000 2.1541
32.0000 2.1712
33.0000 2.1948
34.0000 2.2029
35.0000 2.1618
36.0000 2.0968
37.0000 2.0502
38.0000 2.1347
39.0000 2.0558
40.0000 1.9636
41.0000 1.8836
42.0000 1.8866
43.0000 1.8798
44.0000 1.8632
45.0000 1.7634
46.0000 1.7097
47.0000 1.6668
48.0000 1.5681
49.0000 1.5200
50.0000 1.4934
51.0000 1.4022
52.0000 1.3502
53.0000 1.3403
54.0000 1.4173
55.0000 1.4902
56.0000 1.4289
57.0000 1.5002
58.0000 1.5912
59.0000 1.6848
60.0000 1.7695
61.0000 1.8683
62.0000 1.8498
63.0000 1.8178
64.0000 1.7673
65.0000 1.7334
66.0000 1.6355
67.0000 1.5427
68.0000 1.4622
69.0000 1.3908
70.0000 1.3717
71.0000 1.4331
72.0000 1.5317
73.0000 1.6245
74.0000 1.7141
75.0000 1.6145
76.0000 1.6254
77.0000 1.6884
78.0000 1.6878
79.0000 1.6534
80.0000 1.6169
81.0000 1.5707
82.0000 1.5307
83.0000 1.5985
84.0000 1.6841
85.0000 1.7347
86.0000 1.8329
87.0000 1.9063
88.0000 1.9237
89.0000 1.9074
90.0000 1.8286
91.0000 1.7953
92.0000 1.8624
93.0000 1.8697
94.0000 1.8781
95.0000 1.9196
96.0000 1.8199
97.0000 1.7483
98.0000 1.7952
99.0000 1.8810
100.0000 1.9396
101.0000 2.0036
102.0000 2.0121
103.0000 1.9973
104.0000 2.0391
105.0000 2.0194
106.0000 2.0396
107.0000 2.1167
108.0000 2.1051
109.0000 2.1061
110.0000 2.1346
111.0000 2.1766
112.0000 2.2390
113.0000 2.3301
114.0000 2.2876
115.0000 2.2737
116.0000 2.2478
117.0000 2.2402
118.0000 2.1411
119.0000 2.0459
120.0000 1.9477
121.0000 1.8645
122.0000 1.7700
123.0000 1.7061
124.0000 1.6382
125.0000 1.5400
126.0000 1.4568
127.0000 1.3574
128.0000 1.2843
129.0000 1.1845
130.0000 1.1940
131.0000 1.2562
132.0000 1.2138
133.0000 1.2609
134.0000 1.3559
135.0000 1.4487
136.0000 1.4941
137.0000 1.5309
138.0000 1.5161
139.0000 1.4627
140.0000 1.4340
141.0000 1.4440
142.0000 1.3887
143.0000 1.3206
144.0000 1.3648
145.0000 1.4421
146.0000 1.4795
147.0000 1.5459
148.0000 1.5229
149.0000 1.4709
150.0000 1.3712
