1.0000 2.1375
2.0000 2.0582
3.0000 1.9888
4.0000 2.0459
5.0000 2.0406
6.0000 2.0583
7.0000 2.0109
8.0000 1.9618
9.0000 1.8645
10.0000 1.8402
11.0000 1.7685
12.0000 1.7161
13.0000 1.7080
14.0000 1.7822
15.0000 1.8735
16.0000 1.9655
17.0000 2.0551
18.0000 2.1550
19.0000 2.1554
20.0000 2.1847
21.0000 2.2629
22.0000 2.3205
23.0000 2.3546
24.0000 2.3560
25.0000 2.3074
26.0000 2.2092
27.0000 2.1290
28.0000 2.1174
29.0000 2.2152
30.0000 2.2735
31.0000 2.3202
32.0000 2.3569
33.0000 2.2751
34.0000 2.1889
35.0000 2.1001
36.0000 2.0159
37.0000 1.9692
38.0000 2.0013
39.0000 1.9705
40.0000 2.0102
41.0000 1.9177
42.0000 1.8570
43.0000 1.7809
44.0000 1.7866
45.0000 1.7012
46.0000 1.6763
47.0000 1.7692
48.0000 1.8533
49.0000 1.8413
50.0000 1.7572
51.0000 1.6921
52.0000 1.7110
53.0000 1.8075
54.0000 1.8122
55.0000 1.7185
56.0000 1.7353
57.0000 1.7546
58.0000 1.8359
59.0000 1.9148
60.0000 1.8808
61.0000 1.8778
62.0000 1.9650
63.0000 2.0007
64.0000 1.9016
65.0000 1.8020
66.0000 1.7432
67.0000 1.8047
68.0000 1.9032
69.0000 1.9926
70.0000 1.9291
71.0000 1.8429
72.0000 1.7752
73.0000 1.6887
74.0000 1.5917
75.0000 1.5113
76.0000 1.4232
77.0000 1.3945
78.0000 1.2968
79.0000 1.2018
80.0000 1.1177
81.0000 1.1598
82.0000 1.1724
83.0000 1.2466
84.0000 1.2993
85.0000 1.3755
86.0000 1.4088
87.0000 1.4693
88.0000 1.5693
89.0000 1.6606
90.0000 1.7595
91.0000 1.8126
92.0000 1.8914
93.0000 1.9885
94.0000 1.9537
95.0000 1.8718
96.0000 1.9227
97.0000 1.8926
98.0000 1.9082
99.0000 1.8649
100.0000 1.8014
101.0000 1.7105
102.0000 1.6365
103.0000 1.5599
104.0000 1.4616
105.0000 1.4001
106.0000 1.3133
107.0000 1.2613
108.0000 1.1651
109.0000 1.0680
110.0000 1.0757
111.0000 1.0947
112.0000 1.1517
113.0000 1.2409
114.0000 1.3240
115.0000 1.3856
116.0000 1.4727
117.0000 1.5432
118.0000 1.6428
119.0000 1.7313
120.0000 1.7921
121.0000 1.8802
122.0000 1.9660
123.0000 1.9513
124.0000 1.8518
125.0000 1.7518
126.0000 1.6997
127.0000 1.7812
128.0000 1.8579
129.0000 1.9033
130.0000 1.9713
131.0000 2.0106
132.0000 1.9297
133.0000 1.8534
134.0000 1.7622
135.0000 1.6728
136.0000 1.6123
137.0000 1.7027
138.0000 1.8026
139.0000 1.9014
140.0000 1.9575
141.0000 2.0067
142.0000 2.0054
143.0000 2.0574
144.0000 2.1271
145.0000 2.1786
146.0000 2.2559
147.0000 2.3526
148.0000 2.4513
149.0000 2.5075
150.0000 2.5737
