1.0000 2.1365
2.0000 2.0594
3.0000 2.0257
4.0000 2.1096
5.0000 2.2084
6.0000 2.3053
7.0000 2.3184
8.0000 2.2187
9.0000 2.1751
10.0000 2.0928
11.0000 2.0035
12.0000 2.0272
13.0000 2.1116
14.0000 2.1409
15.0000 2.0690
16.0000 2.0265
17.0000 2.0448
18.0000 1.9814
19.0000 2.0265
20.0000 2.0213
21.0000 1.9366
22.0000 1.8802
23.0000 1.8326
24.0000 1.9254
25.0000 1.9869
26.0000 2.0862
27.0000 2.1729
28.0000 2.1021
29.0000 2.0559
30.0000 2.0220
31.0000 2.0081
32.0000 2.0628
33.0000 2.0121
34.0000 1.9200
35.0000 1.8244
36.0000 1.7248
37.0000 1.6281
38.0000 1.5297
39.0000 1.4585
40.0000 1.5036
41.0000 1.5651
42.0000 1.4805
43.0000 1.4471
44.0000 1.4617
45.0000 1.5193
46.0000 1.5858
47.0000 1.6789
48.0000 1.7782
49.0000 1.8531
50.0000 1.9511
51.0000 2.0500
52.0000 2.0972
53.0000 2.0579
54.0000 1.9590
55.0000 1.8842
56.0000 1.8562
57.0000 1.8329
58.0000 1.8183
59.0000 1.7790
60.0000 1.7199
61.0000 1.7039
62.0000 1.7803
63.0000 1.8539
64.0000 1.7651
65.0000 1.7743
66.0000 1.7770
67.0000 1.8597
68.0000 1.9488
69.0000 1.9009
70.0000 1.8192
71.0000 1.7402
72.0000 1.8194
73.0000 1.8728
74.0000 1.9351
75.0000 2.0328
76.0000 2.1129
77.0000 2.0381
78.0000 2.0679
79.0000 2.1678
80.0000 2.1886
81.0000 2.1657
82.0000 2.1368
83.0000 2.1017
84.0000 2.0477
85.0000 1.9823
86.0000 1.8891
87.0000 1.7989
88.0000 1.7151
89.0000 1.6343
90.0000 1.5376
91.0000 1.5148
92.0000 1.5804
93.0000 1.5067
94.0000 1.5733
95.0000 1.6597
96.0000 1.6151
97.0000 1.5880
98.0000 1.5828
99.0000 1.5271
100.0000 1.5791
101.0000 1.6020
102.0000 1.7010
103.0000 1.8010
104.0000 1.8503
105.0000 1.8839
106.0000 1.8405
107.0000 1.7583
108.0000 1.6843
109.0000 1.7383
110.0000 1.8061
111.0000 1.9027
112.0000 1.9330
113.0000 1.9167
114.0000 1.9757
115.0000 1.9455
116.0000 1.8477
117.0000 1.7477
118.0000 1.6478
119.0000 1.5684
120.0000 1.4691
121.0000 1.4191
122.0000 1.3488
123.0000 1.2836
124.0000 1.2971
125.0000 1.3411
126.0000 1.3799
127.0000 1.3206
128.0000 1.4197
129.0000 1.5194
130.0000 1.6177
131.0000 1.6728
132.0000 1.6320
133.0000 1.6885
134.0000 1.6800
135.0000 1.7409
136.0000 1.8344
137.0000 1.8643
138.0000 1.9627
139.0000 2.0122
140.0000 2.1024
141.0000 2.1844
142.0000 2.2658
143.0000 2.3569
144.0000 2.3905
145.0000 2.3756
146.0000 2.3017
147.0000 2.2513
148.0000 2.1591
149.0000 2.0734
150.0000 2.0424
