1.0000 2.1654
2.0000 2.0919
3.0000 2.0150
4.0000 1.9402
5.0000 2.0172
6.0000 2.0675
7.0000 2.1658
8.0000 2.2651
9.0000 2.3355
10.0000 2.3314
11.0000 2.2402
12.0000 2.1402
13.0000 2.0767
14.0000 2.1047
15.0000 2.0851
16.0000 2.0877
17.0000 2.1170
18.0000 2.1538
19.0000 2.1677
20.0000 2.2596
21.0000 2.3444
22.0000 2.4443
23.0000 2.5082
24.0000 2.5774
25.0000 2.6769
26.0000 2.7635
27.0000 2.8595
28.0000 2.8576
29.0000 2.7949
30.0000 2.7358
31.0000 2.6903
32.0000 2.6027
33.0000 2.5027
34.0000 2.4689
35.0000 2.4041
36.0000 2.4353
37.0000 2.5321
38.0000 2.6240
39.0000 2.6648
40.0000 2.7043
41.0000 2.6209
42.0000 2.5424
43.0000 2.4546
44.0000 2.3810
45.0000 2.3029
46.0000 2.2526
47.0000 2.1724
48.0000 2.1093
49.0000 2.0669
50.0000 2.1563
51.0000 2.0944
52.0000 2.0042
53.0000 1.9127
54.0000 1.8461
55.0000 1.7929
56.0000 1.8456
57.0000 1.8231
58.0000 1.8630
59.0000 1.9566
60.0000 1.8988
61.0000 1.8247
62.0000 1.8394
63.0000 1.8040
64.0000 1.8198
65.0000 1.8077
66.0000 1.7617
67.0000 1.6819
68.0000 1.5905
69.0000 1.4916
70.0000 1.4403
71.0000 1.3737
72.0000 1.3442
73.0000 1.2453
74.0000 1.2408
75.0000 1.1800
76.0000 1.0977
77.0000 1.0754
78.0000 0.9954
79.0000 0.9938
80.0000 0.9265
81.0000 0.8370
82.0000 0.8120
83.0000 0.8327
84.0000 0.7332
85.0000 0.6333
86.0000 0.6099
87.0000 0.5116
88.0000 0.4193
89.0000 0.3387
90.0000 0.2400
91.0000 0.2409
92.0000 0.3404
93.0000 0.4397
94.0000 0.4978
95.0000 0.5574
96.0000 0.6035
97.0000 0.6338
98.0000 0.6616
99.0000 0.6059
100.0000 0.5424
101.0000 0.5644
102.0000 0.6600
103.0000 0.7324
104.0000 0.7128
105.0000 0.7370
106.0000 0.7009
107.0000 0.7775
108.0000 0.8702
109.0000 0.9277
110.0000 0.9834
111.0000 1.0566
112.0000 1.1481
113.0000 1.2136
114.0000 1.2961
115.0000 1.2921
116.0000 1.3036
117.0000 1.3928
118.0000 1.4844
119.0000 1.5525
120.0000 1.6337
121.0000 1.7223
122.0000 1.8199
123.0000 1.8448
124.0000 1.9429
125.0000 2.0423
126.0000 2.0722
127.0000 2.0138
128.0000 1.9339
129.0000 1.9039
130.0000 1.8185
131.0000 1.7352
132.0000 1.6733
133.0000 1.7167
134.0000 1.7930
135.0000 1.7880
136.0000 1.8428
137.0000 1.9428
138.0000 2.0291
139.0000 2.0482
140.0000 2.0402
141.0000 1.9969
142.0000 1.9355
143.0000 2.0284
144.0000 2.0206
145.0000 1.9337
146.0000 1.9173
147.0000 1.9656
148.0000 2.0389
149.0000 2.0207
150.0000 1.9207
