1.0000 2.1387
2.0000 2.0407
3.0000 1.9777
4.0000 1.9946
5.0000 2.0530
6.0000 2.1390
7.0000 2.2341
8.0000 2.3282
9.0000 2.3924
10.0000 2.3723
11.0000 2.3734
12.0000 2.4655
13.0000 2.5456
14.0000 2.4612
15.0000 2.4583
16.0000 2.4274
17.0000 2.4817
18.0000 2.5358
19.0000 2.6347
20.0000 2.7135
21.0000 2.7385
22.0000 2.7158
23.0000 2.6345
24.0000 2.5347
25.0000 2.4773
26.0000 2.5047
27.0000 2.5738
28.0000 2.6340
29.0000 2.7199
30.0000 2.6753
31.0000 2.5916
32.0000 2.5237
33.0000 2.4772
34.0000 2.4009
35.0000 2.4054
36.0000 2.4952
37.0000 2.5947
38.0000 2.6946
39.0000 2.7922
40.0000 2.8672
41.0000 2.7923
42.0000 2.7132
43.0000 2.7697
44.0000 2.7047
45.0000 2.6485
46.0000 2.6927
47.0000 2.7907
48.0000 2.8701
49.0000 2.8902
50.0000 2.7990
51.0000 2.7055
52.0000 2.6593
53.0000 2.6782
54.0000 2.6845
55.0000 2.7395
56.0000 2.6581
57.0000 2.5658
58.0000 2.4804
59.0000 2.3806
60.0000 2.3249
61.0000 2.2971
62.0000 2.3244
63.0000 2.3278
64.0000 2.3323
65.0000 2.3599
66.0000 2.3556
67.0000 2.4357
68.0000 2.4000
69.0000 2.3453
70.0000 2.3322
71.0000 2.2749
72.0000 2.2254
73.0000 2.1953
74.0000 2.1428
75.0000 2.0722
76.0000 2.0043
77.0000 1.9101
78.0000 1.8103
79.0000 1.7594
80.0000 1.6644
81.0000 1.5822
82.0000 1.5890
83.0000 1.5387
84.0000 1.5275
85.0000 1.4750
86.0000 1.5169
87.0000 1.4169
88.0000 1.4064
89.0000 1.3881
90.0000 1.4852
91.0000 1.5821
92.0000 1.6737
93.0000 1.7736
94.0000 1.8633
95.0000 1.9632
96.0000 2.0494
97.0000 2.1465
98.0000 2.2455
99.0000 2.3398
100.0000 2.3803
101.0000 2.3435
102.0000 2.3752
103.0000 2.4574
104.0000 2.5574
105.0000 2.4988
106.0000 2.5406
107.0000 2.6283
108.0000 2.7128
109.0000 2.7845
110.0000 2.8445
111.0000 2.8273
112.0000 2.8899
113.0000 2.8089
114.0000 2.7412
115.0000 2.7179
116.0000 2.6857
117.0000 2.5915
118.0000 2.5036
119.0000 2.4099
120.0000 2.3236
121.0000 2.2598
122.0000 2.1811
123.0000 2.2810
124.0000 2.3565
125.0000 2.3786
126.0000 2.2983
127.0000 2.3450
128.0000 2.2814
129.0000 2.2239
130.0000 2.1646
131.0000 2.1151
132.0000 2.0483
133.0000 2.0590
134.0000 2.0378
135.0000 2.0220
136.0000 1.9220
137.0000 1.8366
138.0000 1.7377
139.0000 1.6723
140.0000 1.6572
141.0000 1.7096
142.0000 1.7982
143.0000 1.8667
144.0000 1.8443
145.0000 1.8349
146.0000 1.9309
147.0000 2.0141
148.0000 2.0650
149.0000 2.1172
150.0000 2.2075
