1.0000 2.2712
2.0000 2.2671
3.0000 2.3245
4.0000 2.3966
5.0000 2.3771
6.0000 2.4182
7.0000 2.5164
8.0000 2.5688
9.0000 2.5339
10.0000 2.4436
11.0000 2.3823
12.0000 2.3594
13.0000 2.2632
14.0000 2.1857
15.0000 2.0923
16.0000 2.1458
17.0000 2.1596
18.0000 2.2218
19.0000 2.1572
20.0000 2.0580
21.0000 2.0648
22.0000 2.1123
23.0000 2.1784
24.0000 2.2703
25.0000 2.3486
26.0000 2.3556
27.0000 2.3758
28.0000 2.3063
29.0000 2.2158
30.0000 2.1510
31.0000 2.0629
32.0000 1.9882
33.0000 1.9989
34.0000 1.9288
35.0000 1.8490
36.0000 1.7637
37.0000 1.6778
38.0000 1.6217
39.0000 1.5220
40.0000 1.5034
41.0000 1.5904
42.0000 1.6245
43.0000 1.7225
44.0000 1.7211
45.0000 1.7839
46.0000 1.7822
47.0000 1.8777
48.0000 1.9767
49.0000 2.0359
50.0000 2.1281
51.0000 2.1596
52.0000 2.0827
53.0000 1.9828
54.0000 1.9079
55.0000 1.9512
56.0000 2.0507
57.0000 2.0991
58.0000 2.1447
59.0000 2.0547
60.0000 1.9846
61.0000 1.9160
62.0000 1.8569
63.0000 1.8618
64.0000 1.9278
65.0000 2.0198
66.0000 1.9550
67.0000 1.8701
68.0000 1.9372
69.0000 1.9541
70.0000 1.9096
71.0000 1.8705
72.0000 1.8039
73.0000 1.8094
74.0000 1.7590
75.0000 1.6631
76.0000 1.5667
77.0000 1.4708
78.0000 1.3708
79.0000 1.2710
80.0000 1.1773
81.0000 1.1775
82.0000 1.1365
83.0000 1.1800
84.0000 1.2731
85.0000 1.3255
86.0000 1.3730
87.0000 1.3928
88.0000 1.3742
89.0000 1.3774
90.0000 1.3813
91.0000 1.4019
92.0000 1.3376
93.0000 1.2917
94.0000 1.3812
95.0000 1.3633
96.0000 1.3813
97.0000 1.2842
98.0000 1.2145
99.0000 1.1693
100.0000 1.1124
101.0000 1.1058
102.0000 1.1700
103.0000 1.2172
104.0000 1.3020
105.0000 1.3751
106.0000 1.4558
107.0000 1.4561
108.0000 1.3650
109.0000 1.2656
110.0000 1.1787
111.0000 1.1372
112.0000 1.0580
113.0000 1.0223
114.0000 0.9249
115.0000 0.8329
116.0000 0.7406
117.0000 0.6407
118.0000 0.5428
119.0000 0.4991
120.0000 0.4507
121.0000 0.3732
122.0000 0.4111
123.0000 0.3388
124.0000 0.3052
125.0000 0.3682
126.0000 0.4475
127.0000 0.4649
128.0000 0.5003
129.0000 0.4751
130.0000 0.5139
131.0000 0.6129
132.0000 0.6276
133.0000 0.6870
134.0000 0.6297
135.0000 0.5660
136.0000 0.5518
137.0000 0.6419
138.0000 0.7045
139.0000 0.7871
140.0000 0.7888
141.0000 0.7089
142.0000 0.7696
143.0000 0.8010
144.0000 0.7206
145.0000 0.7087
146.0000 0.7816
147.0000 0.8813
148.0000 0.9348
149.0000 0.8775
150.0000 0.8541
