1.0000 2.1617
2.0000 2.0697
3.0000 1.9918
4.0000 2.0093
5.0000 1.9558
6.0000 1.8982
7.0000 1.8772
8.0000 1.8154
9.0000 1.8403
10.0000 1.8252
11.0000 1.8610
12.0000 1.9329
13.0000 2.0310
14.0000 2.0145
15.0000 1.9204
16.0000 1.8205
17.0000 1.7287
18.0000 1.6287
19.0000 1.5572
20.0000 1.5002
21.0000 1.4070
22.0000 1.3071
23.0000 1.2141
24.0000 1.1340
25.0000 1.0355
26.0000 0.9637
27.0000 0.9532
28.0000 1.0206
29.0000 1.0912
30.0000 1.1565
31.0000 1.1996
32.0000 1.1162
33.0000 1.0807
34.0000 1.0266
35.0000 0.9479
36.0000 0.8815
37.0000 0.8353
38.0000 0.9350
39.0000 1.0349
40.0000 1.1188
41.0000 1.1963
42.0000 1.2842
43.0000 1.3814
44.0000 1.4800
45.0000 1.5520
46.0000 1.6139
47.0000 1.6718
48.0000 1.6515
49.0000 1.6543
50.0000 1.6562
51.0000 1.6122
52.0000 1.5123
53.0000 1.4198
54.0000 1.3198
55.0000 1.2498
56.0000 1.2078
57.0000 1.1426
58.0000 1.0759
59.0000 1.0157
60.0000 0.9393
61.0000 0.8426
62.0000 0.7437
63.0000 0.6442
64.0000 0.5778
65.0000 0.4857
66.0000 0.4188
67.0000 0.4437
68.0000 0.4002
69.0000 0.3018
70.0000 0.2055
71.0000 0.1822
72.0000 0.2747
73.0000 0.3727
74.0000 0.4177
75.0000 0.4499
76.0000 0.5123
77.0000 0.6118
78.0000 0.6687
79.0000 0.7687
80.0000 0.8130
81.0000 0.8038
82.0000 0.7866
83.0000 0.7291
84.0000 0.6728
85.0000 0.5743
86.0000 0.5355
87.0000 0.4609
88.0000 0.3726
89.0000 0.2875
90.0000 0.2096
91.0000 0.1976
92.0000 0.2618
93.0000 0.3605
94.0000 0.4605
95.0000 0.5593
96.0000 0.6441
97.0000 0.6346
98.0000 0.7306
99.0000 0.7753
100.0000 0.8280
101.0000 0.8895
102.0000 0.9311
103.0000 0.9884
104.0000 1.0764
105.0000 1.0523
106.0000 1.0931
107.0000 1.1796
108.0000 1.2739
109.0000 1.3739
110.0000 1.4583
111.0000 1.5454
112.0000 1.6054
113.0000 1.6964
114.0000 1.7917
115.0000 1.8914
116.0000 1.8700
117.0000 1.8375
118.0000 1.9207
119.0000 1.9935
120.0000 2.0395
121.0000 2.0647
122.0000 2.0077
123.0000 1.9426
124.0000 1.9765
125.0000 1.9534
126.0000 2.0532
127.0000 2.1416
128.0000 2.1163
129.0000 2.1005
130.0000 2.0008
131.0000 1.9374
132.0000 1.8547
133.0000 1.9161
134.0000 1.8190
135.0000 1.7709
136.0000 1.7045
137.0000 1.6367
138.0000 1.5822
139.0000 1.5863
140.0000 1.4869
141.0000 1.4039
142.0000 1.3103
143.0000 1.2155
144.0000 1.2221
145.0000 1.2735
146.0000 1.3210
147.0000 1.3705
148.0000 1.3293
149.0000 1.2422
150.0000 1.1430
