1.0000 2.2438
2.0000 2.2229
3.0000 2.2444
4.0000 2.2476
5.0000 2.1518
6.0000 2.2343
7.0000 2.2792
8.0000 2.3031
9.0000 2.3846
10.0000 2.4184
11.0000 2.4155
12.0000 2.4669
13.0000 2.5461
14.0000 2.5425
15.0000 2.4612
16.0000 2.3682
17.0000 2.2686
18.0000 2.2206
19.0000 2.3153
20.0000 2.4137
21.0000 2.4922
22.0000 2.5905
23.0000 2.6856
24.0000 2.7777
25.0000 2.8583
26.0000 2.8095
27.0000 2.8313
28.0000 2.7340
29.0000 2.6484
30.0000 2.6655
31.0000 2.7039
32.0000 2.6745
33.0000 2.6378
34.0000 2.5682
35.0000 2.4886
36.0000 2.4809
37.0000 2.5028
38.0000 2.5487
39.0000 2.5267
40.0000 2.6176
41.0000 2.7175
42.0000 2.7841
43.0000 2.8477
44.0000 2.7960
45.0000 2.8196
46.0000 2.8564
47.0000 2.7750
48.0000 2.7099
49.0000 2.6900
50.0000 2.5918
51.0000 2.5378
52.0000 2.4712
53.0000 2.3937
54.0000 2.3150
55.0000 2.2972
56.0000 2.3063
57.0000 2.3109
58.0000 2.3459
59.0000 2.3268
60.0000 2.3669
61.0000 2.4161
62.0000 2.3731
63.0000 2.3217
64.0000 2.3142
65.0000 2.2374
66.0000 2.1644
67.0000 2.0705
68.0000 2.0193
69.0000 2.0430
70.0000 2.0520
71.0000 2.0304
72.0000 2.0476
73.0000 2.0471
74.0000 2.0138
75.0000 2.0517
76.0000 2.1404
77.0000 2.2403
78.0000 2.3347
79.0000 2.4192
80.0000 2.5103
81.0000 2.5841
82.0000 2.6840
83.0000 2.7576
84.0000 2.8355
85.0000 2.8599
86.0000 2.8544
87.0000 2.8240
88.0000 2.7253
89.0000 2.6693
90.0000 2.5772
91.0000 2.4806
92.0000 2.5529
93.0000 2.5650
94.0000 2.5398
95.0000 2.5057
96.0000 2.5564
97.0000 2.6534
98.0000 2.7399
99.0000 2.7617
100.0000 2.7603
101.0000 2.6672
102.0000 2.5937
103.0000 2.6052
104.0000 2.5100
105.0000 2.4100
106.0000 2.3120
107.0000 2.2124
108.0000 2.1568
109.0000 2.0598
110.0000 1.9598
111.0000 1.9353
112.0000 1.8353
113.0000 1.7598
114.0000 1.7343
115.0000 1.8057
116.0000 1.9049
117.0000 1.9736
118.0000 2.0665
119.0000 2.1552
120.0000 2.1945
121.0000 2.2616
122.0000 2.2640
123.0000 2.2334
124.0000 2.2110
125.0000 2.1312
126.0000 2.0952
127.0000 2.0073
128.0000 1.9160
129.0000 1.8187
130.0000 1.7576
131.0000 1.8559
132.0000 1.9235
133.0000 2.0223
134.0000 2.1223
135.0000 2.0779
136.0000 2.0657
137.0000 2.1656
138.0000 2.2269
139.0000 2.1553
140.0000 2.0556
141.0000 1.9824
142.0000 2.0166
143.0000 2.1048
144.0000 2.1924
145.0000 2.2438
146.0000 2.3204
147.0000 2.3901
148.0000 2.3866
149.0000 2.3855
150.0000 2.4855
