1.0000 2.1412
2.0000 2.0481
3.0000 1.9511
4.0000 1.8896
5.0000 1.8642
6.0000 1.9211
7.0000 1.9316
8.0000 1.9724
9.0000 2.0654
10.0000 2.1629
11.0000 2.2279
12.0000 2.3253
13.0000 2.3781
14.0000 2.3491
15.0000 2.4019
16.0000 2.4767
17.0000 2.5760
18.0000 2.5618
19.0000 2.5130
20.0000 2.4612
21.0000 2.4456
22.0000 2.4711
23.0000 2.4929
24.0000 2.5924
25.0000 2.6636
26.0000 2.6505
27.0000 2.6889
28.0000 2.7541
29.0000 2.8132
30.0000 2.8357
31.0000 2.7400
32.0000 2.6530
33.0000 2.5608
34.0000 2.4658
35.0000 2.3963
36.0000 2.2980
37.0000 2.2644
38.0000 2.1895
39.0000 2.1274
40.0000 2.0668
41.0000 1.9668
42.0000 1.9753
43.0000 2.0719
44.0000 2.1680
45.0000 2.2655
46.0000 2.3648
47.0000 2.4349
48.0000 2.5331
49.0000 2.5020
50.0000 2.4547
51.0000 2.4638
52.0000 2.3862
53.0000 2.3288
54.0000 2.3181
55.0000 2.3412
56.0000 2.4285
57.0000 2.3951
58.0000 2.4652
59.0000 2.5649
60.0000 2.6552
61.0000 2.7152
62.0000 2.7724
63.0000 2.8272
64.0000 2.8496
65.0000 2.7497
66.0000 2.6739
67.0000 2.5929
68.0000 2.5307
69.0000 2.5801
70.0000 2.5507
71.0000 2.4886
72.0000 2.3957
73.0000 2.3298
74.0000 2.4054
75.0000 2.3383
76.0000 2.3206
77.0000 2.2260
78.0000 2.1350
79.0000 2.0360
80.0000 1.9554
81.0000 2.0237
82.0000 2.1213
83.0000 2.2170
84.0000 2.1375
85.0000 2.0377
86.0000 1.9394
87.0000 1.8404
88.0000 1.8682
89.0000 1.8915
90.0000 1.9702
91.0000 2.0682
92.0000 2.1585
93.0000 2.2577
94.0000 2.3402
95.0000 2.4145
96.0000 2.4814
97.0000 2.4635
98.0000 2.4357
99.0000 2.3761
100.0000 2.4208
101.0000 2.4260
102.0000 2.3517
103.0000 2.2899
104.0000 2.2207
105.0000 2.1490
106.0000 2.1179
107.0000 2.0497
108.0000 1.9497
109.0000 1.8701
110.0000 1.8298
111.0000 1.7805
112.0000 1.7172
113.0000 1.6875
114.0000 1.7463
115.0000 1.7731
116.0000 1.7366
117.0000 1.6523
118.0000 1.7145
119.0000 1.7341
120.0000 1.7569
121.0000 1.8541
122.0000 1.7629
123.0000 1.7447
124.0000 1.8323
125.0000 1.9053
126.0000 1.9886
127.0000 2.0572
128.0000 2.1571
129.0000 2.2362
130.0000 2.2982
131.0000 2.3089
132.0000 2.3630
133.0000 2.4281
134.0000 2.4286
135.0000 2.3712
136.0000 2.4395
137.0000 2.4885
138.0000 2.4177
139.0000 2.3530
140.0000 2.2751
141.0000 2.2246
142.0000 2.1559
143.0000 2.0694
144.0000 2.1177
145.0000 2.2176
146.0000 2.3170
147.0000 2.3970
148.0000 2.4953
149.0000 2.5811
150.0000 2.5217
