1.0000 2.1362
2.0000 2.0722
3.0000 2.0715
4.0000 2.1067
5.0000 2.0267
6.0000 1.9375
7.0000 1.8632
8.0000 1.9396
9.0000 2.0121
10.0000 2.0235
11.0000 1.9510
12.0000 2.0356
13.0000 1.9545
14.0000 1.8733
15.0000 1.7734
16.0000 1.6736
17.0000 1.5935
18.0000 1.5209
19.0000 1.4905
20.0000 1.5200
21.0000 1.5916
22.0000 1.6217
23.0000 1.6512
24.0000 1.7321
25.0000 1.8295
26.0000 1.8469
27.0000 1.9055
28.0000 1.9683
29.0000 2.0067
30.0000 2.0278
31.0000 2.0778
32.0000 1.9797
33.0000 1.8911
34.0000 1.8761
35.0000 1.9690
36.0000 2.0300
37.0000 2.0541
38.0000 2.0237
39.0000 2.0801
40.0000 2.0499
41.0000 2.0200
42.0000 1.9323
43.0000 1.8381
44.0000 1.8339
45.0000 1.7712
46.0000 1.6863
47.0000 1.6522
48.0000 1.5537
49.0000 1.4546
50.0000 1.3870
51.0000 1.2914
52.0000 1.3606
53.0000 1.4190
54.0000 1.4972
55.0000 1.4289
56.0000 1.3565
57.0000 1.2981
58.0000 1.1986
59.0000 1.1077
60.0000 1.0201
61.0000 0.9578
62.0000 0.8912
63.0000 0.8832
64.0000 0.9796
65.0000 1.0750
66.0000 1.1743
67.0000 1.2387
68.0000 1.2901
69.0000 1.3751
70.0000 1.4178
71.0000 1.4158
72.0000 1.5096
73.0000 1.5779
74.0000 1.6541
75.0000 1.7438
76.0000 1.8107
77.0000 1.8847
78.0000 1.9196
79.0000 1.9609
80.0000 1.9476
81.0000 2.0236
82.0000 2.0318
83.0000 2.1216
84.0000 2.1096
85.0000 2.0642
86.0000 1.9782
87.0000 1.9607
88.0000 1.8907
89.0000 1.8725
90.0000 1.7923
91.0000 1.8770
92.0000 1.9369
93.0000 2.0000
94.0000 2.0774
95.0000 2.1247
96.0000 2.1254
97.0000 2.2226
98.0000 2.3218
99.0000 2.4217
100.0000 2.4956
101.0000 2.4184
102.0000 2.3376
103.0000 2.2520
104.0000 2.1884
105.0000 2.1278
106.0000 2.1223
107.0000 2.0465
108.0000 1.9497
109.0000 1.8791
110.0000 1.7978
111.0000 1.8567
112.0000 1.7840
113.0000 1.7083
114.0000 1.6084
115.0000 1.5229
116.0000 1.5508
117.0000 1.4510
118.0000 1.3690
119.0000 1.2691
120.0000 1.2183
121.0000 1.2819
122.0000 1.3400
123.0000 1.4269
124.0000 1.5263
125.0000 1.6180
126.0000 1.7154
127.0000 1.7358
128.0000 1.7299
129.0000 1.8078
130.0000 1.8115
131.0000 1.7666
132.0000 1.6667
133.0000 1.5757
134.0000 1.4881
135.0000 1.4833
136.0000 1.4558
137.0000 1.4487
138.0000 1.5228
139.0000 1.4860
140.0000 1.4120
141.0000 1.3283
142.0000 1.2698
143.0000 1.2661
144.0000 1.3642
145.0000 1.4437
146.0000 2.2677
147.0000 1.5745
148.0000 2.3711
149.0000 2.4393
150.0000 2.4392
