1.0000 2.2044
2.0000 2.1073
3.0000 2.1432
4.0000 2.2381
5.0000 2.3165
6.0000 2.3085
7.0000 2.2371
8.0000 2.2130
9.0000 2.2422
10.0000 2.3409
11.0000 2.4326
12.0000 2.3391
13.0000 2.3303
14.0000 2.3495
15.0000 2.3624
16.0000 2.3752
17.0000 2.3145
18.0000 2.2351
19.0000 2.1361
20.0000 2.1989
21.0000 2.2297
22.0000 2.2692
23.0000 2.3326
24.0000 2.3520
25.0000 2.4492
26.0000 2.5468
27.0000 2.6245
28.0000 2.5410
29.0000 2.4823
30.0000 2.3843
31.0000 2.2934
32.0000 2.2875
33.0000 2.3172
34.0000 2.3282
35.0000 2.3980
36.0000 2.2991
37.0000 2.2118
38.0000 2.1197
39.0000 2.1044
40.0000 2.1833
41.0000 2.2346
42.0000 2.3277
43.0000 2.3749
44.0000 2.4739
45.0000 2.5627
46.0000 2.5377
47.0000 2.5005
48.0000 2.4492
49.0000 2.4252
50.0000 2.3374
51.0000 2.2751
52.0000 2.1774
53.0000 2.0794
54.0000 2.1612
55.0000 2.2198
56.0000 2.1904
57.0000 2.2360
58.0000 2.2504
59.0000 2.3294
60.0000 2.3840
61.0000 2.3554
62.0000 2.2571
63.0000 2.2074
64.0000 2.1074
65.0000 2.0866
66.0000 2.1371
67.0000 2.1791
68.0000 2.2549
69.0000 2.3444
70.0000 2.4323
71.0000 2.4715
72.0000 2.5715
73.0000 2.6662
74.0000 2.6915
75.0000 2.5951
76.0000 2.5149
77.0000 2.4404
78.0000 2.3485
79.0000 2.2652
80.0000 2.1970
81.0000 2.2087
82.0000 2.1428
83.0000 2.1797
84.0000 2.2529
85.0000 2.3129
86.0000 2.2844
87.0000 2.1850
88.0000 2.1372
89.0000 2.2346
90.0000 2.3340
91.0000 2.4185
92.0000 2.4819
93.0000 2.5819
94.0000 2.6801
95.0000 2.7581
96.0000 2.8004
97.0000 2.7079
98.0000 2.6177
99.0000 2.5186
100.0000 2.4333
101.0000 2.4088
102.0000 2.3709
103.0000 2.2732
104.0000 2.1992
105.0000 2.1889
106.0000 2.1728
107.0000 2.2625
108.0000 2.2287
109.0000 2.1416
110.0000 2.1284
111.0000 2.1269
112.0000 2.1915
113.0000 2.2031
114.0000 2.1213
115.0000 2.1304
116.0000 2.0791
117.0000 1.9794
118.0000 1.9158
119.0000 1.9216
120.0000 1.9207
121.0000 2.0170
122.0000 2.1027
123.0000 2.1187
124.0000 2.2097
125.0000 2.2821
126.0000 2.3777
127.0000 2.3901
128.0000 2.3325
129.0000 2.2849
130.0000 2.2239
131.0000 2.1553
132.0000 2.1276
133.0000 2.1118
134.0000 2.0947
135.0000 2.0444
136.0000 1.9502
137.0000 1.9846
138.0000 2.0818
139.0000 2.1723
140.0000 2.1775
141.0000 2.1001
142.0000 2.1000
143.0000 2.1991
144.0000 2.2878
145.0000 2.2808
146.0000 2.2504
147.0000 2.2068
148.0000 2.1489
149.0000 2.2084
150.0000 2.2276
