1.0000 2.1474
2.0000 2.0544
3.0000 1.9742
4.0000 1.8858
5.0000 1.8330
6.0000 1.7427
7.0000 1.6866
8.0000 1.6132
9.0000 1.5195
10.0000 1.4203
11.0000 1.3328
12.0000 1.2522
13.0000 1.1652
14.0000 1.0652
15.0000 0.9779
16.0000 0.9586
17.0000 1.0092
18.0000 0.9657
19.0000 0.8957
20.0000 0.8084
21.0000 0.7173
22.0000 0.6550
23.0000 0.6783
24.0000 0.7484
25.0000 0.8388
26.0000 0.9350
27.0000 1.0349
28.0000 1.0722
29.0000 0.9753
30.0000 0.9165
31.0000 0.9101
32.0000 1.0048
33.0000 1.0968
34.0000 1.1737
35.0000 1.2709
36.0000 1.3662
37.0000 1.4626
38.0000 1.5328
39.0000 1.5756
40.0000 1.4845
41.0000 1.5007
42.0000 1.5717
43.0000 1.6706
44.0000 1.7616
45.0000 1.8521
46.0000 1.9453
47.0000 2.0441
48.0000 2.1343
49.0000 2.0537
50.0000 1.9539
51.0000 2.0242
52.0000 2.1188
53.0000 2.1319
54.0000 2.1395
55.0000 2.2114
56.0000 2.3096
57.0000 2.2701
58.0000 2.1946
59.0000 2.2465
60.0000 2.3409
61.0000 2.4379
62.0000 2.4876
63.0000 2.4093
64.0000 2.3287
65.0000 2.2366
66.0000 2.1388
67.0000 2.0420
68.0000 1.9627
69.0000 1.9959
70.0000 1.9981
71.0000 1.9250
72.0000 1.8374
73.0000 1.8019
74.0000 1.8900
75.0000 1.9566
76.0000 2.0028
77.0000 2.0840
78.0000 2.1702
79.0000 2.2230
80.0000 2.3193
81.0000 2.4036
82.0000 2.4776
83.0000 2.4051
84.0000 2.3219
85.0000 2.2235
86.0000 2.2716
87.0000 2.2321
88.0000 2.1533
89.0000 2.0880
90.0000 2.1302
91.0000 2.2301
92.0000 2.3287
93.0000 2.4266
94.0000 2.4988
95.0000 2.4681
96.0000 2.4838
97.0000 2.4974
98.0000 2.5341
99.0000 2.4923
100.0000 2.4457
101.0000 2.5139
102.0000 2.4460
103.0000 2.3496
104.0000 2.2600
105.0000 2.1606
106.0000 2.0612
107.0000 2.0474
108.0000 2.1474
109.0000 2.2318
110.0000 2.3229
111.0000 2.4225
112.0000 2.5220
113.0000 2.4572
114.0000 2.4602
115.0000 2.4233
116.0000 2.4060
117.0000 2.4810
118.0000 2.4951
119.0000 2.3997
120.0000 2.3217
121.0000 2.2780
122.0000 2.2960
123.0000 2.3880
124.0000 2.4320
125.0000 2.4101
126.0000 2.3241
127.0000 2.2445
128.0000 2.1652
129.0000 2.2507
130.0000 2.3500
131.0000 2.4201
132.0000 2.3553
133.0000 2.2554
134.0000 2.1901
135.0000 2.0907
136.0000 1.9959
137.0000 1.8960
138.0000 1.8219
139.0000 1.7222
140.0000 1.6227
141.0000 1.5419
142.0000 1.4441
143.0000 1.3745
144.0000 1.2878
145.0000 1.2076
146.0000 1.1229
147.0000 1.0237
148.0000 0.9573
149.0000 0.9967
150.0000 1.0765
