1.0000 2.2239
2.0000 2.1282
3.0000 2.0444
4.0000 1.9459
5.0000 1.8934
6.0000 1.7990
7.0000 1.7020
8.0000 1.6297
9.0000 1.5425
10.0000 1.5582
11.0000 1.6569
12.0000 1.5790
13.0000 1.5423
14.0000 1.5341
15.0000 1.4927
16.0000 1.4729
17.0000 1.5456
18.0000 1.5662
19.0000 1.5739
20.0000 1.6548
21.0000 1.7314
22.0000 1.8068
23.0000 1.8394
24.0000 1.9334
25.0000 1.9746
26.0000 2.0058
27.0000 1.9205
28.0000 2.0016
29.0000 2.0736
30.0000 2.1508
31.0000 2.2247
32.0000 2.3155
33.0000 2.4146
34.0000 2.3430
35.0000 2.2535
36.0000 2.1933
37.0000 2.1332
38.0000 2.0334
39.0000 1.9444
40.0000 1.8480
41.0000 1.8367
42.0000 1.7975
43.0000 1.7967
44.0000 1.8785
45.0000 1.9189
46.0000 1.9266
47.0000 2.0169
48.0000 2.1077
49.0000 2.2077
50.0000 2.2899
51.0000 2.3897
52.0000 2.3309
53.0000 2.2401
54.0000 2.2221
55.0000 2.2040
56.0000 2.1414
57.0000 2.1260
58.0000 2.2255
59.0000 2.3006
60.0000 2.3864
61.0000 2.4863
62.0000 2.5568
63.0000 2.5764
64.0000 2.4783
65.0000 2.4226
66.0000 2.4179
67.0000 2.3223
68.0000 2.2405
69.0000 2.3127
70.0000 2.2958
71.0000 2.2320
72.0000 2.1592
73.0000 2.1151
74.0000 2.0199
75.0000 1.9199
76.0000 1.8227
77.0000 1.7995
78.0000 1.7174
79.0000 1.6228
80.0000 1.5702
81.0000 1.4723
82.0000 1.4668
83.0000 1.3731
84.0000 1.3149
85.0000 1.2971
86.0000 1.3855
87.0000 1.4366
88.0000 1.4843
89.0000 1.4941
90.0000 1.4398
91.0000 1.4992
92.0000 1.5329
93.0000 1.5280
94.0000 1.4286
95.0000 1.3333
96.0000 1.3036
97.0000 1.2404
98.0000 1.1831
99.0000 1.1181
100.0000 1.2174
101.0000 1.3173
102.0000 1.4047
103.0000 1.4364
104.0000 1.5354
105.0000 1.5889
106.0000 1.6835
107.0000 1.7745
108.0000 1.8679
109.0000 1.9023
110.0000 1.9385
111.0000 1.9160
112.0000 1.8506
113.0000 1.7935
114.0000 1.6946
115.0000 1.5950
116.0000 1.5200
117.0000 1.4543
118.0000 1.3600
119.0000 1.2617
120.0000 1.1682
121.0000 1.0855
122.0000 1.0878
123.0000 1.0582
124.0000 0.9582
125.0000 0.9048
126.0000 0.8242
127.0000 0.7488
128.0000 0.8150
129.0000 0.8876
130.0000 0.9574
131.0000 0.9786
132.0000 0.9548
133.0000 1.0112
134.0000 1.1011
135.0000 1.1938
136.0000 1.2898
137.0000 1.3067
138.0000 1.3793
139.0000 1.4350
140.0000 1.4266
141.0000 1.4622
142.0000 1.4768
143.0000 1.5565
144.0000 1.6006
145.0000 1.6944
146.0000 1.7512
147.0000 1.8504
148.0000 1.9494
149.0000 2.0463
150.0000 2.1441
