1.0000 2.2243
2.0000 2.2285
3.0000 2.1839
4.0000 2.1167
5.0000 2.0455
6.0000 2.0728
7.0000 2.0406
8.0000 2.0068
9.0000 2.1016
10.0000 2.1699
11.0000 2.2681
12.0000 2.2746
13.0000 2.1932
14.0000 2.1187
15.0000 2.1077
16.0000 2.0186
17.0000 1.9310
18.0000 1.9705
19.0000 2.0215
20.0000 2.0004
21.0000 1.9282
22.0000 1.8504
23.0000 1.7512
24.0000 1.6877
25.0000 1.6727
26.0000 1.6878
27.0000 1.7649
28.0000 1.8377
29.0000 1.9374
30.0000 2.0186
31.0000 1.9831
32.0000 1.9511
33.0000 2.0332
34.0000 2.0542
35.0000 2.0039
36.0000 1.9466
37.0000 1.8580
38.0000 1.9409
39.0000 2.0335
40.0000 2.1145
41.0000 2.0761
42.0000 2.0670
43.0000 2.0446
44.0000 1.9447
45.0000 1.8504
46.0000 1.8007
47.0000 1.8146
48.0000 1.8887
49.0000 1.9865
50.0000 2.0838
51.0000 2.1830
52.0000 2.2396
53.0000 2.2858
54.0000 2.2580
55.0000 2.1635
56.0000 2.1590
57.0000 2.2381
58.0000 2.2573
59.0000 2.2070
60.0000 2.1785
61.0000 2.1098
62.0000 2.1787
63.0000 2.1955
64.0000 2.2746
65.0000 2.3224
66.0000 2.2514
67.0000 2.1619
68.0000 2.0800
69.0000 1.9854
70.0000 1.8854
71.0000 1.7857
72.0000 1.6904
73.0000 1.6479
74.0000 1.5703
75.0000 1.4910
76.0000 1.5422
77.0000 1.5013
78.0000 1.4023
79.0000 1.4713
80.0000 1.5313
81.0000 1.5815
82.0000 1.5269
83.0000 1.4278
84.0000 1.3311
85.0000 1.2677
86.0000 1.1893
87.0000 1.2711
88.0000 1.3263
89.0000 1.3605
90.0000 1.4213
91.0000 1.4489
92.0000 1.5276
93.0000 1.4971
94.0000 1.5209
95.0000 1.6208
96.0000 1.7089
97.0000 1.7853
98.0000 1.8294
99.0000 1.8638
100.0000 1.9316
101.0000 1.9826
102.0000 2.0292
103.0000 2.1046
104.0000 2.1122
105.0000 2.1479
106.0000 2.2400
107.0000 2.3359
108.0000 2.4302
109.0000 2.4716
110.0000 2.4333
111.0000 2.3538
112.0000 2.2701
113.0000 2.3660
114.0000 2.4578
115.0000 2.5289
116.0000 2.5843
117.0000 2.4860
118.0000 2.3969
119.0000 2.4075
120.0000 2.5066
121.0000 2.5211
122.0000 2.4290
123.0000 2.3312
124.0000 2.2445
125.0000 2.1503
126.0000 2.0504
127.0000 1.9557
128.0000 1.8700
129.0000 1.9165
130.0000 1.9827
131.0000 2.0826
132.0000 2.1503
133.0000 2.0851
134.0000 2.0348
135.0000 1.9453
136.0000 1.8634
137.0000 1.7719
138.0000 1.7635
139.0000 1.6842
140.0000 1.7401
141.0000 1.8278
142.0000 1.9128
143.0000 1.9800
144.0000 2.0726
145.0000 2.1700
146.0000 2.1274
147.0000 2.0599
148.0000 1.9702
149.0000 1.8720
150.0000 1.9718
