1.0000 2.1536
2.0000 2.2504
3.0000 2.2069
4.0000 2.2911
5.0000 2.3685
6.0000 2.3395
7.0000 2.2945
8.0000 2.2597
9.0000 2.2520
10.0000 2.2934
11.0000 2.3900
12.0000 2.4699
13.0000 2.5695
14.0000 2.5890
15.0000 2.5197
16.0000 2.4296
17.0000 2.4865
18.0000 2.5747
19.0000 2.6733
20.0000 2.7080
21.0000 2.7832
22.0000 2.7856
23.0000 2.7945
24.0000 2.7595
25.0000 2.7955
26.0000 2.8150
27.0000 2.7397
28.0000 2.6882
29.0000 2.5890
30.0000 2.5206
31.0000 2.4431
32.0000 2.4359
33.0000 2.4419
34.0000 2.4185
35.0000 2.4440
36.0000 2.4606
37.0000 2.3680
38.0000 2.3386
39.0000 2.2732
40.0000 2.1746
41.0000 2.0751
42.0000 1.9760
43.0000 1.9152
44.0000 2.0148
45.0000 1.9514
46.0000 1.8850
47.0000 1.8878
48.0000 1.8423
49.0000 1.7584
50.0000 1.7110
51.0000 1.6490
52.0000 1.5520
53.0000 1.4524
54.0000 1.4027
55.0000 1.3953
56.0000 1.3017
57.0000 1.2019
58.0000 1.1200
59.0000 1.0200
60.0000 0.9376
61.0000 0.8602
62.0000 0.7608
63.0000 0.7744
64.0000 0.8249
65.0000 0.8551
66.0000 0.8969
67.0000 0.8764
68.0000 0.7779
69.0000 0.8433
70.0000 0.8687
71.0000 0.9460
72.0000 0.9851
73.0000 0.9606
74.0000 0.9955
75.0000 1.0403
76.0000 1.1392
77.0000 1.2094
78.0000 1.1818
79.0000 1.0906
80.0000 1.1539
81.0000 1.1338
82.0000 1.0576
83.0000 0.9675
84.0000 0.8794
85.0000 0.7797
86.0000 0.6805
87.0000 0.6081
88.0000 0.6954
89.0000 0.7417
90.0000 0.6443
91.0000 0.5863
92.0000 0.5827
93.0000 0.5411
94.0000 0.4557
95.0000 0.3938
96.0000 0.3243
97.0000 0.3167
98.0000 0.3896
99.0000 0.4550
100.0000 0.5539
101.0000 0.6375
102.0000 0.5735
103.0000 0.6446
104.0000 0.7417
105.0000 0.8315
106.0000 0.9260
107.0000 1.0244
108.0000 1.0636
109.0000 1.1529
110.0000 1.2028
111.0000 1.2521
112.0000 1.3150
113.0000 1.4005
114.0000 1.4514
115.0000 1.3601
116.0000 1.2681
117.0000 1.2927
118.0000 1.3210
119.0000 1.3885
120.0000 1.4884
121.0000 1.5855
122.0000 1.5896
123.0000 1.6896
124.0000 1.7895
125.0000 1.8837
126.0000 1.9786
127.0000 2.0775
128.0000 2.1632
129.0000 2.2032
130.0000 2.1343
131.0000 2.0672
132.0000 2.0653
133.0000 2.0194
134.0000 1.9423
135.0000 1.8720
136.0000 1.7727
137.0000 1.6794
138.0000 1.5982
139.0000 1.5179
140.0000 1.4545
141.0000 1.3715
142.0000 1.2720
143.0000 1.1795
144.0000 1.1597
145.0000 1.0846
146.0000 1.0039
147.0000 0.9039
148.0000 0.8147
149.0000 0.8016
150.0000 0.7850
