1.0000 2.2706
2.0000 2.2596
3.0000 2.1868
4.0000 2.0891
5.0000 1.9944
6.0000 1.8999
7.0000 1.8005
8.0000 1.7561
9.0000 1.6734
10.0000 1.7010
11.0000 1.6639
12.0000 1.6593
13.0000 1.7373
14.0000 1.8287
15.0000 1.8238
16.0000 1.7760
17.0000 1.8659
18.0000 1.8988
19.0000 1.8624
20.0000 1.7719
21.0000 1.6899
22.0000 1.5966
23.0000 1.5268
24.0000 1.4312
25.0000 1.3573
26.0000 1.3687
27.0000 1.3524
28.0000 1.2643
29.0000 1.2828
30.0000 1.2957
31.0000 1.2627
32.0000 1.2416
33.0000 1.1713
34.0000 1.1010
35.0000 1.0307
36.0000 1.0241
37.0000 1.1238
38.0000 1.2222
39.0000 1.2657
40.0000 1.3657
41.0000 1.4443
42.0000 1.5352
43.0000 1.6316
44.0000 1.7309
45.0000 1.7366
46.0000 1.8167
47.0000 1.8903
48.0000 1.8539
49.0000 1.9532
50.0000 2.0467
51.0000 2.1238
52.0000 2.1711
53.0000 2.2710
54.0000 2.3222
55.0000 2.2231
56.0000 2.1649
57.0000 2.2230
58.0000 2.2828
59.0000 2.3826
60.0000 2.4607
61.0000 2.4723
62.0000 2.3791
63.0000 2.2918
64.0000 2.2682
65.0000 2.3205
66.0000 2.2620
67.0000 2.3216
68.0000 2.3326
69.0000 2.3728
70.0000 2.4196
71.0000 2.3871
72.0000 2.4166
73.0000 2.5102
74.0000 2.5986
75.0000 2.6928
76.0000 2.6278
77.0000 2.5631
78.0000 2.4651
79.0000 2.3816
80.0000 2.3170
81.0000 2.2629
82.0000 2.1890
83.0000 2.1291
84.0000 2.1262
85.0000 2.2084
86.0000 2.3048
87.0000 2.3762
88.0000 2.4684
89.0000 2.5514
90.0000 2.6068
91.0000 2.5673
92.0000 2.4690
93.0000 2.3916
94.0000 2.3523
95.0000 2.2984
96.0000 2.2317
97.0000 2.1734
98.0000 2.2449
99.0000 2.2510
100.0000 2.3004
101.0000 2.3610
102.0000 2.4608
103.0000 2.5551
104.0000 2.5840
105.0000 2.6482
106.0000 2.6161
107.0000 2.7113
108.0000 2.6690
109.0000 2.6017
110.0000 2.5022
111.0000 2.4022
112.0000 2.3465
113.0000 2.4243
114.0000 2.4566
115.0000 2.5336
116.0000 2.6317
117.0000 2.7149
118.0000 2.7998
119.0000 2.7467
120.0000 2.7018
121.0000 2.6039
122.0000 2.5071
123.0000 2.5555
124.0000 2.4652
125.0000 2.4024
126.0000 2.3025
127.0000 2.2233
128.0000 2.1670
129.0000 2.0673
130.0000 1.9673
131.0000 1.8739
132.0000 1.7943
133.0000 1.7142
134.0000 1.6932
135.0000 1.6645
136.0000 1.6857
137.0000 1.6895
138.0000 1.7318
139.0000 1.8080
140.0000 1.7812
141.0000 1.6872
142.0000 1.6704
143.0000 1.6723
144.0000 1.6717
145.0000 1.6411
146.0000 1.7312
147.0000 1.7771
148.0000 1.7932
149.0000 1.7562
150.0000 1.7617
