1.0000 2.1604
2.0000 2.0963
3.0000 1.9963
4.0000 1.9025
5.0000 1.8249
6.0000 1.7277
7.0000 1.6413
8.0000 1.5541
9.0000 1.4544
10.0000 1.3995
11.0000 1.3031
12.0000 1.2068
13.0000 1.1855
14.0000 1.1950
15.0000 1.1756
16.0000 1.2437
17.0000 1.2746
18.0000 1.3487
19.0000 1.4334
20.0000 1.3403
21.0000 1.2411
22.0000 1.1823
23.0000 1.2324
24.0000 1.3236
25.0000 1.2829
26.0000 1.3739
27.0000 1.4455
28.0000 1.5452
29.0000 1.6449
30.0000 1.7321
31.0000 1.8091
32.0000 1.8864
33.0000 1.8952
34.0000 1.7975
35.0000 1.7955
36.0000 1.8649
37.0000 1.8205
38.0000 1.7770
39.0000 1.7275
40.0000 1.7004
41.0000 1.6006
42.0000 1.5104
43.0000 1.4740
44.0000 1.5183
45.0000 1.5981
46.0000 1.6980
47.0000 1.7903
48.0000 1.8898
49.0000 1.9770
50.0000 2.0769
51.0000 2.1233
52.0000 2.0783
53.0000 2.1735
54.0000 2.1056
55.0000 2.0062
56.0000 1.9095
57.0000 1.8096
58.0000 1.7479
59.0000 1.6849
60.0000 1.7130
61.0000 1.6669
62.0000 1.6177
63.0000 1.5779
64.0000 1.4845
65.0000 1.4571
66.0000 1.4214
67.0000 1.3274
68.0000 1.2915
69.0000 1.3281
70.0000 1.4278
71.0000 1.4844
72.0000 1.5238
73.0000 1.6059
74.0000 1.6968
75.0000 1.7929
76.0000 1.8917
77.0000 1.9429
78.0000 1.9829
79.0000 2.0196
80.0000 2.0010
81.0000 1.9760
82.0000 1.9073
83.0000 1.9695
84.0000 1.9814
85.0000 2.0151
86.0000 2.0270
87.0000 1.9862
88.0000 1.9434
89.0000 1.8435
90.0000 1.8393
91.0000 1.9223
92.0000 2.0175
93.0000 2.0098
94.0000 1.9220
95.0000 1.8356
96.0000 1.7553
97.0000 1.8065
98.0000 1.8242
99.0000 1.7955
100.0000 1.7256
101.0000 1.8143
102.0000 1.9009
103.0000 1.9772
104.0000 1.9934
105.0000 2.0819
106.0000 2.1724
107.0000 2.2654
108.0000 2.2128
109.0000 2.1418
110.0000 2.1099
111.0000 2.2091
112.0000 2.2807
113.0000 2.3797
114.0000 2.4383
115.0000 2.5264
116.0000 2.6191
117.0000 2.7180
118.0000 2.7361
119.0000 2.6905
120.0000 2.5908
121.0000 2.5556
122.0000 2.4753
123.0000 2.4049
124.0000 2.3049
125.0000 2.2190
126.0000 2.2308
127.0000 2.1714
128.0000 2.1224
129.0000 2.0330
130.0000 1.9350
131.0000 1.8620
132.0000 1.8047
133.0000 1.7309
134.0000 1.6309
135.0000 1.5315
136.0000 1.4354
137.0000 1.3514
138.0000 1.2954
139.0000 1.1967
140.0000 1.1012
141.0000 1.1394
142.0000 1.1940
143.0000 1.2326
144.0000 1.2381
145.0000 1.1819
146.0000 1.1032
147.0000 1.0138
148.0000 0.9301
149.0000 0.8347
150.0000 0.7362
