1.0000 2.1883
2.0000 2.1344
3.0000 2.0973
4.0000 2.0653
5.0000 2.0222
6.0000 1.9284
7.0000 1.9359
8.0000 1.9227
9.0000 2.0145
10.0000 1.9885
11.0000 1.9521
12.0000 1.9599
13.0000 1.9466
14.0000 1.8697
15.0000 1.7749
16.0000 1.7186
17.0000 1.6880
18.0000 1.7555
19.0000 1.6991
20.0000 1.7017
21.0000 1.8010
22.0000 1.8857
23.0000 1.9831
24.0000 2.0627
25.0000 2.0754
26.0000 2.0329
27.0000 2.0362
28.0000 2.0688
29.0000 2.0870
30.0000 2.0537
31.0000 1.9940
32.0000 1.9106
33.0000 1.9014
34.0000 1.9070
35.0000 1.8583
36.0000 1.7622
37.0000 1.6791
38.0000 1.6859
39.0000 1.6767
40.0000 1.6355
41.0000 1.6843
42.0000 1.6339
43.0000 1.6642
44.0000 1.7336
45.0000 1.8308
46.0000 1.8824
47.0000 1.9824
48.0000 1.9876
49.0000 1.8878
50.0000 1.7929
51.0000 1.7315
52.0000 1.6605
53.0000 1.6250
54.0000 1.6753
55.0000 1.5794
56.0000 1.6621
57.0000 1.7527
58.0000 1.8526
59.0000 1.9298
60.0000 1.8712
61.0000 1.7950
62.0000 1.8367
63.0000 1.9128
64.0000 2.0112
65.0000 2.1104
66.0000 2.1423
67.0000 2.2302
68.0000 2.3167
69.0000 2.3134
70.0000 2.3570
71.0000 2.4338
72.0000 2.5245
73.0000 2.5532
74.0000 2.6307
75.0000 2.6788
76.0000 2.7008
77.0000 2.6696
78.0000 2.5697
79.0000 2.4972
80.0000 2.5122
81.0000 2.5630
82.0000 2.6053
83.0000 2.6788
84.0000 2.7751
85.0000 2.7818
86.0000 2.7229
87.0000 2.6926
88.0000 2.5929
89.0000 2.5182
90.0000 2.4264
91.0000 2.3433
92.0000 2.2850
93.0000 2.3211
94.0000 2.4013
95.0000 2.4183
96.0000 2.3297
97.0000 2.2305
98.0000 2.2201
99.0000 2.1490
100.0000 2.1302
101.0000 2.1650
102.0000 2.2527
103.0000 2.2690
104.0000 2.2664
105.0000 2.2548
106.0000 2.2381
107.0000 2.1512
108.0000 2.2482
109.0000 2.3434
110.0000 2.4423
111.0000 2.4973
112.0000 2.4646
113.0000 2.3774
114.0000 2.3420
115.0000 2.2587
116.0000 2.2245
117.0000 2.2762
118.0000 2.3080
119.0000 2.2261
120.0000 2.1330
121.0000 2.2041
122.0000 2.1310
123.0000 2.0320
124.0000 1.9363
125.0000 1.8408
126.0000 1.7494
127.0000 1.7120
128.0000 1.6184
129.0000 1.5483
130.0000 1.6418
131.0000 1.7297
132.0000 1.8111
133.0000 1.8900
134.0000 1.9894
135.0000 2.0388
136.0000 2.0694
137.0000 2.1514
138.0000 2.2510
139.0000 2.3465
140.0000 2.3758
141.0000 2.4370
142.0000 2.4458
143.0000 2.3997
144.0000 2.3784
145.0000 2.3804
146.0000 2.2808
147.0000 2.1954
148.0000 2.0977
149.0000 2.0153
150.0000 2.0194
