1.0000 2.1892
2.0000 2.1769
3.0000 2.1942
4.0000 2.2134
5.0000 2.2549
6.0000 2.3547
7.0000 2.4373
8.0000 2.4938
9.0000 2.3943
10.0000 2.2979
11.0000 2.2775
12.0000 2.2001
13.0000 2.2935
14.0000 2.3730
15.0000 2.4364
16.0000 2.3790
17.0000 2.3873
18.0000 2.3478
19.0000 2.3794
20.0000 2.2801
21.0000 2.2180
22.0000 2.1193
23.0000 2.0584
24.0000 1.9890
25.0000 1.9199
26.0000 1.8915
27.0000 1.8498
28.0000 1.7821
29.0000 1.6844
30.0000 1.6197
31.0000 1.5259
32.0000 1.4339
33.0000 1.3583
34.0000 1.2593
35.0000 1.1683
36.0000 1.0839
37.0000 1.0521
38.0000 0.9541
39.0000 0.8550
40.0000 0.9021
41.0000 0.8646
42.0000 0.9068
43.0000 0.8869
44.0000 0.8650
45.0000 0.9529
46.0000 1.0008
47.0000 1.0968
48.0000 1.1917
49.0000 1.2833
50.0000 1.3820
51.0000 1.4766
52.0000 1.5515
53.0000 1.5262
54.0000 1.4278
55.0000 1.3634
56.0000 1.2662
57.0000 1.1667
58.0000 1.0808
59.0000 1.0190
60.0000 0.9550
61.0000 0.9283
62.0000 0.9128
63.0000 0.8585
64.0000 0.7731
65.0000 0.8253
66.0000 0.8810
67.0000 0.9161
68.0000 0.9860
69.0000 1.0653
70.0000 1.1488
71.0000 1.2323
72.0000 1.3307
73.0000 1.3376
74.0000 1.3864
75.0000 1.4762
76.0000 1.5663
77.0000 1.6605
78.0000 1.6865
79.0000 1.7265
80.0000 1.7642
81.0000 1.7839
82.0000 1.8394
83.0000 1.9161
84.0000 2.0056
85.0000 2.0935
86.0000 2.1416
87.0000 2.1557
88.0000 2.2547
89.0000 2.1939
90.0000 2.2558
91.0000 2.2911
92.0000 2.2927
93.0000 2.3248
94.0000 2.2248
95.0000 2.1282
96.0000 2.0513
97.0000 1.9934
98.0000 1.9636
99.0000 1.8644
100.0000 1.7664
101.0000 1.7196
102.0000 1.6335
103.0000 1.5533
104.0000 1.4746
105.0000 1.3771
106.0000 1.2889
107.0000 1.1946
108.0000 1.1258
109.0000 1.0262
110.0000 0.9334
111.0000 0.9592
112.0000 1.0425
113.0000 1.1193
114.0000 1.2122
115.0000 1.3068
116.0000 1.3907
117.0000 1.3083
118.0000 1.3049
119.0000 1.3203
120.0000 1.2265
121.0000 1.1265
122.0000 1.0305
123.0000 0.9413
124.0000 0.8944
125.0000 0.7957
126.0000 0.7975
127.0000 0.6994
128.0000 0.6752
129.0000 0.6932
130.0000 0.7848
131.0000 0.8225
132.0000 0.7582
133.0000 0.7558
134.0000 0.6658
135.0000 0.5944
136.0000 0.5489
137.0000 0.5739
138.0000 0.5541
139.0000 0.5530
140.0000 0.4689
141.0000 0.3689
142.0000 0.3319
143.0000 0.4030
144.0000 0.4427
145.0000 0.4034
146.0000 0.4490
147.0000 0.5368
148.0000 0.6368
149.0000 0.7124
150.0000 0.6666
