1.0000 2.2294
2.0000 2.2376
3.0000 2.1504
4.0000 2.2272
5.0000 2.3267
6.0000 2.3781
7.0000 2.2835
8.0000 2.1862
9.0000 2.0868
10.0000 2.1397
11.0000 2.2024
12.0000 2.2560
13.0000 2.2892
14.0000 2.3660
15.0000 2.4372
16.0000 2.4843
17.0000 2.5361
18.0000 2.4886
19.0000 2.3917
20.0000 2.3952
21.0000 2.3796
22.0000 2.3272
23.0000 2.2461
24.0000 2.1465
25.0000 2.1628
26.0000 2.2017
27.0000 2.3006
28.0000 2.3740
29.0000 2.4737
30.0000 2.5385
31.0000 2.6141
32.0000 2.5934
33.0000 2.5188
34.0000 2.4515
35.0000 2.4150
36.0000 2.4567
37.0000 2.5065
38.0000 2.4112
39.0000 2.3597
40.0000 2.2774
41.0000 2.2461
42.0000 2.1670
43.0000 2.0676
44.0000 1.9813
45.0000 1.8832
46.0000 1.7843
47.0000 1.7549
48.0000 1.6866
49.0000 1.6537
50.0000 1.6660
51.0000 1.5670
52.0000 1.4806
53.0000 1.3828
54.0000 1.4204
55.0000 1.3456
56.0000 1.4330
57.0000 1.5118
58.0000 1.6017
59.0000 1.6588
60.0000 1.7085
61.0000 1.7844
62.0000 1.8558
63.0000 1.8248
64.0000 1.8725
65.0000 1.9663
66.0000 2.0429
67.0000 2.0546
68.0000 1.9642
69.0000 1.8966
70.0000 1.8170
71.0000 1.7490
72.0000 1.7397
73.0000 1.6749
74.0000 1.6986
75.0000 1.6755
76.0000 1.6093
77.0000 1.5860
78.0000 1.6169
79.0000 1.5264
80.0000 1.5697
81.0000 1.6696
82.0000 1.7689
83.0000 1.7933
84.0000 1.8283
85.0000 1.9279
86.0000 1.9810
87.0000 2.0809
88.0000 2.1807
89.0000 2.2247
90.0000 2.1968
91.0000 2.2274
92.0000 2.1509
93.0000 2.2225
94.0000 2.1425
95.0000 2.2138
96.0000 2.2906
97.0000 2.3382
98.0000 2.3661
99.0000 2.4585
100.0000 2.5537
101.0000 2.5486
102.0000 2.5492
103.0000 2.4757
104.0000 2.4451
105.0000 2.4610
106.0000 2.3685
107.0000 2.3195
108.0000 2.3082
109.0000 2.2409
110.0000 2.1684
111.0000 2.0886
112.0000 2.0069
113.0000 1.9123
114.0000 1.8513
115.0000 1.7789
116.0000 1.6953
117.0000 1.6516
118.0000 1.7244
119.0000 1.8216
120.0000 1.9199
121.0000 1.9774
122.0000 1.9565
123.0000 2.0561
124.0000 2.1176
125.0000 2.1897
126.0000 2.2829
127.0000 2.3779
128.0000 2.4326
129.0000 2.5180
130.0000 2.5460
131.0000 2.5514
132.0000 2.5433
133.0000 2.5365
134.0000 2.4369
135.0000 2.3371
136.0000 2.2485
137.0000 2.1570
138.0000 2.0789
139.0000 1.9803
140.0000 1.8845
141.0000 1.7872
142.0000 1.6907
143.0000 1.5942
144.0000 1.5071
145.0000 1.4074
146.0000 1.3252
147.0000 1.3179
148.0000 1.2353
149.0000 1.1969
150.0000 1.1164
