1.0000 2.2680
2.0000 2.2954
3.0000 2.3094
4.0000 2.2629
5.0000 2.2580
6.0000 2.1585
7.0000 2.1640
8.0000 2.0736
9.0000 1.9737
10.0000 1.9931
11.0000 1.9666
12.0000 1.9711
13.0000 1.9805
14.0000 1.9141
15.0000 1.8240
16.0000 1.8241
17.0000 1.9136
18.0000 2.0130
19.0000 2.1129
20.0000 2.1740
21.0000 2.1677
22.0000 2.1246
23.0000 2.0330
24.0000 1.9848
25.0000 1.9964
26.0000 2.0445
27.0000 2.0371
28.0000 2.1218
29.0000 2.2142
30.0000 2.2970
31.0000 2.3483
32.0000 2.3357
33.0000 2.2480
34.0000 2.1747
35.0000 2.1713
36.0000 2.0713
37.0000 2.0378
38.0000 2.0738
39.0000 2.0737
40.0000 2.1481
41.0000 2.2446
42.0000 2.3446
43.0000 2.4396
44.0000 2.5375
45.0000 2.6358
46.0000 2.7019
47.0000 2.7414
48.0000 2.7666
49.0000 2.8267
50.0000 2.7284
51.0000 2.6467
52.0000 2.6143
53.0000 2.5148
54.0000 2.4566
55.0000 2.4170
56.0000 2.3421
57.0000 2.3256
58.0000 2.2496
59.0000 2.1502
60.0000 2.0616
61.0000 2.0009
62.0000 1.9046
63.0000 1.8087
64.0000 1.7943
65.0000 1.8680
66.0000 1.8761
67.0000 1.9479
68.0000 1.9165
69.0000 1.9884
70.0000 2.0315
71.0000 2.1213
72.0000 2.2212
73.0000 2.3184
74.0000 2.3018
75.0000 2.2346
76.0000 2.1561
77.0000 2.0563
78.0000 1.9840
79.0000 1.8851
80.0000 1.7873
81.0000 1.6971
82.0000 1.6264
83.0000 1.6746
84.0000 1.6391
85.0000 1.6659
86.0000 1.5844
87.0000 1.5753
88.0000 1.5995
89.0000 1.6995
90.0000 1.7995
91.0000 1.8629
92.0000 1.9601
93.0000 2.0569
94.0000 2.1569
95.0000 2.2300
96.0000 2.1767
97.0000 2.0792
98.0000 1.9855
99.0000 1.9252
100.0000 1.8802
101.0000 1.8057
102.0000 1.7225
103.0000 1.6823
104.0000 1.5995
105.0000 1.6637
106.0000 1.7417
107.0000 1.7894
108.0000 1.7434
109.0000 1.6467
110.0000 1.5550
111.0000 1.4564
112.0000 1.4744
113.0000 1.3764
114.0000 1.2814
115.0000 1.1876
116.0000 1.0877
117.0000 0.9897
118.0000 0.9159
119.0000 0.8244
120.0000 0.7675
121.0000 0.7027
122.0000 0.6804
123.0000 0.7529
124.0000 0.8378
125.0000 0.9137
126.0000 1.0118
127.0000 1.0911
128.0000 1.1904
129.0000 1.2890
130.0000 1.3370
131.0000 1.4202
132.0000 1.4519
133.0000 1.3545
134.0000 1.2595
135.0000 1.2351
136.0000 1.2381
137.0000 1.3000
138.0000 1.3930
139.0000 1.4850
140.0000 1.5849
141.0000 1.5922
142.0000 1.6461
143.0000 1.6584
144.0000 1.7183
145.0000 1.6218
146.0000 1.5435
147.0000 1.4608
148.0000 1.3630
149.0000 1.3379
150.0000 1.3566
