1.0000 2.2131
2.0000 2.2204
3.0000 2.3201
4.0000 2.2729
5.0000 2.1775
6.0000 2.1550
7.0000 2.0882
8.0000 2.0518
9.0000 2.1413
10.0000 2.0896
11.0000 1.9976
12.0000 1.9037
13.0000 1.8577
14.0000 1.8230
15.0000 1.9098
16.0000 1.9987
17.0000 2.0453
18.0000 2.0210
19.0000 1.9444
20.0000 1.8696
21.0000 1.9309
22.0000 1.9947
23.0000 1.9302
24.0000 1.8785
25.0000 1.7898
26.0000 1.6975
27.0000 1.6414
28.0000 1.6189
29.0000 1.6900
30.0000 1.7877
31.0000 1.8816
32.0000 1.9518
33.0000 1.9613
34.0000 1.9063
35.0000 1.8547
36.0000 1.7977
37.0000 1.7035
38.0000 1.6248
39.0000 1.6515
40.0000 1.6895
41.0000 1.7866
42.0000 1.8604
43.0000 1.9562
44.0000 2.0550
45.0000 2.0503
46.0000 1.9718
47.0000 1.9189
48.0000 1.8741
49.0000 1.8738
50.0000 1.8337
51.0000 1.8569
52.0000 1.8786
53.0000 1.9599
54.0000 1.9645
55.0000 1.8798
56.0000 1.8179
57.0000 1.7993
58.0000 1.8713
59.0000 1.9597
60.0000 1.9513
61.0000 1.9889
62.0000 1.9814
63.0000 1.8907
64.0000 1.8576
65.0000 1.8475
66.0000 1.8225
67.0000 1.7735
68.0000 1.6834
69.0000 1.6596
70.0000 1.6793
71.0000 1.7583
72.0000 1.8574
73.0000 1.9459
74.0000 1.9604
75.0000 1.8763
76.0000 1.9540
77.0000 2.0449
78.0000 2.1037
79.0000 2.0640
80.0000 2.1445
81.0000 2.1871
82.0000 2.2871
83.0000 2.2962
84.0000 2.2735
85.0000 2.2872
86.0000 2.2558
87.0000 2.1837
88.0000 2.1686
89.0000 2.2587
90.0000 2.2608
91.0000 2.1832
92.0000 2.1577
93.0000 2.0802
94.0000 2.0666
95.0000 2.0989
96.0000 1.9989
97.0000 1.9409
98.0000 1.9294
99.0000 1.8367
100.0000 1.7701
101.0000 1.6701
102.0000 1.6052
103.0000 1.5390
104.0000 1.4747
105.0000 1.4293
106.0000 1.4974
107.0000 1.5212
108.0000 1.6110
109.0000 1.7095
110.0000 1.7800
111.0000 1.8356
112.0000 1.9284
113.0000 2.0037
114.0000 2.0932
115.0000 2.1910
116.0000 2.2471
117.0000 2.1966
118.0000 2.1361
119.0000 2.0390
120.0000 2.1034
121.0000 2.2026
122.0000 2.3014
123.0000 2.3391
124.0000 2.2402
125.0000 2.2106
126.0000 2.2514
127.0000 2.2017
128.0000 2.1612
129.0000 2.1133
130.0000 2.0176
131.0000 2.0213
132.0000 2.0831
133.0000 2.0292
134.0000 1.9319
135.0000 1.9176
136.0000 1.8265
137.0000 1.8619
138.0000 1.8452
139.0000 1.8365
140.0000 1.9220
141.0000 1.9695
142.0000 1.9400
143.0000 1.8541
144.0000 1.7820
145.0000 1.7664
146.0000 1.6979
147.0000 1.5980
148.0000 1.5363
149.0000 1.4730
150.0000 1.3998
