1.0000 2.1883
2.0000 2.0904
3.0000 2.0745
4.0000 2.1171
5.0000 2.0610
6.0000 1.9664
7.0000 1.8853
8.0000 1.8020
9.0000 1.7357
10.0000 1.7870
11.0000 1.7974
12.0000 1.7263
13.0000 1.6287
14.0000 1.5624
15.0000 1.5553
16.0000 1.5635
17.0000 1.5796
18.0000 1.6794
19.0000 1.7715
20.0000 1.8502
21.0000 1.9403
22.0000 2.0147
23.0000 1.9816
24.0000 1.9217
25.0000 1.8219
26.0000 1.7634
27.0000 1.7239
28.0000 1.7391
29.0000 1.7645
30.0000 1.8543
31.0000 1.9337
32.0000 1.9818
33.0000 2.0129
34.0000 1.9757
35.0000 1.8921
36.0000 1.9910
37.0000 2.0189
38.0000 1.9386
39.0000 1.9369
40.0000 2.0257
41.0000 2.1042
42.0000 2.1007
43.0000 2.0345
44.0000 2.0418
45.0000 2.1126
46.0000 2.1730
47.0000 2.2728
48.0000 2.3241
49.0000 2.3215
50.0000 2.2574
51.0000 2.2060
52.0000 2.1326
53.0000 2.0347
54.0000 1.9398
55.0000 1.8438
56.0000 1.7508
57.0000 1.6752
58.0000 1.6241
59.0000 1.6622
60.0000 1.7620
61.0000 1.8480
62.0000 1.9098
63.0000 1.8525
64.0000 1.7631
65.0000 1.7533
66.0000 1.7912
67.0000 1.8385
68.0000 1.7795
69.0000 1.7782
70.0000 1.7316
71.0000 1.6573
72.0000 1.5724
73.0000 1.5847
74.0000 1.5627
75.0000 1.5570
76.0000 1.6311
77.0000 1.7299
78.0000 1.7619
79.0000 1.8577
80.0000 1.8585
81.0000 1.8027
82.0000 1.8764
83.0000 1.9713
84.0000 1.9628
85.0000 1.9749
86.0000 2.0093
87.0000 2.0722
88.0000 1.9759
89.0000 1.8826
90.0000 1.7835
91.0000 1.8042
92.0000 1.8687
93.0000 1.9090
94.0000 1.8740
95.0000 1.9725
96.0000 1.9966
97.0000 1.9166
98.0000 1.8337
99.0000 1.7561
100.0000 1.8240
101.0000 1.8718
102.0000 1.8077
103.0000 1.8656
104.0000 1.9029
105.0000 1.9901
106.0000 2.0898
107.0000 2.1758
108.0000 2.2166
109.0000 2.2740
110.0000 2.2256
111.0000 2.2075
112.0000 2.2487
113.0000 2.1698
114.0000 2.0714
115.0000 2.0561
116.0000 2.1172
117.0000 2.1453
118.0000 2.1088
119.0000 2.1110
120.0000 2.1783
121.0000 2.1681
122.0000 2.1937
123.0000 2.2931
124.0000 2.3488
125.0000 2.4111
126.0000 2.3465
127.0000 2.2473
128.0000 2.1522
129.0000 2.1526
130.0000 2.1714
131.0000 2.0982
132.0000 2.0000
133.0000 1.9544
134.0000 1.8624
135.0000 1.8779
136.0000 1.9446
137.0000 1.9667
138.0000 2.0225
139.0000 2.1219
140.0000 2.2137
141.0000 2.3136
142.0000 2.4077
143.0000 2.5033
144.0000 2.4699
145.0000 2.5482
146.0000 2.4883
147.0000 2.5012
148.0000 2.4452
149.0000 2.5203
150.0000 2.5291
