1.0000 2.1489
2.0000 2.1636
3.0000 2.0828
4.0000 1.9988
5.0000 1.9237
6.0000 1.8806
7.0000 1.8439
8.0000 1.7617
9.0000 1.7374
10.0000 1.8307
11.0000 1.8796
12.0000 1.9188
13.0000 1.8433
14.0000 1.7436
15.0000 1.6936
16.0000 1.6871
17.0000 1.6493
18.0000 1.5513
19.0000 1.6278
20.0000 1.7260
21.0000 1.7909
22.0000 1.8473
23.0000 1.8557
24.0000 1.8468
25.0000 1.7470
26.0000 1.7628
27.0000 1.7727
28.0000 1.7963
29.0000 1.8705
30.0000 1.9497
31.0000 1.9734
32.0000 2.0077
33.0000 2.0250
34.0000 1.9579
35.0000 1.8813
36.0000 1.9089
37.0000 2.0046
38.0000 2.0869
39.0000 2.0854
40.0000 2.0486
41.0000 1.9566
42.0000 1.8686
43.0000 1.8043
44.0000 1.8245
45.0000 1.8769
46.0000 1.8862
47.0000 1.9458
48.0000 1.8627
49.0000 1.7627
50.0000 1.6778
51.0000 1.6265
52.0000 1.5987
53.0000 1.5932
54.0000 1.6880
55.0000 1.7825
56.0000 1.8747
57.0000 1.8992
58.0000 1.8007
59.0000 1.8020
60.0000 1.7259
61.0000 1.6394
62.0000 1.5505
63.0000 1.4563
64.0000 1.3585
65.0000 1.2607
66.0000 1.1627
67.0000 1.0672
68.0000 0.9710
69.0000 0.8738
70.0000 0.8283
71.0000 0.7549
72.0000 0.7882
73.0000 0.8172
74.0000 0.8095
75.0000 0.7836
76.0000 0.7998
77.0000 0.7617
78.0000 0.7976
79.0000 0.7767
80.0000 0.6781
81.0000 0.6586
82.0000 0.7249
83.0000 0.6803
84.0000 0.6222
85.0000 0.5583
86.0000 0.6506
87.0000 0.6988
88.0000 0.7837
89.0000 0.8604
90.0000 0.9375
91.0000 0.9889
92.0000 1.0139
93.0000 1.0308
94.0000 1.0798
95.0000 1.1707
96.0000 1.2503
97.0000 1.3307
98.0000 1.4175
99.0000 1.4793
100.0000 1.5337
101.0000 1.5957
102.0000 1.5525
103.0000 1.5369
104.0000 1.5731
105.0000 1.6724
106.0000 1.7723
107.0000 1.8538
108.0000 1.8759
109.0000 1.9620
110.0000 1.9660
111.0000 1.8837
112.0000 1.8466
113.0000 1.7946
114.0000 1.8045
115.0000 1.8883
116.0000 1.9856
117.0000 2.0022
118.0000 1.9612
119.0000 1.8994
120.0000 1.8408
121.0000 1.7411
122.0000 1.6721
123.0000 1.6068
124.0000 1.5489
125.0000 1.6174
126.0000 1.6379
127.0000 1.6992
128.0000 1.7106
129.0000 1.7255
130.0000 1.7790
131.0000 1.8515
132.0000 1.9325
133.0000 1.9287
134.0000 2.0122
135.0000 2.0198
136.0000 1.9337
137.0000 1.8343
138.0000 1.7971
139.0000 1.6972
140.0000 1.7382
141.0000 1.7064
142.0000 1.8052
143.0000 1.8966
144.0000 1.9460
145.0000 1.9989
146.0000 2.0960
147.0000 2.0632
148.0000 1.9632
149.0000 1.9388
150.0000 1.8415
