1.0000 2.1499
2.0000 2.1082
3.0000 2.1151
4.0000 2.0167
5.0000 1.9343
6.0000 1.8463
7.0000 1.8117
8.0000 1.7850
9.0000 1.7758
10.0000 1.7693
11.0000 1.7147
12.0000 1.6720
13.0000 1.7335
14.0000 1.7843
15.0000 1.8820
16.0000 1.9142
17.0000 2.0079
18.0000 2.0755
19.0000 2.1134
20.0000 2.0458
21.0000 1.9911
22.0000 1.9015
23.0000 1.8148
24.0000 1.7275
25.0000 1.6405
26.0000 1.5618
27.0000 1.4621
28.0000 1.4463
29.0000 1.3464
30.0000 1.2614
31.0000 1.1787
32.0000 1.0924
33.0000 1.0649
34.0000 1.0770
35.0000 1.1573
36.0000 1.2489
37.0000 1.3243
38.0000 1.3556
39.0000 1.4539
40.0000 1.5233
41.0000 1.6232
42.0000 1.7071
43.0000 1.7654
44.0000 1.8543
45.0000 1.9542
46.0000 2.0542
47.0000 2.0998
48.0000 2.0159
49.0000 1.9401
50.0000 1.8772
51.0000 1.7977
52.0000 1.8463
53.0000 1.9265
54.0000 1.8870
55.0000 1.8700
56.0000 1.8249
57.0000 1.7264
58.0000 1.6276
59.0000 1.5281
60.0000 1.4357
61.0000 1.3861
62.0000 1.4081
63.0000 1.4736
64.0000 1.5533
65.0000 1.6531
66.0000 1.7521
67.0000 1.8130
68.0000 1.8885
69.0000 1.9882
70.0000 2.0842
71.0000 2.1306
72.0000 2.0431
73.0000 1.9450
74.0000 1.8487
75.0000 1.7551
76.0000 1.6820
77.0000 1.6698
78.0000 1.6883
79.0000 1.6356
80.0000 1.6872
81.0000 1.6558
82.0000 1.6423
83.0000 1.5475
84.0000 1.5497
85.0000 1.4778
86.0000 1.4838
87.0000 1.5721
88.0000 1.6699
89.0000 1.7576
90.0000 1.7638
91.0000 1.6719
92.0000 1.6429
93.0000 1.6167
94.0000 1.5928
95.0000 1.5091
96.0000 1.4596
97.0000 1.3775
98.0000 1.4300
99.0000 1.3953
100.0000 1.3800
101.0000 1.2905
102.0000 1.1905
103.0000 1.1096
104.0000 1.1036
105.0000 1.1367
106.0000 1.1835
107.0000 1.2581
108.0000 1.3478
109.0000 1.4331
110.0000 1.4845
111.0000 1.5836
112.0000 1.6834
113.0000 1.6704
114.0000 1.5759
115.0000 1.4849
116.0000 1.4320
117.0000 1.3356
118.0000 1.2538
119.0000 1.1876
120.0000 1.1527
121.0000 1.0559
122.0000 0.9560
123.0000 0.8562
124.0000 0.8060
125.0000 0.7663
126.0000 0.6664
127.0000 0.5724
128.0000 0.5233
129.0000 0.4564
130.0000 0.4754
131.0000 0.5377
132.0000 0.5491
133.0000 0.5790
134.0000 0.6758
135.0000 0.7528
136.0000 0.8454
137.0000 0.9454
138.0000 1.0069
139.0000 1.0062
140.0000 1.1048
141.0000 1.1133
142.0000 1.1325
143.0000 1.1077
144.0000 1.0133
145.0000 0.9849
146.0000 0.9069
147.0000 0.8073
148.0000 0.7105
149.0000 0.6105
150.0000 0.6736
