1.0000 2.1443
2.0000 2.0878
3.0000 2.1622
4.0000 2.1964
5.0000 2.1527
6.0000 2.2088
7.0000 2.2486
8.0000 2.2176
9.0000 2.2681
10.0000 2.3623
11.0000 2.4413
12.0000 2.5247
13.0000 2.5058
14.0000 2.5213
15.0000 2.4254
16.0000 2.3651
17.0000 2.4092
18.0000 2.3963
19.0000 2.2964
20.0000 2.2021
21.0000 2.1042
22.0000 2.0282
23.0000 1.9875
24.0000 1.9710
25.0000 1.8717
26.0000 1.8244
27.0000 1.7475
28.0000 1.7707
29.0000 1.8696
30.0000 1.9664
31.0000 1.9132
32.0000 1.8658
33.0000 1.9465
34.0000 2.0344
35.0000 1.9664
36.0000 2.0130
37.0000 2.1067
38.0000 2.1368
39.0000 2.2274
40.0000 2.3023
41.0000 2.3859
42.0000 2.4852
43.0000 2.5176
44.0000 2.6141
45.0000 2.6938
46.0000 2.7277
47.0000 2.6400
48.0000 2.5433
49.0000 2.4433
50.0000 2.3759
51.0000 2.3067
52.0000 2.3540
53.0000 2.4318
54.0000 2.5218
55.0000 2.5794
56.0000 2.6120
57.0000 2.5369
58.0000 2.4437
59.0000 2.3459
60.0000 2.2660
61.0000 2.2464
62.0000 2.1638
63.0000 2.0872
64.0000 2.0305
65.0000 2.0646
66.0000 2.1167
67.0000 2.1552
68.0000 2.2375
69.0000 2.2638
70.0000 2.1705
71.0000 2.1032
72.0000 2.0735
73.0000 2.1122
74.0000 2.0622
75.0000 1.9782
76.0000 1.9094
77.0000 1.9583
78.0000 2.0304
79.0000 1.9667
80.0000 1.8713
81.0000 1.7825
82.0000 1.6893
83.0000 1.6521
84.0000 1.5758
85.0000 1.5093
86.0000 1.4265
87.0000 1.3267
88.0000 1.2453
89.0000 1.1468
90.0000 1.0527
91.0000 0.9899
92.0000 0.8900
93.0000 0.8297
94.0000 0.7735
95.0000 0.6740
96.0000 0.5742
97.0000 0.5165
98.0000 0.4401
99.0000 0.3442
100.0000 0.2445
101.0000 0.1568
102.0000 0.1107
103.0000 0.2043
104.0000 0.2765
105.0000 0.3474
106.0000 0.4329
107.0000 0.4335
108.0000 0.3860
109.0000 0.4660
110.0000 0.5422
111.0000 0.6333
112.0000 0.5896
113.0000 0.6808
114.0000 0.7664
115.0000 0.7670
116.0000 0.8048
117.0000 0.9027
118.0000 0.9671
119.0000 1.0671
120.0000 1.1667
121.0000 1.2642
122.0000 1.3641
123.0000 1.4603
124.0000 1.5584
125.0000 1.6584
126.0000 1.7580
127.0000 1.8576
128.0000 1.9230
129.0000 1.9826
130.0000 1.9259
131.0000 1.8546
132.0000 1.7596
133.0000 1.6597
134.0000 1.5646
135.0000 1.5574
136.0000 1.4862
137.0000 1.4442
138.0000 1.5249
139.0000 1.4813
140.0000 1.4983
141.0000 1.5148
142.0000 1.5539
143.0000 1.5946
144.0000 1.6124
145.0000 1.6909
146.0000 1.6938
147.0000 1.7575
148.0000 1.8421
149.0000 1.7899
150.0000 1.6927
