1.0000 2.1578
2.0000 2.2425
3.0000 2.3123
4.0000 2.3346
5.0000 2.2422
6.0000 2.1456
7.0000 2.0771
8.0000 1.9776
9.0000 1.9097
10.0000 1.8097
11.0000 1.7139
12.0000 1.6148
13.0000 1.5792
14.0000 1.5380
15.0000 1.5375
16.0000 1.5558
17.0000 1.5206
18.0000 1.5543
19.0000 1.5948
20.0000 1.5069
21.0000 1.4238
22.0000 1.4090
23.0000 1.4143
24.0000 1.3572
25.0000 1.2944
26.0000 1.2584
27.0000 1.1914
28.0000 1.1900
29.0000 1.2723
30.0000 1.2736
31.0000 1.2893
32.0000 1.1959
33.0000 1.1663
34.0000 1.1855
35.0000 1.2293
36.0000 1.2830
37.0000 1.3468
38.0000 1.4467
39.0000 1.4572
40.0000 1.3576
41.0000 1.2683
42.0000 1.2362
43.0000 1.1841
44.0000 1.1352
45.0000 1.1609
46.0000 1.2199
47.0000 1.2945
48.0000 1.3910
49.0000 1.4838
50.0000 1.5594
51.0000 1.5679
52.0000 1.5609
53.0000 1.6349
54.0000 1.7317
55.0000 1.8258
56.0000 1.9165
57.0000 1.9995
58.0000 1.9613
59.0000 1.9020
60.0000 1.8564
61.0000 1.7567
62.0000 1.7120
63.0000 1.6158
64.0000 1.5209
65.0000 1.5245
66.0000 1.6171
67.0000 1.7152
68.0000 1.7688
69.0000 1.8546
70.0000 1.9546
71.0000 1.9617
72.0000 1.9096
73.0000 1.9229
74.0000 1.9078
75.0000 1.9349
76.0000 1.9627
77.0000 1.9434
78.0000 1.8435
79.0000 1.7540
80.0000 1.7464
81.0000 1.7757
82.0000 1.6775
83.0000 1.6148
84.0000 1.5238
85.0000 1.4567
86.0000 1.3664
87.0000 1.3034
88.0000 1.2037
89.0000 1.2389
90.0000 1.3125
91.0000 1.4101
92.0000 1.5049
93.0000 1.6047
94.0000 1.6993
95.0000 1.6814
96.0000 1.7219
97.0000 1.7458
98.0000 1.7801
99.0000 1.7754
100.0000 1.7889
101.0000 1.7389
102.0000 1.6517
103.0000 1.5517
104.0000 1.4782
105.0000 1.3790
106.0000 1.3676
107.0000 1.3177
108.0000 1.3768
109.0000 1.3564
110.0000 1.4232
111.0000 1.5065
112.0000 1.5956
113.0000 1.6932
114.0000 1.7395
115.0000 1.6743
116.0000 1.5968
117.0000 1.4972
118.0000 1.4163
119.0000 1.3668
120.0000 1.2762
121.0000 1.1975
122.0000 1.1716
123.0000 1.1827
124.0000 1.1336
125.0000 1.0706
126.0000 1.0623
127.0000 1.1597
128.0000 1.2592
129.0000 1.3447
130.0000 1.3521
131.0000 1.3901
132.0000 1.3569
133.0000 1.4322
134.0000 1.5271
135.0000 1.5962
136.0000 1.6962
137.0000 1.6482
138.0000 1.5985
139.0000 1.5389
140.0000 1.6071
141.0000 1.6910
142.0000 1.7846
143.0000 1.8729
144.0000 1.9729
145.0000 2.0524
146.0000 1.9670
147.0000 1.8764
148.0000 1.8071
149.0000 1.8858
150.0000 1.9843
