1.0000 2.1551
2.0000 2.0556
3.0000 2.1213
4.0000 2.1802
5.0000 2.1987
6.0000 2.2743
7.0000 2.3727
8.0000 2.4629
9.0000 2.4012
10.0000 2.4108
11.0000 2.4619
12.0000 2.5099
13.0000 2.4291
14.0000 2.3536
15.0000 2.3919
16.0000 2.4354
17.0000 2.4222
18.0000 2.3864
19.0000 2.3577
20.0000 2.3071
21.0000 2.2226
22.0000 2.1505
23.0000 2.1846
24.0000 2.1597
25.0000 2.1468
26.0000 2.1969
27.0000 2.2079
28.0000 2.1953
29.0000 2.2739
30.0000 2.3735
31.0000 2.3891
32.0000 2.3908
33.0000 2.3172
34.0000 2.3866
35.0000 2.3794
36.0000 2.3089
37.0000 2.2455
38.0000 2.1622
39.0000 2.0628
40.0000 2.0369
41.0000 1.9403
42.0000 1.8405
43.0000 1.7422
44.0000 1.6784
45.0000 1.5965
46.0000 1.5481
47.0000 1.5413
48.0000 1.6260
49.0000 1.6799
50.0000 1.7794
51.0000 1.8320
52.0000 1.7814
53.0000 1.6821
54.0000 1.5825
55.0000 1.5277
56.0000 1.5525
57.0000 1.6392
58.0000 1.7024
59.0000 1.7282
60.0000 1.7703
61.0000 1.7400
62.0000 1.6879
63.0000 1.7878
64.0000 1.8848
65.0000 1.9583
66.0000 1.9644
67.0000 2.0621
68.0000 2.1331
69.0000 2.1703
70.0000 2.0722
71.0000 2.0248
72.0000 1.9935
73.0000 1.9319
74.0000 2.0113
75.0000 2.1102
76.0000 2.2053
77.0000 2.3028
78.0000 2.4027
79.0000 2.5010
80.0000 2.4843
81.0000 2.4038
82.0000 2.3131
83.0000 2.2176
84.0000 2.1402
85.0000 2.0860
86.0000 2.0107
87.0000 1.9114
88.0000 1.8489
89.0000 1.7739
90.0000 1.6770
91.0000 1.5854
92.0000 1.5812
93.0000 1.5675
94.0000 1.6048
95.0000 1.6600
96.0000 1.7408
97.0000 1.8275
98.0000 1.9231
99.0000 2.0195
100.0000 2.0583
101.0000 1.9643
102.0000 1.8695
103.0000 1.7716
104.0000 1.7120
105.0000 1.6152
106.0000 1.5152
107.0000 1.4894
108.0000 1.3977
109.0000 1.2979
110.0000 1.2079
111.0000 1.2130
112.0000 1.2536
113.0000 1.1885
114.0000 1.0939
115.0000 1.0001
116.0000 0.9582
117.0000 0.8774
118.0000 0.7870
119.0000 0.6870
120.0000 0.6071
121.0000 0.6939
122.0000 0.7486
123.0000 0.8400
124.0000 0.9143
125.0000 1.0141
126.0000 1.0505
127.0000 1.0386
128.0000 1.1027
129.0000 1.1691
130.0000 1.2691
131.0000 1.3674
132.0000 1.4508
133.0000 1.5178
134.0000 1.6178
135.0000 1.6960
136.0000 1.7158
137.0000 1.6710
138.0000 1.7236
139.0000 1.8150
140.0000 1.9141
141.0000 1.9386
142.0000 2.0244
143.0000 2.1165
144.0000 2.1794
145.0000 2.2551
146.0000 2.2984
147.0000 2.2513
148.0000 2.2693
149.0000 2.3597
150.0000 2.4568
