1.0000 2.2043
2.0000 2.2891
3.0000 2.2901
4.0000 2.2670
5.0000 2.2858
6.0000 2.2707
7.0000 2.2721
8.0000 2.1933
9.0000 2.2201
10.0000 2.3186
11.0000 2.4144
12.0000 2.4798
13.0000 2.5687
14.0000 2.5840
15.0000 2.5868
16.0000 2.5961
17.0000 2.5808
18.0000 2.6632
19.0000 2.7628
20.0000 2.7606
21.0000 2.7118
22.0000 2.6552
23.0000 2.5900
24.0000 2.4931
25.0000 2.4425
26.0000 2.3520
27.0000 2.3451
28.0000 2.2452
29.0000 2.1525
30.0000 2.1078
31.0000 2.0362
32.0000 1.9381
33.0000 1.8381
34.0000 1.7773
35.0000 1.7322
36.0000 1.6823
37.0000 1.5847
38.0000 1.5415
39.0000 1.4504
40.0000 1.4091
41.0000 1.5019
42.0000 1.5921
43.0000 1.6491
44.0000 1.6867
45.0000 1.7521
46.0000 1.7413
47.0000 1.8133
48.0000 1.7698
49.0000 1.7210
50.0000 1.6920
51.0000 1.6149
52.0000 1.5411
53.0000 1.5139
54.0000 1.5443
55.0000 1.5807
56.0000 1.5956
57.0000 1.5673
58.0000 1.4723
59.0000 1.4350
60.0000 1.4412
61.0000 1.4664
62.0000 1.4118
63.0000 1.3479
64.0000 1.4259
65.0000 1.5241
66.0000 1.5835
67.0000 1.5660
68.0000 1.5106
69.0000 1.5257
70.0000 1.6170
71.0000 1.7158
72.0000 1.8068
73.0000 1.8636
74.0000 1.9636
75.0000 2.0351
76.0000 2.0538
77.0000 2.1520
78.0000 2.2426
79.0000 2.1509
80.0000 2.0520
81.0000 1.9520
82.0000 1.8677
83.0000 1.9529
84.0000 2.0379
85.0000 2.0282
86.0000 1.9667
87.0000 1.9074
88.0000 1.8077
89.0000 1.7684
90.0000 1.6688
91.0000 1.5935
92.0000 1.5454
93.0000 1.6142
94.0000 1.5704
95.0000 1.4806
96.0000 1.4364
97.0000 1.4337
98.0000 1.5316
99.0000 1.5836
100.0000 1.5893
101.0000 1.6663
102.0000 1.7429
103.0000 1.8037
104.0000 1.9010
105.0000 1.9270
106.0000 1.9203
107.0000 1.8393
108.0000 1.7435
109.0000 1.6477
110.0000 1.6279
111.0000 1.6557
112.0000 1.7550
113.0000 1.8530
114.0000 1.9073
115.0000 1.9969
116.0000 2.0243
117.0000 2.0035
118.0000 2.0319
119.0000 2.1270
120.0000 2.2268
121.0000 2.3266
122.0000 2.4140
123.0000 2.4716
124.0000 2.4862
125.0000 2.5207
126.0000 2.5190
127.0000 2.4728
128.0000 2.3982
129.0000 2.2984
130.0000 2.2061
131.0000 2.1104
132.0000 2.0120
133.0000 1.9389
134.0000 1.8451
135.0000 1.7675
136.0000 1.7757
137.0000 1.7352
138.0000 1.7845
139.0000 1.7770
140.0000 1.7932
141.0000 1.8203
142.0000 1.8975
143.0000 1.8284
144.0000 1.9077
145.0000 1.9568
146.0000 2.0563
147.0000 2.1558
148.0000 2.2271
149.0000 2.3141
150.0000 2.4067
