1.0000 2.1648
2.0000 2.0777
3.0000 2.0546
4.0000 2.0067
5.0000 2.0484
6.0000 2.0304
7.0000 1.9511
8.0000 1.8950
9.0000 1.8235
10.0000 1.8541
11.0000 1.9260
12.0000 2.0260
13.0000 2.0909
14.0000 2.0795
15.0000 2.1530
16.0000 2.1568
17.0000 2.0813
18.0000 2.1046
19.0000 2.0432
20.0000 1.9998
21.0000 1.9540
22.0000 1.9792
23.0000 2.0090
24.0000 2.0329
25.0000 2.0283
26.0000 2.0607
27.0000 2.0968
28.0000 2.1508
29.0000 2.1472
30.0000 2.2338
31.0000 2.1992
32.0000 2.2400
33.0000 2.2405
34.0000 2.1421
35.0000 2.0575
36.0000 1.9690
37.0000 1.8831
38.0000 1.8223
39.0000 1.7400
40.0000 1.6402
41.0000 1.5430
42.0000 1.5361
43.0000 1.4653
44.0000 1.4578
45.0000 1.3808
46.0000 1.3886
47.0000 1.4280
48.0000 1.3990
49.0000 1.4522
50.0000 1.4821
51.0000 1.5821
52.0000 1.6821
53.0000 1.7565
54.0000 1.8484
55.0000 1.9455
56.0000 1.9591
57.0000 1.8868
58.0000 1.8122
59.0000 1.8359
60.0000 1.7390
61.0000 1.6412
62.0000 1.5636
63.0000 1.4636
64.0000 1.3726
65.0000 1.3598
66.0000 1.3294
67.0000 1.2379
68.0000 1.1638
69.0000 1.0639
70.0000 0.9646
71.0000 0.9293
72.0000 0.8359
73.0000 0.7406
74.0000 0.6736
75.0000 0.6694
76.0000 0.5694
77.0000 0.4697
78.0000 0.3907
79.0000 0.3763
80.0000 0.4073
81.0000 0.3842
82.0000 0.3300
83.0000 0.3162
84.0000 0.3474
85.0000 0.3821
86.0000 0.4765
87.0000 0.5699
88.0000 0.6474
89.0000 0.5878
90.0000 0.6594
91.0000 0.6998
92.0000 0.6882
93.0000 0.5894
94.0000 0.4921
95.0000 0.4242
96.0000 0.3337
97.0000 0.2338
98.0000 0.1345
99.0000 0.1472
100.0000 0.1918
101.0000 0.1372
102.0000 0.0708
103.0000 0.0732
104.0000 0.1729
105.0000 0.2474
106.0000 0.1813
107.0000 0.1668
108.0000 0.2386
109.0000 0.3323
110.0000 0.4142
111.0000 0.5052
112.0000 0.6052
113.0000 0.7035
114.0000 0.7937
115.0000 0.8802
116.0000 0.8900
117.0000 0.8476
118.0000 0.8720
119.0000 0.8736
120.0000 0.9550
121.0000 1.0346
122.0000 1.0967
123.0000 1.1924
124.0000 1.2823
125.0000 1.3777
126.0000 1.4359
127.0000 1.4856
128.0000 1.4090
129.0000 1.3393
130.0000 1.2560
131.0000 1.1707
132.0000 1.0720
133.0000 0.9822
134.0000 1.0020
135.0000 0.9877
136.0000 1.0053
137.0000 1.0534
138.0000 1.1281
139.0000 1.2280
140.0000 1.2857
141.0000 1.3172
142.0000 1.2407
143.0000 1.1579
144.0000 1.0673
145.0000 0.9685
146.0000 0.8687
147.0000 0.7978
148.0000 0.7136
149.0000 0.6661
150.0000 0.7645
