1.0000 2.1536
2.0000 2.2241
3.0000 2.1529
4.0000 2.1141
5.0000 2.0419
6.0000 1.9911
7.0000 1.9749
8.0000 1.8867
9.0000 1.8020
10.0000 1.7863
11.0000 1.8758
12.0000 1.9757
13.0000 2.0324
14.0000 2.0687
15.0000 2.0513
16.0000 2.0098
17.0000 1.9505
18.0000 1.9714
19.0000 2.0116
20.0000 2.0456
21.0000 2.1452
22.0000 2.2452
23.0000 2.2070
24.0000 2.1070
25.0000 2.0192
26.0000 1.9206
27.0000 1.8485
28.0000 1.7851
29.0000 1.6857
30.0000 1.6071
31.0000 1.5223
32.0000 1.4603
33.0000 1.4412
34.0000 1.4017
35.0000 1.4723
36.0000 1.5393
37.0000 1.6164
38.0000 1.6657
39.0000 1.6997
40.0000 1.7712
41.0000 1.8652
42.0000 1.9471
43.0000 2.0088
44.0000 2.1064
45.0000 2.0604
46.0000 1.9623
47.0000 1.8625
48.0000 1.8032
49.0000 1.7281
50.0000 1.6373
51.0000 1.5407
52.0000 1.4522
53.0000 1.3533
54.0000 1.2599
55.0000 1.1701
56.0000 1.1426
57.0000 1.1158
58.0000 1.2022
59.0000 1.2694
60.0000 1.2670
61.0000 1.2529
62.0000 1.2026
63.0000 1.2255
64.0000 1.2647
65.0000 1.2138
66.0000 1.1430
67.0000 1.0571
68.0000 1.1337
69.0000 1.1809
70.0000 1.2594
71.0000 1.3133
72.0000 1.4070
73.0000 1.5054
74.0000 1.5887
75.0000 1.5479
76.0000 1.4827
77.0000 1.3979
78.0000 1.3118
79.0000 1.2145
80.0000 1.1621
81.0000 1.0911
82.0000 1.0502
83.0000 0.9527
84.0000 0.8644
85.0000 0.8043
86.0000 0.7691
87.0000 0.8081
88.0000 0.8903
89.0000 0.9900
90.0000 1.0232
91.0000 1.1002
92.0000 1.1941
93.0000 1.2487
94.0000 1.3487
95.0000 1.3740
96.0000 1.2742
97.0000 1.1960
98.0000 1.0964
99.0000 1.0311
100.0000 0.9683
101.0000 0.8752
102.0000 0.8004
103.0000 0.8020
104.0000 0.8591
105.0000 0.9589
106.0000 1.0488
107.0000 1.1059
108.0000 1.2019
109.0000 1.2990
110.0000 1.2912
111.0000 1.2397
112.0000 1.1572
113.0000 1.1434
114.0000 1.2267
115.0000 1.3257
116.0000 1.4244
117.0000 1.4829
118.0000 1.4107
119.0000 1.4350
120.0000 1.3547
121.0000 1.3216
122.0000 1.2675
123.0000 1.3577
124.0000 1.3588
125.0000 1.2889
126.0000 1.2208
127.0000 1.1305
128.0000 1.0488
129.0000 0.9944
130.0000 0.8951
131.0000 0.9066
132.0000 0.8193
133.0000 0.7230
134.0000 0.6236
135.0000 0.5261
136.0000 0.4333
137.0000 0.3874
138.0000 0.4125
139.0000 0.4601
140.0000 0.4884
141.0000 0.4862
142.0000 0.5837
143.0000 0.6835
144.0000 0.7363
145.0000 0.8267
146.0000 0.9227
147.0000 0.9745
148.0000 0.8940
149.0000 0.8226
150.0000 0.7573
