1.0000 2.1428
2.0000 2.0631
3.0000 1.9743
4.0000 1.8757
5.0000 1.7886
6.0000 1.7187
7.0000 1.6814
8.0000 1.6200
9.0000 1.5203
10.0000 1.4371
11.0000 1.3566
12.0000 1.2728
13.0000 1.1787
14.0000 1.2292
15.0000 1.2954
16.0000 1.3906
17.0000 1.3627
18.0000 1.3595
19.0000 1.4300
20.0000 1.4828
21.0000 1.4606
22.0000 1.5103
23.0000 1.5637
24.0000 1.6553
25.0000 1.7395
26.0000 1.8065
27.0000 1.8769
28.0000 1.9654
29.0000 1.9785
30.0000 1.8817
31.0000 1.7825
32.0000 1.6826
33.0000 1.6029
34.0000 1.5464
35.0000 1.4868
36.0000 1.5080
37.0000 1.5396
38.0000 1.6300
39.0000 1.5870
40.0000 1.5627
41.0000 1.4963
42.0000 1.4537
43.0000 1.3696
44.0000 1.2824
45.0000 1.2743
46.0000 1.3670
47.0000 1.3922
48.0000 1.3443
49.0000 1.3049
50.0000 1.3344
51.0000 1.4015
52.0000 1.4675
53.0000 1.5668
54.0000 1.6624
55.0000 1.7543
56.0000 1.8540
57.0000 1.9153
58.0000 2.0090
59.0000 1.9354
60.0000 1.8463
61.0000 1.8809
62.0000 1.9797
63.0000 1.9546
64.0000 1.9623
65.0000 1.9154
66.0000 1.8868
67.0000 1.9654
68.0000 2.0526
69.0000 2.1145
70.0000 2.0762
71.0000 2.1567
72.0000 2.2061
73.0000 2.2539
74.0000 2.2409
75.0000 2.2733
76.0000 2.3590
77.0000 2.3564
78.0000 2.2702
79.0000 2.1949
80.0000 2.0983
81.0000 2.0158
82.0000 1.9339
83.0000 1.8509
84.0000 1.7576
85.0000 1.6878
86.0000 1.5878
87.0000 1.5047
88.0000 1.5876
89.0000 1.6746
90.0000 1.6867
91.0000 1.7414
92.0000 1.6929
93.0000 1.7772
94.0000 1.8035
95.0000 1.8618
96.0000 1.9583
97.0000 1.9352
98.0000 1.9034
99.0000 1.8311
100.0000 1.7454
101.0000 1.6900
102.0000 1.5911
103.0000 1.5108
104.0000 1.5107
105.0000 1.5633
106.0000 1.5502
107.0000 1.4912
108.0000 1.4004
109.0000 1.3026
110.0000 1.2034
111.0000 1.1840
112.0000 1.0903
113.0000 1.0220
114.0000 1.0399
115.0000 0.9416
116.0000 0.8718
117.0000 0.7726
118.0000 0.6727
119.0000 0.5898
120.0000 0.5937
121.0000 0.6937
122.0000 0.7937
123.0000 0.8028
124.0000 0.8853
125.0000 0.9824
126.0000 1.0700
127.0000 1.1641
128.0000 1.1234
129.0000 1.1935
130.0000 1.2934
131.0000 1.3932
132.0000 1.4915
133.0000 1.5267
134.0000 1.5410
135.0000 1.4504
136.0000 1.3939
137.0000 1.4218
138.0000 1.4325
139.0000 1.5236
140.0000 1.5684
141.0000 1.6537
142.0000 1.7289
143.0000 1.8265
144.0000 1.9082
145.0000 1.9761
146.0000 2.0697
147.0000 2.1547
148.0000 2.1671
149.0000 2.0741
150.0000 1.9786
