1.0000 2.1687
2.0000 2.1609
3.0000 2.2357
4.0000 2.3236
5.0000 2.3608
6.0000 2.3735
7.0000 2.4701
8.0000 2.4225
9.0000 2.3647
10.0000 2.2804
11.0000 2.1882
12.0000 2.1067
13.0000 2.1233
14.0000 2.0712
15.0000 2.0982
16.0000 2.1422
17.0000 2.0458
18.0000 2.0216
19.0000 2.0276
20.0000 1.9600
21.0000 1.9326
22.0000 1.8327
23.0000 1.8592
24.0000 1.9494
25.0000 2.0170
26.0000 2.0486
27.0000 2.1346
28.0000 2.1947
29.0000 2.2760
30.0000 2.1893
31.0000 2.1040
32.0000 2.1371
33.0000 2.1911
34.0000 2.0935
35.0000 1.9946
36.0000 1.9026
37.0000 1.8308
38.0000 1.8103
39.0000 1.7747
40.0000 1.8747
41.0000 1.9617
42.0000 1.9815
43.0000 1.8937
44.0000 1.7937
45.0000 1.6984
46.0000 1.6162
47.0000 1.6385
48.0000 1.6805
49.0000 1.6487
50.0000 1.6270
51.0000 1.5582
52.0000 1.5018
53.0000 1.4785
54.0000 1.5008
55.0000 1.4414
56.0000 1.3677
57.0000 1.3052
58.0000 1.3543
59.0000 1.4245
60.0000 1.4508
61.0000 1.5508
62.0000 1.6364
63.0000 1.7100
64.0000 1.8043
65.0000 1.8819
66.0000 1.9506
67.0000 1.9915
68.0000 1.9621
69.0000 1.9890
70.0000 1.9735
71.0000 1.9950
72.0000 2.0141
73.0000 1.9211
74.0000 1.8382
75.0000 1.7583
76.0000 1.6584
77.0000 1.5716
78.0000 1.5404
79.0000 1.4955
80.0000 1.4611
81.0000 1.4831
82.0000 1.4261
83.0000 1.3442
84.0000 1.3134
85.0000 1.3527
86.0000 1.3770
87.0000 1.4255
88.0000 1.3499
89.0000 1.2567
90.0000 1.1583
91.0000 1.0682
92.0000 0.9876
93.0000 1.0141
94.0000 0.9892
95.0000 1.0369
96.0000 1.1057
97.0000 1.1934
98.0000 1.1703
99.0000 1.1299
100.0000 1.0958
101.0000 1.0303
102.0000 0.9314
103.0000 0.9153
104.0000 0.9630
105.0000 0.9486
106.0000 1.0338
107.0000 1.0524
108.0000 1.0067
109.0000 0.9340
110.0000 0.8993
111.0000 0.8641
112.0000 0.8522
113.0000 0.8550
114.0000 0.8294
115.0000 0.8691
116.0000 0.8968
117.0000 0.9856
118.0000 0.9210
119.0000 0.8616
120.0000 0.7974
121.0000 0.6978
122.0000 0.6288
123.0000 0.5316
124.0000 0.4373
125.0000 0.4732
126.0000 0.4663
127.0000 0.5448
128.0000 0.5339
129.0000 0.5709
130.0000 0.6140
131.0000 0.5960
132.0000 0.4962
133.0000 0.4799
134.0000 0.5730
135.0000 0.6570
136.0000 0.7473
137.0000 0.6923
138.0000 0.6154
139.0000 0.5361
140.0000 0.4379
141.0000 0.3863
142.0000 0.3307
143.0000 0.2847
144.0000 0.3061
145.0000 0.3308
146.0000 0.4011
147.0000 0.4952
148.0000 0.5049
149.0000 0.4452
150.0000 0.4724
