1.0000 2.1885
2.0000 2.2036
3.0000 2.2713
4.0000 2.3708
5.0000 2.3522
6.0000 2.3199
7.0000 2.2717
8.0000 2.2909
9.0000 2.3051
10.0000 2.3297
11.0000 2.3624
12.0000 2.3493
13.0000 2.2790
14.0000 2.2091
15.0000 2.1092
16.0000 2.0271
17.0000 1.9292
18.0000 1.8696
19.0000 1.8504
20.0000 1.9128
21.0000 1.9892
22.0000 2.0408
23.0000 1.9788
24.0000 1.9382
25.0000 1.9738
26.0000 1.9711
27.0000 1.8712
28.0000 1.8177
29.0000 1.7203
30.0000 1.6841
31.0000 1.7550
32.0000 1.7309
33.0000 1.7726
34.0000 1.8505
35.0000 1.9261
36.0000 2.0156
37.0000 2.0733
38.0000 2.1714
39.0000 2.2556
40.0000 2.3547
41.0000 2.4544
42.0000 2.4797
43.0000 2.4009
44.0000 2.4687
45.0000 2.5270
46.0000 2.6269
47.0000 2.7266
48.0000 2.7778
49.0000 2.8596
50.0000 2.8892
51.0000 2.8395
52.0000 2.7433
53.0000 2.6634
54.0000 2.5685
55.0000 2.5428
56.0000 2.4810
57.0000 2.4204
58.0000 2.3285
59.0000 2.2286
60.0000 2.1780
61.0000 2.1041
62.0000 2.1919
63.0000 2.2051
64.0000 2.2738
65.0000 2.3689
66.0000 2.4451
67.0000 2.5443
68.0000 2.6346
69.0000 2.7346
70.0000 2.7522
71.0000 2.7393
72.0000 2.6638
73.0000 2.5694
74.0000 2.4708
75.0000 2.3753
76.0000 2.2772
77.0000 2.2118
78.0000 2.3046
79.0000 2.3990
80.0000 2.4990
81.0000 2.5637
82.0000 2.6567
83.0000 2.7230
84.0000 2.7588
85.0000 2.7323
86.0000 2.6737
87.0000 2.5849
88.0000 2.4964
89.0000 2.3964
90.0000 2.4017
91.0000 2.3159
92.0000 2.2264
93.0000 2.1520
94.0000 2.0521
95.0000 1.9685
96.0000 1.8703
97.0000 1.8051
98.0000 1.8554
99.0000 1.9554
100.0000 2.0515
101.0000 2.1048
102.0000 2.2045
103.0000 2.1904
104.0000 2.1060
105.0000 2.0297
106.0000 1.9823
107.0000 2.0237
108.0000 1.9827
109.0000 2.0317
110.0000 2.1066
111.0000 2.1694
112.0000 2.2302
113.0000 2.2288
114.0000 2.1290
115.0000 2.0611
116.0000 2.0172
117.0000 2.0476
118.0000 2.0690
119.0000 1.9962
120.0000 2.0406
121.0000 2.0654
122.0000 2.1574
123.0000 2.2390
124.0000 2.3388
125.0000 2.3859
126.0000 2.4661
127.0000 2.5080
128.0000 2.5111
129.0000 2.4387
130.0000 2.3390
131.0000 2.2623
132.0000 2.1738
133.0000 2.1362
134.0000 2.2015
135.0000 2.3013
136.0000 2.4005
137.0000 2.4976
138.0000 2.4967
139.0000 2.4968
140.0000 2.3979
141.0000 2.3637
142.0000 2.3137
143.0000 2.3483
144.0000 2.4200
145.0000 2.4915
146.0000 2.4627
147.0000 2.4356
148.0000 2.3564
149.0000 2.2823
150.0000 2.1845
