1.0000 2.1529
2.0000 2.1483
3.0000 2.2437
4.0000 2.2410
5.0000 2.2279
6.0000 2.1681
7.0000 2.0682
8.0000 2.0176
9.0000 2.0047
10.0000 1.9677
11.0000 1.9053
12.0000 1.9747
13.0000 2.0711
14.0000 2.1498
15.0000 2.2041
16.0000 2.1850
17.0000 2.1133
18.0000 2.1435
19.0000 2.2336
20.0000 2.2199
21.0000 2.1486
22.0000 2.0641
23.0000 2.0217
24.0000 2.0469
25.0000 1.9737
26.0000 1.9063
27.0000 1.8514
28.0000 1.7520
29.0000 1.7120
30.0000 1.6176
31.0000 1.5635
32.0000 1.5086
33.0000 1.4089
34.0000 1.3129
35.0000 1.2455
36.0000 1.2494
37.0000 1.2183
38.0000 1.1358
39.0000 1.0462
40.0000 0.9503
41.0000 0.8755
42.0000 0.8586
43.0000 0.8530
44.0000 0.9528
45.0000 1.0525
46.0000 1.1472
47.0000 1.1519
48.0000 1.1391
49.0000 1.2213
50.0000 1.3169
51.0000 1.4165
52.0000 1.4950
53.0000 1.4960
54.0000 1.4917
55.0000 1.4632
56.0000 1.3680
57.0000 1.2682
58.0000 1.1857
59.0000 1.2729
60.0000 1.3699
61.0000 1.3489
62.0000 1.2894
63.0000 1.2189
64.0000 1.1463
65.0000 1.0496
66.0000 0.9938
67.0000 0.9227
68.0000 0.8632
69.0000 0.7690
70.0000 0.6766
71.0000 0.5815
72.0000 0.5001
73.0000 0.4022
74.0000 0.3253
75.0000 0.2373
76.0000 0.2000
77.0000 0.1455
78.0000 0.1446
79.0000 0.2446
80.0000 0.2742
81.0000 0.3013
82.0000 0.4006
83.0000 0.5002
84.0000 0.5727
85.0000 0.6727
86.0000 0.7701
87.0000 0.8570
88.0000 0.9569
89.0000 1.0132
90.0000 1.0742
91.0000 1.1295
92.0000 1.2194
93.0000 1.3178
94.0000 1.4123
95.0000 1.5117
96.0000 1.6092
97.0000 1.5887
98.0000 1.6582
99.0000 1.7152
100.0000 1.8148
101.0000 1.8964
102.0000 1.9380
103.0000 2.0241
104.0000 2.0167
105.0000 2.0037
106.0000 1.9052
107.0000 1.9843
108.0000 2.0153
109.0000 1.9362
110.0000 1.8849
111.0000 1.8282
112.0000 1.7512
113.0000 1.6629
114.0000 1.6398
115.0000 1.6018
116.0000 1.5975
117.0000 1.5391
118.0000 1.6171
119.0000 1.6201
120.0000 1.5538
121.0000 1.4910
122.0000 1.3965
123.0000 1.3010
124.0000 1.2222
125.0000 1.1524
126.0000 1.1359
127.0000 1.1275
128.0000 1.1219
129.0000 1.2215
130.0000 1.3214
131.0000 1.3613
132.0000 1.4525
133.0000 1.5494
134.0000 1.6494
135.0000 1.6836
136.0000 1.7307
137.0000 1.8305
138.0000 1.9128
139.0000 1.8407
140.0000 1.7637
141.0000 1.6745
142.0000 1.5890
143.0000 1.5044
144.0000 1.4144
145.0000 1.3223
146.0000 1.2278
147.0000 1.1294
148.0000 1.0371
149.0000 0.9377
150.0000 0.8439
