1.0000 2.1469
2.0000 2.0693
3.0000 2.0708
4.0000 1.9902
5.0000 1.9189
6.0000 1.8395
7.0000 1.7845
8.0000 1.8344
9.0000 1.8427
10.0000 1.9180
11.0000 2.0086
12.0000 2.1084
13.0000 2.1986
14.0000 2.2433
15.0000 2.1568
16.0000 2.0876
17.0000 2.0306
18.0000 2.0900
19.0000 2.1765
20.0000 2.2751
21.0000 2.3427
22.0000 2.4421
23.0000 2.4678
24.0000 2.5057
25.0000 2.5278
26.0000 2.6068
27.0000 2.6530
28.0000 2.6375
29.0000 2.6962
30.0000 2.6662
31.0000 2.5692
32.0000 2.6124
33.0000 2.7124
34.0000 2.7474
35.0000 2.6615
36.0000 2.5936
37.0000 2.5404
38.0000 2.4450
39.0000 2.3708
40.0000 2.3157
41.0000 2.2390
42.0000 2.1954
43.0000 2.0975
44.0000 2.0254
45.0000 1.9368
46.0000 1.8368
47.0000 1.7576
48.0000 1.6765
49.0000 1.5766
50.0000 1.5052
51.0000 1.4080
52.0000 1.3719
53.0000 1.3067
54.0000 1.3085
55.0000 1.3317
56.0000 1.4190
57.0000 1.5189
58.0000 1.6078
59.0000 1.6997
60.0000 1.7366
61.0000 1.7488
62.0000 1.8290
63.0000 1.8842
64.0000 1.9800
65.0000 2.0719
66.0000 2.1718
67.0000 2.2548
68.0000 2.2810
69.0000 2.3797
70.0000 2.4777
71.0000 2.5763
72.0000 2.6125
73.0000 2.6208
74.0000 2.5412
75.0000 2.5336
76.0000 2.5379
77.0000 2.5481
78.0000 2.6328
79.0000 2.6771
80.0000 2.7407
81.0000 2.7673
82.0000 2.6911
83.0000 2.6193
84.0000 2.5581
85.0000 2.4773
86.0000 2.3807
87.0000 2.3152
88.0000 2.2158
89.0000 2.1179
90.0000 2.0390
91.0000 2.0464
92.0000 2.0736
93.0000 1.9900
94.0000 1.9282
95.0000 1.8385
96.0000 1.7385
97.0000 1.6501
98.0000 1.5907
99.0000 1.5427
100.0000 1.4538
101.0000 1.4359
102.0000 1.4000
103.0000 1.3628
104.0000 1.4496
105.0000 1.5390
106.0000 1.6139
107.0000 1.6174
108.0000 1.6017
109.0000 1.6017
110.0000 1.5796
111.0000 1.5178
112.0000 1.4327
113.0000 1.3737
114.0000 1.3840
115.0000 1.4523
116.0000 1.5519
117.0000 1.6515
118.0000 1.7350
119.0000 1.8282
120.0000 1.9274
121.0000 2.0207
122.0000 2.1043
123.0000 2.2043
124.0000 2.3013
125.0000 2.3859
126.0000 2.4441
127.0000 2.5303
128.0000 2.6278
129.0000 2.6843
130.0000 2.7121
131.0000 2.6887
132.0000 2.6630
133.0000 2.6046
134.0000 2.5680
135.0000 2.5293
136.0000 2.4301
137.0000 2.3305
138.0000 2.3424
139.0000 2.3821
140.0000 2.4263
141.0000 2.5186
142.0000 2.5982
143.0000 2.6857
144.0000 2.7336
145.0000 2.6852
146.0000 2.5874
147.0000 2.5527
148.0000 2.4555
149.0000 2.3708
150.0000 2.2834
