1.0000 2.2750
2.0000 2.2957
3.0000 2.3063
4.0000 2.2343
5.0000 2.1554
6.0000 2.1497
7.0000 2.1115
8.0000 2.0694
9.0000 2.1669
10.0000 2.2270
11.0000 2.2488
12.0000 2.2811
13.0000 2.2084
14.0000 2.1956
15.0000 2.2841
16.0000 2.2970
17.0000 2.3333
18.0000 2.2380
19.0000 2.1455
20.0000 2.0989
21.0000 2.0008
22.0000 1.9906
23.0000 1.9715
24.0000 2.0249
25.0000 2.1248
26.0000 2.2155
27.0000 2.2163
28.0000 2.2832
29.0000 2.2977
30.0000 2.3637
31.0000 2.3282
32.0000 2.2497
33.0000 2.1793
34.0000 2.0824
35.0000 2.0023
36.0000 1.9137
37.0000 1.8208
38.0000 1.7621
39.0000 1.6922
40.0000 1.7531
41.0000 1.8519
42.0000 1.9450
43.0000 2.0444
44.0000 2.1289
45.0000 2.2289
46.0000 2.2173
47.0000 2.1480
48.0000 2.0713
49.0000 1.9977
50.0000 2.0972
51.0000 2.1972
52.0000 2.1023
53.0000 2.1094
54.0000 2.0596
55.0000 2.0827
56.0000 2.1269
57.0000 2.1168
58.0000 2.1735
59.0000 2.2527
60.0000 2.3288
61.0000 2.3586
62.0000 2.2794
63.0000 2.2765
64.0000 2.3109
65.0000 2.3959
66.0000 2.4896
67.0000 2.4421
68.0000 2.3589
69.0000 2.2764
70.0000 2.1774
71.0000 2.1001
72.0000 2.0169
73.0000 1.9841
74.0000 1.9461
75.0000 1.8989
76.0000 1.9941
77.0000 1.9966
78.0000 1.9496
79.0000 1.9465
80.0000 1.9015
81.0000 1.8270
82.0000 1.9174
83.0000 2.0092
84.0000 2.0621
85.0000 2.1529
86.0000 2.1667
87.0000 2.2343
88.0000 2.3328
89.0000 2.4223
90.0000 2.5120
91.0000 2.6112
92.0000 2.5678
93.0000 2.6163
94.0000 2.6658
95.0000 2.7138
96.0000 2.7507
97.0000 2.7767
98.0000 2.7009
99.0000 2.6597
100.0000 2.6563
101.0000 2.6489
102.0000 2.6542
103.0000 2.6204
104.0000 2.7017
105.0000 2.6075
106.0000 2.5076
107.0000 2.4323
108.0000 2.3338
109.0000 2.2767
110.0000 2.1789
111.0000 2.0899
112.0000 1.9963
113.0000 1.9224
114.0000 1.8493
115.0000 1.8988
116.0000 1.9899
117.0000 2.0657
118.0000 2.1476
119.0000 2.2285
120.0000 2.3284
121.0000 2.3969
122.0000 2.3584
123.0000 2.2982
124.0000 2.3500
125.0000 2.2940
126.0000 2.3395
127.0000 2.4123
128.0000 2.5020
129.0000 2.5776
130.0000 2.6640
131.0000 2.7573
132.0000 2.8551
133.0000 2.9543
134.0000 3.0525
135.0000 3.1493
136.0000 3.2232
137.0000 3.3207
138.0000 3.3647
139.0000 3.3300
140.0000 3.3210
141.0000 3.4135
142.0000 3.4902
143.0000 3.5422
144.0000 3.4673
145.0000 3.3873
146.0000 3.3111
147.0000 3.3653
148.0000 3.3207
149.0000 3.3152
150.0000 3.3462
