1.0000 2.1420
2.0000 2.0614
3.0000 1.9872
4.0000 2.0060
5.0000 2.0135
6.0000 2.1129
7.0000 2.2118
8.0000 2.3046
9.0000 2.4003
10.0000 2.4694
11.0000 2.5498
12.0000 2.4983
13.0000 2.5425
14.0000 2.6082
15.0000 2.6231
16.0000 2.6822
17.0000 2.5970
18.0000 2.5078
19.0000 2.4269
20.0000 2.3598
21.0000 2.4302
22.0000 2.4942
23.0000 2.5340
24.0000 2.4478
25.0000 2.3533
26.0000 2.2617
27.0000 2.2093
28.0000 2.2843
29.0000 2.3835
30.0000 2.4819
31.0000 2.5801
32.0000 2.6632
33.0000 2.7590
34.0000 2.8454
35.0000 2.7570
36.0000 2.6576
37.0000 2.7106
38.0000 2.8106
39.0000 2.8398
40.0000 2.7838
41.0000 2.7919
42.0000 2.7046
43.0000 2.8045
44.0000 2.8213
45.0000 2.7634
46.0000 2.7025
47.0000 2.6546
48.0000 2.6848
49.0000 2.7113
50.0000 2.7807
51.0000 2.7230
52.0000 2.7484
53.0000 2.8360
54.0000 2.8306
55.0000 2.9123
56.0000 2.8129
57.0000 2.7366
58.0000 2.6366
59.0000 2.5398
60.0000 2.4405
61.0000 2.4211
62.0000 2.3398
63.0000 2.2716
64.0000 2.2608
65.0000 2.2895
66.0000 2.2551
67.0000 2.2303
68.0000 2.1420
69.0000 2.0797
70.0000 1.9949
71.0000 1.8991
72.0000 1.8037
73.0000 1.7049
74.0000 1.6049
75.0000 1.5236
76.0000 1.4246
77.0000 1.3586
78.0000 1.4221
79.0000 1.4935
80.0000 1.4562
81.0000 1.3708
82.0000 1.3048
83.0000 1.2442
84.0000 1.2218
85.0000 1.1751
86.0000 1.1655
87.0000 1.1279
88.0000 1.0774
89.0000 1.0379
90.0000 1.0174
91.0000 1.0052
92.0000 1.0991
93.0000 1.1990
94.0000 1.2822
95.0000 1.3298
96.0000 1.4093
97.0000 1.4945
98.0000 1.5388
99.0000 1.4944
100.0000 1.4746
101.0000 1.4988
102.0000 1.5473
103.0000 1.6030
104.0000 1.6810
105.0000 1.7318
106.0000 1.8249
107.0000 1.8396
108.0000 1.7402
109.0000 1.7436
110.0000 1.8052
111.0000 1.8898
112.0000 1.9665
113.0000 2.0378
114.0000 2.1363
115.0000 2.1763
116.0000 2.1069
117.0000 2.0120
118.0000 1.9591
119.0000 1.8913
120.0000 1.8498
121.0000 1.9491
122.0000 2.0441
123.0000 2.1433
124.0000 2.1148
125.0000 2.1681
126.0000 2.1741
127.0000 2.1200
128.0000 2.1146
129.0000 2.0546
130.0000 1.9671
131.0000 1.8998
132.0000 1.8919
133.0000 1.8469
134.0000 1.7642
135.0000 1.7307
136.0000 1.6670
137.0000 1.6216
138.0000 1.5449
139.0000 1.4483
140.0000 1.3684
141.0000 1.3227
142.0000 1.2634
143.0000 1.2218
144.0000 1.1398
145.0000 1.0496
146.0000 0.9612
147.0000 0.8645
148.0000 0.7682
149.0000 0.6993
150.0000 0.6002
