1.0000 2.2546
2.0000 2.1577
3.0000 2.0631
4.0000 2.0920
5.0000 2.0321
6.0000 2.0812
7.0000 2.0231
8.0000 1.9313
9.0000 1.8995
10.0000 1.8072
11.0000 1.7369
12.0000 1.6923
13.0000 1.7904
14.0000 1.8873
15.0000 1.9873
16.0000 2.0827
17.0000 2.1673
18.0000 2.2004
19.0000 2.2629
20.0000 2.3450
21.0000 2.2855
22.0000 2.2048
23.0000 2.1052
24.0000 2.0143
25.0000 1.9589
26.0000 1.9778
27.0000 2.0334
28.0000 2.1234
29.0000 2.2058
30.0000 2.2996
31.0000 2.3372
32.0000 2.3857
33.0000 2.3896
34.0000 2.4289
35.0000 2.5254
36.0000 2.5762
37.0000 2.6202
38.0000 2.6951
39.0000 2.7868
40.0000 2.7311
41.0000 2.6419
42.0000 2.5690
43.0000 2.6094
44.0000 2.6883
45.0000 2.7541
46.0000 2.7573
47.0000 2.8572
48.0000 2.7854
49.0000 2.7201
50.0000 2.6840
51.0000 2.5841
52.0000 2.5122
53.0000 2.4138
54.0000 2.3266
55.0000 2.2308
56.0000 2.1438
57.0000 2.2169
58.0000 2.1424
59.0000 2.1373
60.0000 2.1934
61.0000 2.2837
62.0000 2.3820
63.0000 2.4782
64.0000 2.5580
65.0000 2.6570
66.0000 2.7355
67.0000 2.7074
68.0000 2.7876
69.0000 2.7794
70.0000 2.6797
71.0000 2.5909
72.0000 2.5542
73.0000 2.4843
74.0000 2.3861
75.0000 2.3208
76.0000 2.3510
77.0000 2.3565
78.0000 2.3684
79.0000 2.3001
80.0000 2.2002
81.0000 2.1656
82.0000 2.1737
83.0000 2.1715
84.0000 2.2186
85.0000 2.1754
86.0000 2.0772
87.0000 2.1091
88.0000 2.1686
89.0000 2.0955
90.0000 2.1014
91.0000 2.0097
92.0000 1.9321
93.0000 1.8330
94.0000 1.7586
95.0000 1.7397
96.0000 1.7583
97.0000 1.7766
98.0000 1.6781
99.0000 1.6585
100.0000 1.5628
101.0000 1.5330
102.0000 1.6008
103.0000 1.5717
104.0000 1.5662
105.0000 1.5327
106.0000 1.5327
107.0000 1.6027
108.0000 1.6198
109.0000 1.7198
110.0000 1.8197
111.0000 1.8771
112.0000 1.8199
113.0000 1.8642
114.0000 1.9576
115.0000 1.9536
116.0000 1.9503
117.0000 2.0484
118.0000 2.1329
119.0000 2.1638
120.0000 2.0640
121.0000 2.0198
122.0000 1.9369
123.0000 1.8394
124.0000 1.9230
125.0000 1.9818
126.0000 2.0767
127.0000 2.1455
128.0000 2.1053
129.0000 2.0053
130.0000 1.9104
131.0000 1.8417
132.0000 1.8105
133.0000 1.8598
134.0000 1.8098
135.0000 1.8745
136.0000 1.9139
137.0000 1.8873
138.0000 1.8124
139.0000 1.9053
140.0000 1.9094
141.0000 1.9455
142.0000 1.9906
143.0000 1.9305
144.0000 1.9299
145.0000 1.8351
146.0000 1.8466
147.0000 1.8843
148.0000 1.8851
149.0000 1.9346
150.0000 2.0170
