1.0000 2.2136
2.0000 2.1346
3.0000 2.0433
4.0000 2.0039
5.0000 2.0572
6.0000 2.1487
7.0000 2.2264
8.0000 2.3148
9.0000 2.4136
10.0000 2.3535
11.0000 2.3018
12.0000 2.2708
13.0000 2.2757
14.0000 2.1845
15.0000 2.1282
16.0000 2.0450
17.0000 2.0011
18.0000 1.9495
19.0000 1.8906
20.0000 1.8663
21.0000 1.8289
22.0000 1.8958
23.0000 1.9452
24.0000 2.0034
25.0000 2.0213
26.0000 1.9963
27.0000 1.9998
28.0000 1.9393
29.0000 1.8739
30.0000 1.8167
31.0000 1.8909
32.0000 1.9888
33.0000 1.9171
34.0000 1.9525
35.0000 1.8573
36.0000 1.8947
37.0000 1.8247
38.0000 1.7573
39.0000 1.7691
40.0000 1.8574
41.0000 1.8738
42.0000 1.8993
43.0000 1.8734
44.0000 1.8348
45.0000 1.7738
46.0000 1.8042
47.0000 1.8277
48.0000 1.8810
49.0000 1.9810
50.0000 2.0774
51.0000 2.1772
52.0000 2.2279
53.0000 2.2138
54.0000 2.1972
55.0000 2.1241
56.0000 2.1432
57.0000 2.2415
58.0000 2.3403
59.0000 2.2980
60.0000 2.2155
61.0000 2.1176
62.0000 2.0562
63.0000 1.9646
64.0000 1.8846
65.0000 1.7903
66.0000 1.7760
67.0000 1.6777
68.0000 1.6085
69.0000 1.5228
70.0000 1.6041
71.0000 1.6139
72.0000 1.5539
73.0000 1.4880
74.0000 1.3982
75.0000 1.3134
76.0000 1.2227
77.0000 1.1235
78.0000 1.0433
79.0000 0.9585
80.0000 0.9830
81.0000 1.0117
82.0000 1.0896
83.0000 1.1083
84.0000 1.0598
85.0000 1.0754
86.0000 1.1003
87.0000 1.2003
88.0000 1.2980
89.0000 1.3263
90.0000 1.2539
91.0000 1.1585
92.0000 1.0595
93.0000 0.9614
94.0000 1.0335
95.0000 1.1329
96.0000 1.2093
97.0000 1.3046
98.0000 1.3720
99.0000 1.4719
100.0000 1.5542
101.0000 1.6504
102.0000 1.6987
103.0000 1.7882
104.0000 1.7526
105.0000 1.7568
106.0000 1.6659
107.0000 1.6209
108.0000 1.5520
109.0000 1.5494
110.0000 1.4945
111.0000 1.5015
112.0000 1.4237
113.0000 1.3439
114.0000 1.2472
115.0000 1.1543
116.0000 1.1301
117.0000 1.2300
118.0000 1.3300
119.0000 1.4287
120.0000 1.5277
121.0000 1.5463
122.0000 1.5014
123.0000 1.5110
124.0000 1.4138
125.0000 1.4046
126.0000 1.3046
127.0000 1.2501
128.0000 1.2070
129.0000 1.2413
130.0000 1.3411
131.0000 1.3657
132.0000 1.4653
133.0000 1.4764
134.0000 1.3877
135.0000 1.2958
136.0000 1.2157
137.0000 1.1165
138.0000 1.0192
139.0000 0.9476
140.0000 0.9323
141.0000 0.9978
142.0000 1.0907
143.0000 1.1481
144.0000 1.1973
145.0000 1.1527
146.0000 1.2000
147.0000 1.2684
148.0000 1.3165
149.0000 1.2957
150.0000 1.2042
