1.0000 2.1582
2.0000 2.0603
3.0000 1.9702
4.0000 1.9581
5.0000 1.8682
6.0000 1.7817
7.0000 1.6847
8.0000 1.5855
9.0000 1.5034
10.0000 1.4046
11.0000 1.3465
12.0000 1.3266
13.0000 1.3236
14.0000 1.3384
15.0000 1.3702
16.0000 1.4539
17.0000 1.3962
18.0000 1.4244
19.0000 1.5125
20.0000 1.6121
21.0000 1.6590
22.0000 1.6682
23.0000 1.6449
24.0000 1.6674
25.0000 1.7672
26.0000 1.8672
27.0000 1.8618
28.0000 1.8463
29.0000 1.8976
30.0000 1.9645
31.0000 2.0635
32.0000 2.1175
33.0000 2.2101
34.0000 2.3077
35.0000 2.3135
36.0000 2.2358
37.0000 2.1361
38.0000 2.1912
39.0000 2.2848
40.0000 2.3721
41.0000 2.3557
42.0000 2.4319
43.0000 2.4028
44.0000 2.3180
45.0000 2.2701
46.0000 2.2003
47.0000 2.1925
48.0000 2.1004
49.0000 2.1483
50.0000 2.2289
51.0000 2.3170
52.0000 2.3546
53.0000 2.2756
54.0000 2.3755
55.0000 2.4680
56.0000 2.4972
57.0000 2.5121
58.0000 2.4381
59.0000 2.3414
60.0000 2.2658
61.0000 2.2144
62.0000 2.1959
63.0000 2.1729
64.0000 2.1278
65.0000 2.0362
66.0000 1.9585
67.0000 1.8874
68.0000 1.9181
69.0000 1.8946
70.0000 1.9172
71.0000 2.0041
72.0000 2.0240
73.0000 1.9741
74.0000 1.8870
75.0000 1.8217
76.0000 1.9132
77.0000 1.9365
78.0000 1.9039
79.0000 1.8370
80.0000 1.7450
81.0000 1.6947
82.0000 1.6650
83.0000 1.6789
84.0000 1.6606
85.0000 1.5983
86.0000 1.6114
87.0000 1.5116
88.0000 1.4139
89.0000 1.3140
90.0000 1.2586
91.0000 1.1683
92.0000 1.0904
93.0000 0.9997
94.0000 0.9093
95.0000 0.9036
96.0000 0.8916
97.0000 0.8829
98.0000 0.8464
99.0000 0.7878
100.0000 0.6983
101.0000 0.6503
102.0000 0.5942
103.0000 0.5939
104.0000 0.5950
105.0000 0.6913
106.0000 0.7881
107.0000 0.8880
108.0000 0.9549
109.0000 1.0304
110.0000 1.1217
111.0000 1.1925
112.0000 1.2652
113.0000 1.3148
114.0000 1.4039
115.0000 1.4973
116.0000 1.5971
117.0000 1.6687
118.0000 1.6359
119.0000 1.5782
120.0000 1.5666
121.0000 1.5375
122.0000 1.4488
123.0000 1.3747
124.0000 1.2756
125.0000 1.2082
126.0000 1.2189
127.0000 1.2167
128.0000 1.1988
129.0000 1.1636
130.0000 1.0644
131.0000 1.1214
132.0000 1.1119
133.0000 1.1482
134.0000 1.2258
135.0000 1.3144
136.0000 1.4139
137.0000 1.5014
138.0000 1.4828
139.0000 1.3838
140.0000 1.2838
141.0000 1.2974
142.0000 1.3548
143.0000 1.3958
144.0000 1.4441
145.0000 1.5313
146.0000 1.6204
147.0000 1.6176
148.0000 1.5199
149.0000 1.4466
150.0000 1.3561
