1.0000 2.1646
2.0000 2.1234
3.0000 2.0234
4.0000 2.0193
5.0000 1.9195
6.0000 1.8586
7.0000 1.7588
8.0000 1.7507
9.0000 1.6508
10.0000 1.5702
11.0000 1.5031
12.0000 1.4980
13.0000 1.4624
14.0000 1.3855
15.0000 1.2856
16.0000 1.2238
17.0000 1.1326
18.0000 1.0396
19.0000 0.9772
20.0000 0.8816
21.0000 0.8016
22.0000 0.7709
23.0000 0.7746
24.0000 0.8092
25.0000 0.8804
26.0000 0.9723
27.0000 1.0554
28.0000 1.1262
29.0000 1.1598
30.0000 1.1506
31.0000 1.2032
32.0000 1.2061
33.0000 1.3061
34.0000 1.4060
35.0000 1.4780
36.0000 1.5361
37.0000 1.5261
38.0000 1.5550
39.0000 1.6090
40.0000 1.7088
41.0000 1.8086
42.0000 1.8990
43.0000 1.9977
44.0000 2.0972
45.0000 2.1887
46.0000 2.2847
47.0000 2.3517
48.0000 2.3273
49.0000 2.2910
50.0000 2.2046
51.0000 2.1300
52.0000 2.0321
53.0000 1.9335
54.0000 1.8682
55.0000 1.8109
56.0000 1.7276
57.0000 1.6847
58.0000 1.5888
59.0000 1.5214
60.0000 1.4214
61.0000 1.3519
62.0000 1.2636
63.0000 1.2917
64.0000 1.2533
65.0000 1.1537
66.0000 1.0628
67.0000 0.9790
68.0000 1.0705
69.0000 1.1705
70.0000 1.2198
71.0000 1.2813
72.0000 1.3326
73.0000 1.2533
74.0000 1.1684
75.0000 1.0730
76.0000 0.9843
77.0000 0.8844
78.0000 0.8747
79.0000 0.8287
80.0000 0.7340
81.0000 0.6532
82.0000 0.5550
83.0000 0.4591
84.0000 0.3597
85.0000 0.3123
86.0000 0.3259
87.0000 0.3339
88.0000 0.3849
89.0000 0.4847
90.0000 0.5837
91.0000 0.6450
92.0000 0.7424
93.0000 0.8369
94.0000 0.9157
95.0000 0.8826
96.0000 0.9235
97.0000 0.8983
98.0000 0.8918
99.0000 0.8931
100.0000 0.7978
101.0000 0.7750
102.0000 0.8632
103.0000 0.9008
104.0000 1.0002
105.0000 1.0711
106.0000 1.1711
107.0000 1.2678
108.0000 1.3637
109.0000 1.4452
110.0000 1.4376
111.0000 1.3484
112.0000 1.2554
113.0000 1.1554
114.0000 1.0936
115.0000 1.1307
116.0000 1.1975
117.0000 1.2613
118.0000 1.3322
119.0000 1.3530
120.0000 1.4370
121.0000 1.3788
122.0000 1.3276
123.0000 1.2368
124.0000 1.3062
125.0000 1.3601
126.0000 1.4519
127.0000 1.5436
128.0000 1.6345
129.0000 1.7181
130.0000 1.8040
131.0000 1.7480
132.0000 1.6793
133.0000 1.5794
134.0000 1.4805
135.0000 1.3824
136.0000 1.2852
137.0000 1.1936
138.0000 1.1350
139.0000 1.1476
140.0000 1.1278
141.0000 1.2043
142.0000 1.2813
143.0000 1.3158
144.0000 1.2721
145.0000 1.2690
146.0000 1.2032
147.0000 1.1051
148.0000 1.0416
149.0000 0.9796
150.0000 0.9534
