1.0000 2.1812
2.0000 2.0818
3.0000 1.9944
4.0000 1.9064
5.0000 1.8398
6.0000 1.8126
7.0000 1.7495
8.0000 1.7991
9.0000 1.8804
10.0000 1.8375
11.0000 1.7728
12.0000 1.6900
13.0000 1.5917
14.0000 1.4989
15.0000 1.4022
16.0000 1.3022
17.0000 1.2375
18.0000 1.3066
19.0000 1.4031
20.0000 1.4992
21.0000 1.4859
22.0000 1.5274
23.0000 1.5058
24.0000 1.4059
25.0000 1.3113
26.0000 1.2190
27.0000 1.1833
28.0000 1.1105
29.0000 1.0245
30.0000 0.9405
31.0000 0.8432
32.0000 0.7437
33.0000 0.6625
34.0000 0.5636
35.0000 0.4655
36.0000 0.3655
37.0000 0.2969
38.0000 0.2202
39.0000 0.2422
40.0000 0.1695
41.0000 0.1762
42.0000 0.2672
43.0000 0.3585
44.0000 0.4523
45.0000 0.5110
46.0000 0.5610
47.0000 0.6405
48.0000 0.7381
49.0000 0.8215
50.0000 0.8547
51.0000 0.9547
52.0000 0.9831
53.0000 0.8937
54.0000 0.8069
55.0000 0.7127
56.0000 0.6360
57.0000 0.5488
58.0000 0.5915
59.0000 0.4949
60.0000 0.3975
61.0000 0.3621
62.0000 0.2661
63.0000 0.2746
64.0000 0.1866
65.0000 0.1942
66.0000 0.0961
67.0000 0.0440
68.0000 0.1437
69.0000 0.2295
70.0000 0.3198
71.0000 0.4196
72.0000 0.4956
73.0000 0.5313
74.0000 0.5615
75.0000 0.5729
76.0000 0.6714
77.0000 0.7237
78.0000 0.6816
79.0000 0.6438
80.0000 0.5655
81.0000 0.4810
82.0000 0.5642
83.0000 0.5489
84.0000 0.5339
85.0000 0.4390
86.0000 0.4097
87.0000 0.3621
88.0000 0.4305
89.0000 0.4758
90.0000 0.5513
91.0000 0.6513
92.0000 0.6514
93.0000 0.6486
94.0000 0.6405
95.0000 0.6986
96.0000 0.7974
97.0000 0.7584
98.0000 0.8187
99.0000 0.8852
100.0000 0.9438
101.0000 0.9999
102.0000 1.0705
103.0000 1.1696
104.0000 1.2685
105.0000 1.2976
106.0000 1.2623
107.0000 1.2442
108.0000 1.1587
109.0000 1.0823
110.0000 0.9994
111.0000 0.9564
112.0000 0.9668
113.0000 0.8687
114.0000 0.8031
115.0000 0.8591
116.0000 0.9269
117.0000 0.9563
118.0000 0.8734
119.0000 0.7754
120.0000 0.8352
121.0000 0.8049
122.0000 0.7309
123.0000 0.6313
124.0000 0.5902
125.0000 0.5720
126.0000 0.5565
127.0000 0.4569
128.0000 0.3931
129.0000 0.3094
130.0000 0.2633
131.0000 0.3126
132.0000 0.3983
133.0000 0.4837
134.0000 0.5728
135.0000 0.6561
136.0000 0.7408
137.0000 0.7891
138.0000 0.7174
139.0000 0.7712
140.0000 0.8249
141.0000 0.8232
142.0000 0.7525
143.0000 0.6545
144.0000 0.5568
145.0000 0.4605
146.0000 0.3605
147.0000 0.2667
148.0000 0.1681
149.0000 0.1313
150.0000 0.0321
