1.0000 2.2511
2.0000 2.1851
3.0000 2.2312
4.0000 2.3250
5.0000 2.3722
6.0000 2.4065
7.0000 2.4670
8.0000 2.3902
9.0000 2.3462
10.0000 2.2501
11.0000 2.1522
12.0000 2.1901
13.0000 2.2635
14.0000 2.2786
15.0000 2.3430
16.0000 2.4211
17.0000 2.4791
18.0000 2.5721
19.0000 2.5210
20.0000 2.4228
21.0000 2.3249
22.0000 2.2935
23.0000 2.3200
24.0000 2.3507
25.0000 2.3359
26.0000 2.2365
27.0000 2.1591
28.0000 2.0682
29.0000 1.9902
30.0000 1.9088
31.0000 1.8702
32.0000 1.7847
33.0000 1.7692
34.0000 1.7282
35.0000 1.7119
36.0000 1.6620
37.0000 1.6110
38.0000 1.5645
39.0000 1.5543
40.0000 1.5759
41.0000 1.5327
42.0000 1.4781
43.0000 1.3781
44.0000 1.3373
45.0000 1.2551
46.0000 1.2020
47.0000 1.1494
48.0000 1.0787
49.0000 1.0158
50.0000 1.0956
51.0000 1.1657
52.0000 1.2184
53.0000 1.3175
54.0000 1.4152
55.0000 1.4913
56.0000 1.5648
57.0000 1.6165
58.0000 1.5754
59.0000 1.5917
60.0000 1.6631
61.0000 1.7625
62.0000 1.8310
63.0000 1.8665
64.0000 1.8386
65.0000 1.8295
66.0000 1.9079
67.0000 1.9913
68.0000 2.0819
69.0000 2.1811
70.0000 2.1547
71.0000 2.1061
72.0000 2.0804
73.0000 2.1724
74.0000 2.2684
75.0000 2.2472
76.0000 2.1735
77.0000 2.2326
78.0000 2.2486
79.0000 2.3476
80.0000 2.3978
81.0000 2.2993
82.0000 2.2077
83.0000 2.1084
84.0000 2.0527
85.0000 2.0763
86.0000 2.0999
87.0000 2.0795
88.0000 2.1452
89.0000 2.2376
90.0000 2.3232
91.0000 2.3626
92.0000 2.4508
93.0000 2.4534
94.0000 2.5252
95.0000 2.5694
96.0000 2.4895
97.0000 2.4112
98.0000 2.3571
99.0000 2.3128
100.0000 2.3594
101.0000 2.4533
102.0000 2.4934
103.0000 2.5489
104.0000 2.5296
105.0000 2.4379
106.0000 2.3379
107.0000 2.3532
108.0000 2.4139
109.0000 2.4382
110.0000 2.4537
111.0000 2.4999
112.0000 2.4979
113.0000 2.4593
114.0000 2.3867
115.0000 2.4383
116.0000 2.5159
117.0000 2.5133
118.0000 2.4337
119.0000 2.3901
120.0000 2.4612
121.0000 2.5609
122.0000 2.6010
123.0000 2.5919
124.0000 2.5319
125.0000 2.4699
126.0000 2.3765
127.0000 2.2779
128.0000 2.1816
129.0000 2.0816
130.0000 1.9834
131.0000 1.9167
132.0000 1.8757
133.0000 1.8748
134.0000 1.8534
135.0000 1.8446
136.0000 1.8641
137.0000 1.9634
138.0000 2.0316
139.0000 2.1151
140.0000 2.2017
141.0000 2.1918
142.0000 2.0928
143.0000 1.9944
144.0000 2.0137
145.0000 2.1136
146.0000 2.1724
147.0000 2.1884
148.0000 2.2836
149.0000 2.3666
150.0000 2.4106
