1.0000 2.1749
2.0000 2.0832
3.0000 2.0437
4.0000 2.0943
5.0000 2.0992
6.0000 2.0283
7.0000 2.0490
8.0000 2.0682
9.0000 2.1138
10.0000 2.1290
11.0000 2.2094
12.0000 2.3075
13.0000 2.2936
14.0000 2.2285
15.0000 2.1355
16.0000 2.0421
17.0000 1.9461
18.0000 1.8587
19.0000 1.8871
20.0000 1.9324
21.0000 2.0300
22.0000 2.1164
23.0000 2.1988
24.0000 2.2694
25.0000 2.3682
26.0000 2.3989
27.0000 2.2994
28.0000 2.2002
29.0000 2.1167
30.0000 2.0176
31.0000 1.9187
32.0000 1.8708
33.0000 1.7795
34.0000 1.6821
35.0000 1.7662
36.0000 1.8255
37.0000 1.8797
38.0000 1.8409
39.0000 1.8477
40.0000 1.7581
41.0000 1.6901
42.0000 1.6566
43.0000 1.6089
44.0000 1.5147
45.0000 1.4226
46.0000 1.4917
47.0000 1.5464
48.0000 1.6385
49.0000 1.7320
50.0000 1.8312
51.0000 1.8220
52.0000 1.7329
53.0000 1.7213
54.0000 1.8055
55.0000 1.8829
56.0000 1.9198
57.0000 1.9254
58.0000 1.9935
59.0000 1.9189
60.0000 1.8189
61.0000 1.7418
62.0000 1.6423
63.0000 1.5797
64.0000 1.6795
65.0000 1.7427
66.0000 1.8426
67.0000 1.9320
68.0000 1.9774
69.0000 1.9599
70.0000 1.9628
71.0000 1.8914
72.0000 1.7930
73.0000 1.7144
74.0000 1.6367
75.0000 1.5553
76.0000 1.5550
77.0000 1.4559
78.0000 1.3596
79.0000 1.2630
80.0000 1.2494
81.0000 1.2605
82.0000 1.3602
83.0000 1.4215
84.0000 1.5099
85.0000 1.5659
86.0000 1.6380
87.0000 1.5764
88.0000 1.6128
89.0000 1.7004
90.0000 1.7970
91.0000 1.8969
92.0000 1.9967
93.0000 1.9267
94.0000 1.8545
95.0000 1.7646
96.0000 1.7035
97.0000 1.6148
98.0000 1.5190
99.0000 1.5072
100.0000 1.4797
101.0000 1.5480
102.0000 1.6470
103.0000 1.7452
104.0000 1.8355
105.0000 1.8495
106.0000 1.8682
107.0000 1.8615
108.0000 1.7831
109.0000 1.7956
110.0000 1.8809
111.0000 1.9084
112.0000 1.9465
113.0000 2.0217
114.0000 1.9815
115.0000 2.0785
116.0000 2.0720
117.0000 2.0653
118.0000 2.0456
119.0000 2.0101
120.0000 1.9992
121.0000 1.9958
122.0000 1.9812
123.0000 1.9224
124.0000 1.9352
125.0000 1.9771
126.0000 1.9184
127.0000 1.9720
128.0000 2.0285
129.0000 2.0155
130.0000 1.9888
131.0000 2.0880
132.0000 2.0229
133.0000 1.9236
134.0000 1.8241
135.0000 1.7286
136.0000 1.6574
137.0000 1.6447
138.0000 1.6540
139.0000 1.7521
140.0000 1.8209
141.0000 1.7384
142.0000 1.7974
143.0000 1.8564
144.0000 1.8910
145.0000 1.9775
146.0000 1.9886
147.0000 2.0808
148.0000 2.1798
149.0000 2.1338
150.0000 2.1137
