1.0000 2.1373
2.0000 2.0377
3.0000 1.9386
4.0000 1.8679
5.0000 1.7731
6.0000 1.6840
7.0000 1.5840
8.0000 1.4948
9.0000 1.4192
10.0000 1.3983
11.0000 1.4129
12.0000 1.4334
13.0000 1.4123
14.0000 1.4072
15.0000 1.4155
16.0000 1.4657
17.0000 1.4140
18.0000 1.3324
19.0000 1.3101
20.0000 1.4056
21.0000 1.4550
22.0000 1.4601
23.0000 1.4506
24.0000 1.4023
25.0000 1.4508
26.0000 1.5279
27.0000 1.5993
28.0000 1.6992
29.0000 1.7698
30.0000 1.7264
31.0000 1.6342
32.0000 1.5450
33.0000 1.4594
34.0000 1.3875
35.0000 1.3789
36.0000 1.3766
37.0000 1.3972
38.0000 1.4272
39.0000 1.4266
40.0000 1.4655
41.0000 1.4401
42.0000 1.3679
43.0000 1.3122
44.0000 1.3397
45.0000 1.2415
46.0000 1.1675
47.0000 1.2302
48.0000 1.1789
49.0000 1.2194
50.0000 1.2873
51.0000 1.2680
52.0000 1.2972
53.0000 1.3615
54.0000 1.4611
55.0000 1.5611
56.0000 1.6307
57.0000 1.5490
58.0000 1.4679
59.0000 1.3700
60.0000 1.2701
61.0000 1.1739
62.0000 1.0892
63.0000 1.0154
64.0000 1.0831
65.0000 1.1526
66.0000 1.2489
67.0000 1.3424
68.0000 1.4165
69.0000 1.4752
70.0000 1.5387
71.0000 1.6381
72.0000 1.7130
73.0000 1.7342
74.0000 1.6348
75.0000 1.5526
76.0000 1.4949
77.0000 1.5377
78.0000 1.4553
79.0000 1.3586
80.0000 1.2672
81.0000 1.1687
82.0000 1.0699
83.0000 1.0353
84.0000 1.1104
85.0000 1.2039
86.0000 1.3036
87.0000 1.3793
88.0000 1.3370
89.0000 1.3554
90.0000 1.3786
91.0000 1.2807
92.0000 1.2607
93.0000 1.3555
94.0000 1.3247
95.0000 1.2314
96.0000 1.2078
97.0000 1.3076
98.0000 1.3210
99.0000 1.3766
100.0000 1.4309
101.0000 1.4927
102.0000 1.4982
103.0000 1.5625
104.0000 1.5055
105.0000 1.4055
106.0000 1.3090
107.0000 1.2287
108.0000 1.1531
109.0000 1.0790
110.0000 1.0647
111.0000 1.0252
112.0000 0.9579
113.0000 0.9254
114.0000 0.9340
115.0000 0.9313
116.0000 1.0030
117.0000 0.9916
118.0000 1.0698
119.0000 1.1129
120.0000 1.1208
121.0000 1.2187
122.0000 1.3155
123.0000 1.3522
124.0000 1.4516
125.0000 1.4561
126.0000 1.3778
127.0000 1.2896
128.0000 1.2054
129.0000 1.1280
130.0000 1.0335
131.0000 0.9935
132.0000 1.0240
133.0000 1.1163
134.0000 1.1959
135.0000 1.2957
136.0000 1.3747
137.0000 1.3860
138.0000 1.4808
139.0000 1.4724
140.0000 1.4835
141.0000 1.5565
142.0000 1.5073
143.0000 1.5346
144.0000 1.5607
145.0000 1.5939
146.0000 1.5481
147.0000 1.5203
148.0000 1.4275
149.0000 1.3297
150.0000 1.2307
