1.0000 2.2065
2.0000 2.1717
3.0000 2.0803
4.0000 1.9892
5.0000 1.9630
6.0000 1.8879
7.0000 1.7884
8.0000 1.7216
9.0000 1.7089
10.0000 1.7889
11.0000 1.8447
12.0000 1.7923
13.0000 1.8454
14.0000 1.8138
15.0000 1.8037
16.0000 1.7106
17.0000 1.6574
18.0000 1.6481
19.0000 1.7048
20.0000 1.7905
21.0000 1.8564
22.0000 1.8949
23.0000 1.9581
24.0000 2.0074
25.0000 1.9583
26.0000 1.9202
27.0000 1.8830
28.0000 1.8262
29.0000 1.7424
30.0000 1.6444
31.0000 1.5921
32.0000 1.5142
33.0000 1.5243
34.0000 1.5524
35.0000 1.5178
36.0000 1.5168
37.0000 1.4258
38.0000 1.3432
39.0000 1.2443
40.0000 1.1924
41.0000 1.2078
42.0000 1.2833
43.0000 1.3806
44.0000 1.4774
45.0000 1.5742
46.0000 1.5861
47.0000 1.5070
48.0000 1.4103
49.0000 1.3127
50.0000 1.2301
51.0000 1.1476
52.0000 1.1518
53.0000 1.1851
54.0000 1.2845
55.0000 1.3843
56.0000 1.4821
57.0000 1.5814
58.0000 1.6162
59.0000 1.6285
60.0000 1.6900
61.0000 1.6587
62.0000 1.6654
63.0000 1.6852
64.0000 1.6247
65.0000 1.6545
66.0000 1.6008
67.0000 1.6360
68.0000 1.6464
69.0000 1.5505
70.0000 1.4648
71.0000 1.3814
72.0000 1.3116
73.0000 1.2707
74.0000 1.3625
75.0000 1.3891
76.0000 1.2921
77.0000 1.1924
78.0000 1.1285
79.0000 1.0424
80.0000 1.1298
81.0000 1.1975
82.0000 1.2929
83.0000 1.3605
84.0000 1.4514
85.0000 1.5371
86.0000 1.6333
87.0000 1.7290
88.0000 1.8280
89.0000 1.8303
90.0000 1.9178
91.0000 2.0145
92.0000 2.0966
93.0000 2.1232
94.0000 2.1996
95.0000 2.2795
96.0000 2.3711
97.0000 2.2716
98.0000 2.1780
99.0000 2.1414
100.0000 2.1308
101.0000 2.2263
102.0000 2.2921
103.0000 2.2631
104.0000 2.3223
105.0000 2.3969
106.0000 2.3671
107.0000 2.2959
108.0000 2.2323
109.0000 2.1324
110.0000 2.0631
111.0000 2.0606
112.0000 1.9962
113.0000 2.0114
114.0000 1.9413
115.0000 1.8415
116.0000 1.7526
117.0000 1.6757
118.0000 1.7687
119.0000 1.7961
120.0000 1.7030
121.0000 1.6437
122.0000 1.6611
123.0000 1.7499
124.0000 1.7814
125.0000 1.8754
126.0000 1.8761
127.0000 1.7764
128.0000 1.7146
129.0000 1.7966
130.0000 1.7706
131.0000 1.7581
132.0000 1.7221
133.0000 1.6374
134.0000 1.5376
135.0000 1.5135
136.0000 1.6081
137.0000 1.6711
138.0000 1.6869
139.0000 1.5935
140.0000 1.6933
141.0000 1.7732
142.0000 1.8290
143.0000 1.9161
144.0000 2.0040
145.0000 2.0628
146.0000 2.0756
147.0000 2.1727
148.0000 2.2719
149.0000 2.3583
150.0000 2.4401
