1.0000 2.1390
2.0000 2.0943
3.0000 2.1484
4.0000 2.2405
5.0000 2.3405
6.0000 2.3747
7.0000 2.4309
8.0000 2.4353
9.0000 2.3497
10.0000 2.2607
11.0000 2.1947
12.0000 2.1246
13.0000 2.1121
14.0000 2.2117
15.0000 2.2890
16.0000 2.3591
17.0000 2.3310
18.0000 2.4166
19.0000 2.5160
20.0000 2.5241
21.0000 2.4337
22.0000 2.3771
23.0000 2.2786
24.0000 2.1913
25.0000 2.1436
26.0000 2.1988
27.0000 2.2629
28.0000 2.3285
29.0000 2.3435
30.0000 2.2578
31.0000 2.1771
32.0000 2.1899
33.0000 2.2253
34.0000 2.2950
35.0000 2.3858
36.0000 2.4853
37.0000 2.5458
38.0000 2.6450
39.0000 2.7190
40.0000 2.7274
41.0000 2.7236
42.0000 2.6578
43.0000 2.5595
44.0000 2.4655
45.0000 2.4059
46.0000 2.3987
47.0000 2.4781
48.0000 2.5657
49.0000 2.5747
50.0000 2.4765
51.0000 2.3851
52.0000 2.4014
53.0000 2.3714
54.0000 2.4703
55.0000 2.5700
56.0000 2.6376
57.0000 2.7278
58.0000 2.7085
59.0000 2.6598
60.0000 2.6352
61.0000 2.7192
62.0000 2.8189
63.0000 2.8806
64.0000 2.7836
65.0000 2.6976
66.0000 2.6099
67.0000 2.5410
68.0000 2.4895
69.0000 2.4589
70.0000 2.4116
71.0000 2.3606
72.0000 2.2649
73.0000 2.2820
74.0000 2.1841
75.0000 2.0977
76.0000 2.0006
77.0000 1.9018
78.0000 1.8026
79.0000 1.7590
80.0000 1.8450
81.0000 1.8857
82.0000 1.9702
83.0000 2.0701
84.0000 2.1701
85.0000 2.2683
86.0000 2.3424
87.0000 2.4123
88.0000 2.3349
89.0000 2.3184
90.0000 2.3179
91.0000 2.3619
92.0000 2.4028
93.0000 2.5002
94.0000 2.5093
95.0000 2.4305
96.0000 2.3787
97.0000 2.3584
98.0000 2.2713
99.0000 2.2663
100.0000 2.2966
101.0000 2.2739
102.0000 2.1748
103.0000 2.0813
104.0000 2.0163
105.0000 1.9346
106.0000 1.8497
107.0000 1.8103
108.0000 1.7718
109.0000 1.7943
110.0000 1.8827
111.0000 1.9790
112.0000 2.0790
113.0000 2.1210
114.0000 2.2204
115.0000 2.2866
116.0000 2.2620
117.0000 2.2722
118.0000 2.3397
119.0000 2.2800
120.0000 2.2243
121.0000 2.2698
122.0000 2.3594
123.0000 2.3544
124.0000 2.4544
125.0000 2.5117
126.0000 2.5474
127.0000 2.4930
128.0000 2.5518
129.0000 2.6455
130.0000 2.7227
131.0000 2.7205
132.0000 2.6247
133.0000 2.5300
134.0000 2.5778
135.0000 2.6778
136.0000 2.7708
137.0000 2.8294
138.0000 2.7990
139.0000 2.7024
140.0000 2.6026
141.0000 2.6123
142.0000 2.6129
143.0000 2.5201
144.0000 2.4214
145.0000 2.4247
146.0000 2.4395
147.0000 2.4776
148.0000 2.4315
149.0000 2.3318
150.0000 2.2914
