1.0000 2.2497
2.0000 2.3128
3.0000 2.3587
4.0000 2.4056
5.0000 2.4277
6.0000 2.3347
7.0000 2.2388
8.0000 2.1652
9.0000 2.1510
10.0000 2.0527
11.0000 1.9633
12.0000 1.9478
13.0000 2.0450
14.0000 2.1307
15.0000 2.2304
16.0000 2.2819
17.0000 2.2655
18.0000 2.1655
19.0000 2.1144
20.0000 2.0840
21.0000 2.1590
22.0000 2.1972
23.0000 2.0993
24.0000 2.0396
25.0000 2.0397
26.0000 2.0806
27.0000 2.1085
28.0000 2.2078
29.0000 2.2946
30.0000 2.3933
31.0000 2.3363
32.0000 2.2530
33.0000 2.2344
34.0000 2.2964
35.0000 2.3585
36.0000 2.4241
37.0000 2.5174
38.0000 2.6054
39.0000 2.6682
40.0000 2.7174
41.0000 2.6626
42.0000 2.6669
43.0000 2.6138
44.0000 2.5552
45.0000 2.4578
46.0000 2.3732
47.0000 2.4005
48.0000 2.4781
49.0000 2.4697
50.0000 2.3777
51.0000 2.3331
52.0000 2.2352
53.0000 2.1420
54.0000 2.2339
55.0000 2.3259
56.0000 2.4239
57.0000 2.5163
58.0000 2.5563
59.0000 2.6137
60.0000 2.6136
61.0000 2.6449
62.0000 2.7388
63.0000 2.8038
64.0000 2.7932
65.0000 2.7300
66.0000 2.6456
67.0000 2.5566
68.0000 2.4597
69.0000 2.3647
70.0000 2.3603
71.0000 2.2632
72.0000 2.1634
73.0000 2.1137
74.0000 2.0508
75.0000 2.0036
76.0000 1.9398
77.0000 1.8440
78.0000 1.7448
79.0000 1.6450
80.0000 1.6054
81.0000 1.6759
82.0000 1.7397
83.0000 1.8108
84.0000 1.8829
85.0000 1.8088
86.0000 1.7302
87.0000 1.7156
88.0000 1.7266
89.0000 1.8030
90.0000 1.8068
91.0000 1.7074
92.0000 1.6191
93.0000 1.5192
94.0000 1.4857
95.0000 1.4844
96.0000 1.5276
97.0000 1.5444
98.0000 1.5786
99.0000 1.6621
100.0000 1.6574
101.0000 1.6865
102.0000 1.6464
103.0000 1.7281
104.0000 1.8026
105.0000 1.9026
106.0000 1.9742
107.0000 2.0503
108.0000 2.1077
109.0000 2.1808
110.0000 2.1955
111.0000 2.1668
112.0000 2.0982
113.0000 2.0272
114.0000 1.9726
115.0000 1.9182
116.0000 1.8201
117.0000 1.8288
118.0000 1.8956
119.0000 1.9804
120.0000 2.0783
121.0000 2.1302
122.0000 2.2205
123.0000 2.3074
124.0000 2.3765
125.0000 2.3905
126.0000 2.4841
127.0000 2.3954
128.0000 2.3429
129.0000 2.2888
130.0000 2.2606
131.0000 2.2462
132.0000 2.2630
133.0000 2.1971
134.0000 2.2336
135.0000 2.2475
136.0000 2.3120
137.0000 2.3559
138.0000 2.4389
139.0000 2.4792
140.0000 2.3899
141.0000 2.4537
142.0000 2.3773
143.0000 2.4537
144.0000 2.5378
145.0000 2.4954
146.0000 2.4269
147.0000 2.3274
148.0000 2.2529
149.0000 2.1755
150.0000 2.2270
