1.0000 2.1393
2.0000 2.0521
3.0000 1.9524
4.0000 1.8524
5.0000 1.7593
6.0000 1.6596
7.0000 1.5821
8.0000 1.5026
9.0000 1.4174
10.0000 1.3645
11.0000 1.3301
12.0000 1.3325
13.0000 1.4042
14.0000 1.4642
15.0000 1.5635
16.0000 1.6626
17.0000 1.7623
18.0000 1.8424
19.0000 1.8709
20.0000 1.9284
21.0000 1.9953
22.0000 2.0771
23.0000 2.1751
24.0000 2.2702
25.0000 2.3169
26.0000 2.2762
27.0000 2.1898
28.0000 2.0904
29.0000 1.9905
30.0000 1.9030
31.0000 1.8602
32.0000 1.9205
33.0000 1.9653
34.0000 2.0644
35.0000 2.0812
36.0000 2.0943
37.0000 2.1338
38.0000 2.1614
39.0000 2.2426
40.0000 2.3375
41.0000 2.4224
42.0000 2.3895
43.0000 2.3015
44.0000 2.3287
45.0000 2.3154
46.0000 2.2562
47.0000 2.1616
48.0000 2.0857
49.0000 2.0284
50.0000 1.9918
51.0000 2.0915
52.0000 2.1768
53.0000 2.2624
54.0000 2.3274
55.0000 2.2286
56.0000 2.1572
57.0000 2.1817
58.0000 2.1458
59.0000 2.0526
60.0000 2.0163
61.0000 2.0980
62.0000 2.0580
63.0000 1.9651
64.0000 1.9012
65.0000 1.8024
66.0000 1.7091
67.0000 1.6182
68.0000 1.5527
69.0000 1.5031
70.0000 1.4621
71.0000 1.5360
72.0000 1.4701
73.0000 1.3864
74.0000 1.4438
75.0000 1.4423
76.0000 1.5158
77.0000 1.5862
78.0000 1.6832
79.0000 1.6555
80.0000 1.5658
81.0000 1.4794
82.0000 1.3998
83.0000 1.3435
84.0000 1.2571
85.0000 1.1865
86.0000 1.0902
87.0000 1.0426
88.0000 1.0766
89.0000 1.0046
90.0000 0.9264
91.0000 0.9520
92.0000 0.9292
93.0000 0.9520
94.0000 0.9821
95.0000 1.0338
96.0000 1.0614
97.0000 1.1561
98.0000 1.2360
99.0000 1.3081
100.0000 1.3812
101.0000 1.3896
102.0000 1.3639
103.0000 1.3677
104.0000 1.2678
105.0000 1.1700
106.0000 1.0726
107.0000 0.9728
108.0000 1.0431
109.0000 0.9774
110.0000 0.8786
111.0000 0.7812
112.0000 0.7075
113.0000 0.6523
114.0000 0.6643
115.0000 0.7041
116.0000 0.7442
117.0000 0.6794
118.0000 0.6965
119.0000 0.7836
120.0000 0.7538
121.0000 0.8524
122.0000 0.8908
123.0000 0.8634
124.0000 0.9445
125.0000 1.0370
126.0000 1.1330
127.0000 1.2155
128.0000 1.2957
129.0000 1.3658
130.0000 1.4657
131.0000 1.4247
132.0000 1.3433
133.0000 1.2719
134.0000 1.2568
135.0000 1.1994
136.0000 1.2059
137.0000 1.2710
138.0000 1.3699
139.0000 1.4699
140.0000 1.5695
141.0000 1.6687
142.0000 1.7660
143.0000 1.8410
144.0000 1.8889
145.0000 1.9872
146.0000 1.9577
147.0000 1.8712
148.0000 1.7984
149.0000 1.6995
150.0000 1.6261
