1.0000 2.2395
2.0000 2.3044
3.0000 2.3733
4.0000 2.3271
5.0000 2.2285
6.0000 2.1286
7.0000 2.0344
8.0000 1.9346
9.0000 1.8350
10.0000 1.7699
11.0000 1.7804
12.0000 1.8463
13.0000 1.7753
14.0000 1.7106
15.0000 1.6118
16.0000 1.5427
17.0000 1.4900
18.0000 1.4958
19.0000 1.5017
20.0000 1.4160
21.0000 1.3161
22.0000 1.2842
23.0000 1.3584
24.0000 1.3546
25.0000 1.3093
26.0000 1.2099
27.0000 1.1534
28.0000 1.0811
29.0000 1.1583
30.0000 1.2033
31.0000 1.1309
32.0000 1.1042
33.0000 1.0815
34.0000 1.0143
35.0000 1.0380
36.0000 1.0264
37.0000 1.0199
38.0000 1.0541
39.0000 1.0665
40.0000 1.0442
41.0000 1.0435
42.0000 1.1410
43.0000 1.2295
44.0000 1.2330
45.0000 1.1330
46.0000 1.0383
47.0000 0.9389
48.0000 0.8957
49.0000 0.9021
50.0000 0.8627
51.0000 0.9256
52.0000 0.8744
53.0000 0.7747
54.0000 0.7930
55.0000 0.7178
56.0000 0.6182
57.0000 0.5183
58.0000 0.4205
59.0000 0.3290
60.0000 0.3995
61.0000 0.4294
62.0000 0.5199
63.0000 0.5957
64.0000 0.6628
65.0000 0.7512
66.0000 0.7615
67.0000 0.7755
68.0000 0.8659
69.0000 0.9643
70.0000 1.0621
71.0000 1.1164
72.0000 1.2161
73.0000 1.2305
74.0000 1.2519
75.0000 1.2161
76.0000 1.1281
77.0000 1.0394
78.0000 1.0229
79.0000 0.9772
80.0000 0.9309
81.0000 0.9023
82.0000 0.8637
83.0000 0.9544
84.0000 1.0380
85.0000 1.1348
86.0000 1.2000
87.0000 1.1828
88.0000 1.2326
89.0000 1.2103
90.0000 1.3103
91.0000 1.3625
92.0000 1.3919
93.0000 1.3685
94.0000 1.4680
95.0000 1.4954
96.0000 1.4194
97.0000 1.3513
98.0000 1.2872
99.0000 1.1880
100.0000 1.2627
101.0000 1.3531
102.0000 1.4492
103.0000 1.4995
104.0000 1.5188
105.0000 1.6166
106.0000 1.5898
107.0000 1.4932
108.0000 1.4101
109.0000 1.4678
110.0000 1.5409
111.0000 1.6225
112.0000 1.7222
113.0000 1.8178
114.0000 1.7927
115.0000 1.8010
116.0000 1.7131
117.0000 1.6135
118.0000 1.5215
119.0000 1.4650
120.0000 1.3717
121.0000 1.2731
122.0000 1.1750
123.0000 1.0841
124.0000 0.9841
125.0000 0.9166
126.0000 0.8362
127.0000 0.8484
128.0000 0.8194
129.0000 0.7212
130.0000 0.6731
131.0000 0.7054
132.0000 0.7647
133.0000 0.8450
134.0000 0.9195
135.0000 0.9284
136.0000 0.9958
137.0000 1.0929
138.0000 1.1927
139.0000 1.2885
140.0000 1.3817
141.0000 1.4740
142.0000 1.5617
143.0000 1.6491
144.0000 1.7413
145.0000 1.7800
146.0000 1.7346
147.0000 1.6577
148.0000 1.7049
149.0000 1.7759
150.0000 1.8603
