1.0000 2.1470
2.0000 2.0741
3.0000 2.0859
4.0000 2.0796
5.0000 2.0347
6.0000 2.0049
7.0000 2.0169
8.0000 1.9810
9.0000 1.9160
10.0000 1.9749
11.0000 1.9958
12.0000 1.9435
13.0000 1.9576
14.0000 1.9522
15.0000 1.9134
16.0000 1.9434
17.0000 2.0371
18.0000 2.0381
19.0000 2.0293
20.0000 1.9444
21.0000 1.8570
22.0000 1.9407
23.0000 2.0249
24.0000 2.0232
25.0000 2.0921
26.0000 2.0647
27.0000 1.9827
28.0000 1.9216
29.0000 1.9082
30.0000 1.8568
31.0000 1.7953
32.0000 1.7460
33.0000 1.6797
34.0000 1.5928
35.0000 1.4942
36.0000 1.4104
37.0000 1.4190
38.0000 1.4650
39.0000 1.5642
40.0000 1.6308
41.0000 1.7247
42.0000 1.8150
43.0000 1.9123
44.0000 1.9979
45.0000 2.0945
46.0000 2.1841
47.0000 2.2797
48.0000 2.3788
49.0000 2.4219
50.0000 2.5068
51.0000 2.5611
52.0000 2.5006
53.0000 2.4560
54.0000 2.4413
55.0000 2.3953
56.0000 2.2978
57.0000 2.3167
58.0000 2.3194
59.0000 2.3765
60.0000 2.3687
61.0000 2.2701
62.0000 2.2338
63.0000 2.2107
64.0000 2.1323
65.0000 2.0384
66.0000 1.9400
67.0000 1.9228
68.0000 1.9761
69.0000 2.0112
70.0000 2.1084
71.0000 2.1874
72.0000 2.2849
73.0000 2.3701
74.0000 2.3238
75.0000 2.3648
76.0000 2.3088
77.0000 2.2122
78.0000 2.1195
79.0000 2.1258
80.0000 2.0879
81.0000 2.0054
82.0000 1.9204
83.0000 1.8225
84.0000 1.8654
85.0000 1.9169
86.0000 2.0155
87.0000 2.1052
88.0000 2.1868
89.0000 2.2590
90.0000 2.3257
91.0000 2.4182
92.0000 2.5132
93.0000 2.5972
94.0000 2.5779
95.0000 2.5239
96.0000 2.4423
97.0000 2.3664
98.0000 2.2691
99.0000 2.2186
100.0000 2.1796
101.0000 2.0921
102.0000 2.1041
103.0000 2.1470
104.0000 2.1953
105.0000 2.2870
106.0000 2.3032
107.0000 2.2189
108.0000 2.2286
109.0000 2.2500
110.0000 2.2609
111.0000 2.3443
112.0000 2.4195
113.0000 2.4369
114.0000 2.3717
115.0000 2.3094
116.0000 2.4050
117.0000 2.5006
118.0000 2.4187
119.0000 2.3235
120.0000 2.3671
121.0000 2.3153
122.0000 2.2720
123.0000 2.2255
124.0000 2.2277
125.0000 2.2850
126.0000 2.3306
127.0000 2.3367
128.0000 2.2497
129.0000 2.1586
130.0000 2.1824
131.0000 2.1868
132.0000 2.0998
133.0000 2.0310
134.0000 1.9343
135.0000 1.8343
136.0000 1.7536
137.0000 1.6566
138.0000 1.6740
139.0000 1.6054
140.0000 1.5057
141.0000 1.4727
142.0000 1.4669
143.0000 1.5517
144.0000 1.6117
145.0000 1.7102
146.0000 1.8097
147.0000 1.9044
148.0000 1.9700
149.0000 2.0644
150.0000 2.1187
