1.0000 2.2218
2.0000 2.2302
3.0000 2.2896
4.0000 2.3405
5.0000 2.3812
6.0000 2.3728
7.0000 2.4472
8.0000 2.5419
9.0000 2.6180
10.0000 2.6164
11.0000 2.5187
12.0000 2.4978
13.0000 2.5371
14.0000 2.5708
15.0000 2.6400
16.0000 2.7230
17.0000 2.7766
18.0000 2.7569
19.0000 2.7291
20.0000 2.8013
21.0000 2.7657
22.0000 2.7276
23.0000 2.8264
24.0000 2.7344
25.0000 2.6551
26.0000 2.5582
27.0000 2.4889
28.0000 2.4040
29.0000 2.3080
30.0000 2.2085
31.0000 2.1234
32.0000 2.1388
33.0000 2.1441
34.0000 2.1614
35.0000 2.1375
36.0000 2.0755
37.0000 2.0256
38.0000 1.9493
39.0000 1.8499
40.0000 1.7500
41.0000 1.7671
42.0000 1.8410
43.0000 1.9345
44.0000 1.9833
45.0000 1.8870
46.0000 1.8004
47.0000 1.7431
48.0000 1.8242
49.0000 1.8173
50.0000 1.9126
51.0000 2.0078
52.0000 2.0841
53.0000 2.1835
54.0000 2.2834
55.0000 2.3809
56.0000 2.4734
57.0000 2.4209
58.0000 2.4768
59.0000 2.5674
60.0000 2.6643
61.0000 2.7643
62.0000 2.8355
63.0000 2.7938
64.0000 2.7060
65.0000 2.6062
66.0000 2.5169
67.0000 2.4587
68.0000 2.5156
69.0000 2.4924
70.0000 2.3947
71.0000 2.3717
72.0000 2.4548
73.0000 2.5495
74.0000 2.5145
75.0000 2.4438
76.0000 2.3452
77.0000 2.3136
78.0000 2.3798
79.0000 2.4779
80.0000 2.5111
81.0000 2.6107
82.0000 2.7090
83.0000 2.8057
84.0000 2.8022
85.0000 2.7269
86.0000 2.6953
87.0000 2.6748
88.0000 2.7498
89.0000 2.8376
90.0000 2.7988
91.0000 2.7020
92.0000 2.6193
93.0000 2.5805
94.0000 2.5667
95.0000 2.5324
96.0000 2.5670
97.0000 2.5712
98.0000 2.4834
99.0000 2.5178
100.0000 2.4407
101.0000 2.4308
102.0000 2.4389
103.0000 2.5238
104.0000 2.6148
105.0000 2.7097
106.0000 2.7911
107.0000 2.7218
108.0000 2.6799
109.0000 2.5861
110.0000 2.5130
111.0000 2.4138
112.0000 2.3427
113.0000 2.3578
114.0000 2.3581
115.0000 2.3572
116.0000 2.4163
117.0000 2.3440
118.0000 2.3052
119.0000 2.3320
120.0000 2.4252
121.0000 2.5104
122.0000 2.5938
123.0000 2.5044
124.0000 2.4117
125.0000 2.4197
126.0000 2.3896
127.0000 2.3407
128.0000 2.2705
129.0000 2.1842
130.0000 2.0990
131.0000 2.1573
132.0000 2.2261
133.0000 2.1353
134.0000 2.1138
135.0000 2.1357
136.0000 2.1080
137.0000 2.0872
138.0000 2.0309
139.0000 2.0346
140.0000 1.9722
141.0000 1.8893
142.0000 1.9661
143.0000 2.0311
144.0000 2.0078
145.0000 1.9463
146.0000 1.8484
147.0000 1.7649
148.0000 1.6677
149.0000 1.5813
150.0000 1.4832
