1.0000 2.2807
2.0000 2.2786
3.0000 2.3430
4.0000 2.2621
5.0000 2.2430
6.0000 2.1503
7.0000 2.0533
8.0000 1.9542
9.0000 1.9041
10.0000 1.8420
11.0000 1.8725
12.0000 1.9528
13.0000 2.0300
14.0000 2.1243
15.0000 2.1812
16.0000 2.2235
17.0000 2.1865
18.0000 2.1275
19.0000 2.0404
20.0000 2.0863
21.0000 2.1016
22.0000 2.0423
23.0000 2.0199
24.0000 2.0113
25.0000 1.9854
26.0000 1.8870
27.0000 1.8525
28.0000 1.7963
29.0000 1.7340
30.0000 1.6911
31.0000 1.6198
32.0000 1.5379
33.0000 1.4617
34.0000 1.5252
35.0000 1.6246
36.0000 1.7203
37.0000 1.8155
38.0000 1.9141
39.0000 1.9954
40.0000 2.0430
41.0000 2.0217
42.0000 1.9269
43.0000 1.8524
44.0000 1.7878
45.0000 1.7041
46.0000 1.6049
47.0000 1.5058
48.0000 1.4126
49.0000 1.3164
50.0000 1.3314
51.0000 1.3296
52.0000 1.3266
53.0000 1.2324
54.0000 1.1326
55.0000 1.0341
56.0000 0.9390
57.0000 0.8415
58.0000 0.7519
59.0000 0.6657
60.0000 0.5670
61.0000 0.5031
62.0000 0.4277
63.0000 0.3353
64.0000 0.3097
65.0000 0.4076
66.0000 0.4980
67.0000 0.5908
68.0000 0.6428
69.0000 0.7173
70.0000 0.6533
71.0000 0.5969
72.0000 0.5149
73.0000 0.4201
74.0000 0.3201
75.0000 0.2303
76.0000 0.1512
77.0000 0.0601
78.0000 0.0669
79.0000 0.1574
80.0000 0.2554
81.0000 0.1926
82.0000 0.2680
83.0000 0.3411
84.0000 0.4388
85.0000 0.4847
86.0000 0.5117
87.0000 0.6059
88.0000 0.6267
89.0000 0.6211
90.0000 0.7183
91.0000 0.7805
92.0000 0.8647
93.0000 0.9581
94.0000 1.0301
95.0000 1.1033
96.0000 1.1404
97.0000 1.2400
98.0000 1.2953
99.0000 1.3288
100.0000 1.2998
101.0000 1.2227
102.0000 1.1578
103.0000 1.1264
104.0000 1.1776
105.0000 1.2703
106.0000 1.3666
107.0000 1.4529
108.0000 1.4559
109.0000 1.4200
110.0000 1.4019
111.0000 1.4076
112.0000 1.4343
113.0000 1.3685
114.0000 1.4260
115.0000 1.5258
116.0000 1.5687
117.0000 1.6463
118.0000 1.7311
119.0000 1.8075
120.0000 1.8766
121.0000 1.9663
122.0000 2.0619
123.0000 2.1346
124.0000 2.2339
125.0000 2.2442
126.0000 2.3389
127.0000 2.4350
128.0000 2.5146
129.0000 2.4369
130.0000 2.3936
131.0000 2.3235
132.0000 2.2518
133.0000 2.2436
134.0000 2.2901
135.0000 2.3534
136.0000 2.3762
137.0000 2.4224
138.0000 2.3650
139.0000 2.2818
140.0000 2.1859
141.0000 2.2231
142.0000 2.1291
143.0000 2.0475
144.0000 1.9491
145.0000 1.8491
146.0000 1.9104
147.0000 1.8469
148.0000 1.7828
149.0000 1.8186
150.0000 1.8786
