1.0000 2.2232
2.0000 2.2567
3.0000 2.2777
4.0000 2.3668
5.0000 2.3804
6.0000 2.2917
7.0000 2.2730
8.0000 2.3704
9.0000 2.4664
10.0000 2.5379
11.0000 2.6095
12.0000 2.6392
13.0000 2.6494
14.0000 2.5779
15.0000 2.5051
16.0000 2.4198
17.0000 2.3391
18.0000 2.2923
19.0000 2.2089
20.0000 2.1118
21.0000 2.0350
22.0000 1.9991
23.0000 2.0210
24.0000 2.1152
25.0000 2.1878
26.0000 2.2718
27.0000 2.3714
28.0000 2.4704
29.0000 2.5700
30.0000 2.5158
31.0000 2.5061
32.0000 2.5596
33.0000 2.6540
34.0000 2.6534
35.0000 2.5859
36.0000 2.5349
37.0000 2.4639
38.0000 2.4294
39.0000 2.4483
40.0000 2.4663
41.0000 2.4121
42.0000 2.3621
43.0000 2.2637
44.0000 2.1783
45.0000 2.2779
46.0000 2.3345
47.0000 2.3629
48.0000 2.2645
49.0000 2.2292
50.0000 2.1988
51.0000 2.2102
52.0000 2.2174
53.0000 2.1997
54.0000 2.1119
55.0000 2.0561
56.0000 2.0814
57.0000 2.0605
58.0000 2.1447
59.0000 2.2443
60.0000 2.3407
61.0000 2.4407
62.0000 2.5331
63.0000 2.5572
64.0000 2.6246
65.0000 2.7129
66.0000 2.7999
67.0000 2.8991
68.0000 2.8793
69.0000 2.7794
70.0000 2.7023
71.0000 2.7356
72.0000 2.7444
73.0000 2.6466
74.0000 2.5793
75.0000 2.5219
76.0000 2.4241
77.0000 2.3842
78.0000 2.2852
79.0000 2.1854
80.0000 2.0883
81.0000 1.9902
82.0000 2.0011
83.0000 2.0046
84.0000 2.1038
85.0000 2.1929
86.0000 2.2690
87.0000 2.3627
88.0000 2.4122
89.0000 2.4069
90.0000 2.4389
91.0000 2.5210
92.0000 2.5795
93.0000 2.4921
94.0000 2.4010
95.0000 2.3356
96.0000 2.2381
97.0000 2.2365
98.0000 2.2252
99.0000 2.1395
100.0000 2.0723
101.0000 2.0342
102.0000 2.0390
103.0000 1.9400
104.0000 1.8417
105.0000 1.7469
106.0000 1.6502
107.0000 1.6280
108.0000 1.6232
109.0000 1.6823
110.0000 1.5977
111.0000 1.5267
112.0000 1.4476
113.0000 1.4193
114.0000 1.3449
115.0000 1.2848
116.0000 1.3069
117.0000 1.3735
118.0000 1.4401
119.0000 1.5387
120.0000 1.6385
121.0000 1.5664
122.0000 1.5709
123.0000 1.6617
124.0000 1.6789
125.0000 1.6360
126.0000 1.5481
127.0000 1.4722
128.0000 1.4782
129.0000 1.5308
130.0000 1.6257
131.0000 1.6811
132.0000 1.7618
133.0000 1.8382
134.0000 1.9327
135.0000 2.0051
136.0000 1.9765
137.0000 1.8950
138.0000 1.8852
139.0000 1.9754
140.0000 2.0616
141.0000 2.1504
142.0000 2.0741
143.0000 1.9852
144.0000 1.8876
145.0000 1.8501
146.0000 1.7503
147.0000 1.6571
148.0000 1.5923
149.0000 1.5941
150.0000 1.6902
