1.0000 2.1567
2.0000 2.1054
3.0000 2.0470
4.0000 1.9486
5.0000 1.8487
6.0000 1.7777
7.0000 1.6827
8.0000 1.7148
9.0000 1.7010
10.0000 1.6010
11.0000 1.5077
12.0000 1.4218
13.0000 1.4961
14.0000 1.5088
15.0000 1.4301
16.0000 1.4132
17.0000 1.3898
18.0000 1.4813
19.0000 1.5289
20.0000 1.5804
21.0000 1.5468
22.0000 1.5220
23.0000 1.5849
24.0000 1.6506
25.0000 1.7505
26.0000 1.7999
27.0000 1.7127
28.0000 1.6434
29.0000 1.5936
30.0000 1.5676
31.0000 1.6673
32.0000 1.6855
33.0000 1.7845
34.0000 1.8829
35.0000 1.9516
36.0000 2.0486
37.0000 2.1481
38.0000 2.2479
39.0000 2.3085
40.0000 2.2586
41.0000 2.1824
42.0000 2.1119
43.0000 2.0142
44.0000 1.9630
45.0000 2.0182
46.0000 2.1157
47.0000 2.1243
48.0000 2.0874
49.0000 2.0819
50.0000 1.9968
51.0000 1.9287
52.0000 1.9666
53.0000 2.0398
54.0000 2.0553
55.0000 2.1079
56.0000 2.0912
57.0000 2.0469
58.0000 1.9757
59.0000 1.9017
60.0000 1.8741
61.0000 1.9092
62.0000 1.9013
63.0000 1.8196
64.0000 1.7395
65.0000 1.7086
66.0000 1.6285
67.0000 1.6418
68.0000 1.6350
69.0000 1.7295
70.0000 1.7577
71.0000 1.7361
72.0000 1.7061
73.0000 1.7992
74.0000 1.8670
75.0000 1.9427
76.0000 1.9324
77.0000 1.9872
78.0000 1.8938
79.0000 1.8546
80.0000 1.7895
81.0000 1.7290
82.0000 1.6984
83.0000 1.7669
84.0000 1.8149
85.0000 1.9092
86.0000 2.0024
87.0000 2.0848
88.0000 2.0923
89.0000 2.0716
90.0000 2.0237
91.0000 1.9379
92.0000 1.8696
93.0000 1.7709
94.0000 1.6827
95.0000 1.6521
96.0000 1.5844
97.0000 1.6249
98.0000 1.7208
99.0000 1.7698
100.0000 1.7809
101.0000 1.7639
102.0000 1.6829
103.0000 1.5926
104.0000 1.4928
105.0000 1.3930
106.0000 1.3048
107.0000 1.2187
108.0000 1.1342
109.0000 1.0436
110.0000 1.0077
111.0000 1.0524
112.0000 1.1524
113.0000 1.2453
114.0000 1.3447
115.0000 1.4404
116.0000 1.5127
117.0000 1.4360
118.0000 1.3360
119.0000 1.2488
120.0000 1.1504
121.0000 1.0527
122.0000 0.9541
123.0000 0.8604
124.0000 0.8183
125.0000 0.7640
126.0000 0.7548
127.0000 0.8377
128.0000 0.9334
129.0000 0.9786
130.0000 1.0575
131.0000 1.1131
132.0000 1.2009
133.0000 1.2308
134.0000 1.2298
135.0000 1.2856
136.0000 1.2786
137.0000 1.2024
138.0000 1.1168
139.0000 1.1434
140.0000 1.2205
141.0000 1.2926
142.0000 1.3802
143.0000 1.4325
144.0000 1.5052
145.0000 1.5081
146.0000 1.4163
147.0000 1.4359
148.0000 1.5131
149.0000 1.6029
150.0000 1.6756
