1.0000 2.2401
2.0000 2.2372
3.0000 2.2500
4.0000 2.1834
5.0000 2.0966
6.0000 1.9995
7.0000 2.0200
8.0000 1.9644
9.0000 1.8712
10.0000 1.7787
11.0000 1.6922
12.0000 1.7711
13.0000 1.8216
14.0000 1.8631
15.0000 1.9255
16.0000 1.9132
17.0000 1.8533
18.0000 1.7575
19.0000 1.6576
20.0000 1.6170
21.0000 1.5963
22.0000 1.5939
23.0000 1.5994
24.0000 1.6786
25.0000 1.7628
26.0000 1.8474
27.0000 1.8523
28.0000 1.8597
29.0000 1.9572
30.0000 2.0572
31.0000 2.1520
32.0000 2.1708
33.0000 2.1047
34.0000 2.0066
35.0000 1.9186
36.0000 1.8211
37.0000 1.7373
38.0000 1.7031
39.0000 1.6129
40.0000 1.6925
41.0000 1.7282
42.0000 1.8282
43.0000 1.8721
44.0000 1.9097
45.0000 1.9848
46.0000 2.0112
47.0000 2.0728
48.0000 2.1601
49.0000 2.2544
50.0000 2.3235
51.0000 2.3887
52.0000 2.4871
53.0000 2.5864
54.0000 2.6490
55.0000 2.7474
56.0000 2.7549
57.0000 2.8093
58.0000 2.8150
59.0000 2.7713
60.0000 2.7319
61.0000 2.6834
62.0000 2.6986
63.0000 2.6574
64.0000 2.6228
65.0000 2.5663
66.0000 2.6369
67.0000 2.7218
68.0000 2.7329
69.0000 2.8271
70.0000 2.7486
71.0000 2.6677
72.0000 2.5777
73.0000 2.6416
74.0000 2.6730
75.0000 2.6381
76.0000 2.5858
77.0000 2.6115
78.0000 2.6952
79.0000 2.7943
80.0000 2.8030
81.0000 2.7031
82.0000 2.6065
83.0000 2.6212
84.0000 2.6542
85.0000 2.5543
86.0000 2.5088
87.0000 2.5364
88.0000 2.5660
89.0000 2.6558
90.0000 2.6987
91.0000 2.7646
92.0000 2.7294
93.0000 2.6679
94.0000 2.6602
95.0000 2.6191
96.0000 2.5511
97.0000 2.4617
98.0000 2.3698
99.0000 2.2888
100.0000 2.2118
101.0000 2.1965
102.0000 2.1260
103.0000 2.2252
104.0000 2.3240
105.0000 2.4170
106.0000 2.4147
107.0000 2.3492
108.0000 2.2595
109.0000 2.1641
110.0000 2.0824
111.0000 1.9877
112.0000 1.9378
113.0000 1.9756
114.0000 1.9094
115.0000 1.8621
116.0000 1.9112
117.0000 1.9049
118.0000 1.9993
119.0000 2.0529
120.0000 2.0153
121.0000 2.0698
122.0000 2.0734
123.0000 2.0851
124.0000 2.1632
125.0000 2.2246
126.0000 2.3198
127.0000 2.3911
128.0000 2.4911
129.0000 2.5910
130.0000 2.6065
131.0000 2.6011
132.0000 2.5937
133.0000 2.5225
134.0000 2.5437
135.0000 2.6430
136.0000 2.7210
137.0000 2.7863
138.0000 2.7744
139.0000 2.7147
140.0000 2.7924
141.0000 2.7522
142.0000 2.6526
143.0000 2.6849
144.0000 2.7365
145.0000 2.6885
146.0000 2.6710
147.0000 2.7110
148.0000 2.7325
149.0000 2.6459
150.0000 2.5641
