1.0000 2.1661
2.0000 2.1463
3.0000 2.1660
4.0000 2.1077
5.0000 2.0088
6.0000 1.9103
7.0000 1.8137
8.0000 1.7652
9.0000 1.7410
10.0000 1.7926
11.0000 1.8212
12.0000 1.8780
13.0000 1.8686
14.0000 1.8702
15.0000 1.9178
16.0000 1.9944
17.0000 1.9721
18.0000 1.8997
19.0000 1.9086
20.0000 1.9665
21.0000 1.9432
22.0000 1.8859
23.0000 1.8825
24.0000 1.8198
25.0000 1.7740
26.0000 1.7683
27.0000 1.8681
28.0000 1.8632
29.0000 1.8394
30.0000 1.7697
31.0000 1.7814
32.0000 1.7597
33.0000 1.6604
34.0000 1.6043
35.0000 1.5334
36.0000 1.4659
37.0000 1.5300
38.0000 1.6290
39.0000 1.6349
40.0000 1.5895
41.0000 1.6268
42.0000 1.5842
43.0000 1.5590
44.0000 1.4594
45.0000 1.4474
46.0000 1.3765
47.0000 1.3414
48.0000 1.4008
49.0000 1.3689
50.0000 1.3924
51.0000 1.3636
52.0000 1.2937
53.0000 1.3681
54.0000 1.3793
55.0000 1.4715
56.0000 1.5538
57.0000 1.6525
58.0000 1.7522
59.0000 1.8266
60.0000 1.9023
61.0000 1.9948
62.0000 2.0251
63.0000 1.9412
64.0000 1.9830
65.0000 1.9947
66.0000 1.9052
67.0000 1.8802
68.0000 1.8356
69.0000 1.8826
70.0000 1.9054
71.0000 2.0053
72.0000 2.1041
73.0000 2.1379
74.0000 2.0874
75.0000 2.0461
76.0000 2.0245
77.0000 1.9848
78.0000 1.9541
79.0000 1.8544
80.0000 1.8032
81.0000 1.7177
82.0000 1.6198
83.0000 1.5283
84.0000 1.4715
85.0000 1.4662
86.0000 1.3821
87.0000 1.2823
88.0000 1.1951
89.0000 1.1175
90.0000 1.0397
91.0000 1.0224
92.0000 0.9225
93.0000 0.8509
94.0000 0.8537
95.0000 0.9329
96.0000 0.9272
97.0000 0.9566
98.0000 1.0354
99.0000 1.1354
100.0000 1.1867
101.0000 1.2121
102.0000 1.2620
103.0000 1.2663
104.0000 1.1743
105.0000 1.1359
106.0000 1.0359
107.0000 0.9388
108.0000 0.8436
109.0000 0.7441
110.0000 0.6846
111.0000 0.6451
112.0000 0.6088
113.0000 0.7067
114.0000 0.8064
115.0000 0.9000
116.0000 0.9884
117.0000 1.0434
118.0000 1.0975
119.0000 1.1690
120.0000 1.2199
121.0000 1.3002
122.0000 1.3384
123.0000 1.4211
124.0000 1.4725
125.0000 1.5012
126.0000 1.4609
127.0000 1.5255
128.0000 1.5602
129.0000 1.5569
130.0000 1.5521
131.0000 1.5924
132.0000 1.6550
133.0000 1.5964
134.0000 1.6311
135.0000 1.6744
136.0000 1.7652
137.0000 1.8390
138.0000 1.9106
139.0000 1.9070
140.0000 1.9416
141.0000 2.0303
142.0000 2.1006
143.0000 2.1161
144.0000 2.1160
145.0000 2.1457
146.0000 2.2452
147.0000 2.3357
148.0000 2.4316
149.0000 2.5308
150.0000 2.6092
