1.0000 2.1881
2.0000 2.0940
3.0000 1.9993
4.0000 1.9073
5.0000 1.8244
6.0000 1.8145
7.0000 1.8416
8.0000 1.8621
9.0000 1.8962
10.0000 1.9440
11.0000 1.8524
12.0000 1.7944
13.0000 1.7383
14.0000 1.7142
15.0000 1.7902
16.0000 1.7891
17.0000 1.6981
18.0000 1.6772
19.0000 1.7119
20.0000 1.7355
21.0000 1.7274
22.0000 1.7399
23.0000 1.6535
24.0000 1.6331
25.0000 1.7255
26.0000 1.7935
27.0000 1.8852
28.0000 1.9556
29.0000 1.8561
30.0000 1.7736
31.0000 1.8265
32.0000 1.8046
33.0000 1.8992
34.0000 1.9937
35.0000 2.0888
36.0000 2.1508
37.0000 2.2339
38.0000 2.2851
39.0000 2.2198
40.0000 2.1588
41.0000 2.0802
42.0000 2.0188
43.0000 1.9441
44.0000 1.8970
45.0000 1.8511
46.0000 1.8357
47.0000 1.7477
48.0000 1.6479
49.0000 1.5891
50.0000 1.5722
51.0000 1.6401
52.0000 1.6937
53.0000 1.6818
54.0000 1.5831
55.0000 1.4835
56.0000 1.3864
57.0000 1.2914
58.0000 1.2356
59.0000 1.1791
60.0000 1.1306
61.0000 1.1267
62.0000 1.0468
63.0000 0.9606
64.0000 0.9324
65.0000 0.9021
66.0000 0.9360
67.0000 0.9534
68.0000 1.0519
69.0000 1.1503
70.0000 1.0506
71.0000 0.9562
72.0000 1.0327
73.0000 1.1082
74.0000 1.1572
75.0000 1.2528
76.0000 1.2316
77.0000 1.1813
78.0000 1.1018
79.0000 1.1090
80.0000 1.0802
81.0000 1.0884
82.0000 1.0743
83.0000 1.0318
84.0000 0.9322
85.0000 0.8385
86.0000 0.8051
87.0000 0.8473
88.0000 0.9287
89.0000 1.0217
90.0000 1.0801
91.0000 1.0182
92.0000 0.9497
93.0000 0.8740
94.0000 0.7918
95.0000 0.6955
96.0000 0.6037
97.0000 0.5654
98.0000 0.5244
99.0000 0.5855
100.0000 0.6611
101.0000 0.7155
102.0000 0.8017
103.0000 0.8790
104.0000 0.9651
105.0000 1.0638
106.0000 1.0712
107.0000 1.0602
108.0000 1.0823
109.0000 0.9828
110.0000 0.9093
111.0000 0.8423
112.0000 0.8216
113.0000 0.7480
114.0000 0.7042
115.0000 0.6043
116.0000 0.5120
117.0000 0.4319
118.0000 0.3528
119.0000 0.2950
120.0000 0.2207
121.0000 0.1926
122.0000 0.2642
123.0000 0.3613
124.0000 0.4506
125.0000 0.4979
126.0000 0.5393
127.0000 0.5226
128.0000 0.4694
129.0000 0.4294
130.0000 0.4528
131.0000 0.5045
132.0000 0.6010
133.0000 0.6488
134.0000 0.6943
135.0000 0.7936
136.0000 0.8627
137.0000 0.9541
138.0000 1.0439
139.0000 1.0729
140.0000 1.1720
141.0000 1.2297
142.0000 1.2206
143.0000 1.1543
144.0000 1.0575
145.0000 0.9894
146.0000 0.9187
147.0000 0.8842
148.0000 0.7903
149.0000 0.7285
150.0000 0.6998
