1.0000 2.1589
2.0000 2.1632
3.0000 2.2371
4.0000 2.2035
5.0000 2.1942
6.0000 2.0974
7.0000 2.0376
8.0000 1.9563
9.0000 1.8659
10.0000 1.8790
11.0000 1.8998
12.0000 1.9996
13.0000 2.0993
14.0000 2.1904
15.0000 2.2783
16.0000 2.3595
17.0000 2.2779
18.0000 2.2981
19.0000 2.3152
20.0000 2.4151
21.0000 2.5135
22.0000 2.6086
23.0000 2.6430
24.0000 2.7396
25.0000 2.8327
26.0000 2.8309
27.0000 2.8120
28.0000 2.7999
29.0000 2.7803
30.0000 2.6833
31.0000 2.7084
32.0000 2.7954
33.0000 2.7935
34.0000 2.7076
35.0000 2.6162
36.0000 2.5390
37.0000 2.4758
38.0000 2.3919
39.0000 2.3004
40.0000 2.2039
41.0000 2.2185
42.0000 2.2606
43.0000 2.3506
44.0000 2.3645
45.0000 2.4464
46.0000 2.5377
47.0000 2.6361
48.0000 2.6473
49.0000 2.7250
50.0000 2.7221
51.0000 2.6221
52.0000 2.5340
53.0000 2.4672
54.0000 2.3702
55.0000 2.2760
56.0000 2.2090
57.0000 2.3040
58.0000 2.4038
59.0000 2.5037
60.0000 2.6029
61.0000 2.6900
62.0000 2.6776
63.0000 2.6445
64.0000 2.5625
65.0000 2.5658
66.0000 2.5004
67.0000 2.4259
68.0000 2.3869
69.0000 2.2913
70.0000 2.1917
71.0000 2.2093
72.0000 2.1899
73.0000 2.1185
74.0000 2.0196
75.0000 1.9258
76.0000 1.9210
77.0000 1.9434
78.0000 1.8856
79.0000 1.8233
80.0000 1.7382
81.0000 1.6626
82.0000 1.5647
83.0000 1.4650
84.0000 1.3702
85.0000 1.2993
86.0000 1.2163
87.0000 1.1572
88.0000 1.1516
89.0000 1.1983
90.0000 1.2839
91.0000 1.3380
92.0000 1.3374
93.0000 1.4279
94.0000 1.5277
95.0000 1.6275
96.0000 1.7027
97.0000 1.7884
98.0000 1.8123
99.0000 1.8623
100.0000 1.8586
101.0000 1.8419
102.0000 1.8563
103.0000 1.7819
104.0000 1.8453
105.0000 1.9309
106.0000 1.9816
107.0000 2.0065
108.0000 1.9134
109.0000 1.8479
110.0000 1.8037
111.0000 1.7309
112.0000 1.7816
113.0000 1.8644
114.0000 1.9379
115.0000 2.0134
116.0000 2.1067
117.0000 2.1867
118.0000 2.1218
119.0000 2.0887
120.0000 2.0530
121.0000 1.9573
122.0000 1.9217
123.0000 1.8620
124.0000 1.8450
125.0000 1.9060
126.0000 1.9916
127.0000 2.0668
128.0000 2.1668
129.0000 2.2631
130.0000 2.3253
131.0000 2.4146
132.0000 2.5141
133.0000 2.4611
134.0000 2.4128
135.0000 2.4590
136.0000 2.4548
137.0000 2.3714
138.0000 2.2778
139.0000 2.2806
140.0000 2.2753
141.0000 2.2237
142.0000 2.2878
143.0000 2.3793
144.0000 2.3226
145.0000 2.2335
146.0000 2.2376
147.0000 2.2205
148.0000 2.2260
149.0000 2.1419
150.0000 2.0673
