1.0000 2.1874
2.0000 2.0932
3.0000 2.0334
4.0000 2.0791
5.0000 2.1732
6.0000 2.2675
7.0000 2.2322
8.0000 2.1746
9.0000 2.1007
10.0000 2.0395
11.0000 1.9396
12.0000 1.8406
13.0000 1.7834
14.0000 1.7166
15.0000 1.7985
16.0000 1.8891
17.0000 1.9512
18.0000 2.0493
19.0000 2.1492
20.0000 2.1540
21.0000 2.1942
22.0000 2.1356
23.0000 2.1228
24.0000 2.0382
25.0000 1.9480
26.0000 1.9095
27.0000 1.9681
28.0000 1.9471
29.0000 1.9633
30.0000 1.9091
31.0000 1.8097
32.0000 1.7225
33.0000 1.6655
34.0000 1.5911
35.0000 1.5958
36.0000 1.5977
37.0000 1.5140
38.0000 1.5758
39.0000 1.5533
40.0000 1.5862
41.0000 1.6530
42.0000 1.7479
43.0000 1.8333
44.0000 1.9247
45.0000 1.9099
46.0000 2.0044
47.0000 2.0902
48.0000 2.0596
49.0000 2.1199
50.0000 2.0902
51.0000 2.0055
52.0000 1.9528
53.0000 1.9056
54.0000 1.9963
55.0000 2.0945
56.0000 2.1756
57.0000 2.1457
58.0000 2.2036
59.0000 2.1798
60.0000 2.0941
61.0000 2.0974
62.0000 2.0388
63.0000 2.0231
64.0000 2.0275
65.0000 2.0219
66.0000 2.1069
67.0000 2.2012
68.0000 2.1692
69.0000 2.0754
70.0000 2.0760
71.0000 2.0936
72.0000 2.0725
73.0000 2.0695
74.0000 2.0101
75.0000 1.9144
76.0000 1.8251
77.0000 1.7251
78.0000 1.6291
79.0000 1.5427
80.0000 1.4726
81.0000 1.3994
82.0000 1.3473
83.0000 1.2798
84.0000 1.3062
85.0000 1.2130
86.0000 1.1738
87.0000 1.1018
88.0000 1.0326
89.0000 0.9327
90.0000 0.8337
91.0000 0.7337
92.0000 0.6676
93.0000 0.5677
94.0000 0.4685
95.0000 0.3928
96.0000 0.4629
97.0000 0.5620
98.0000 0.6613
99.0000 0.7601
100.0000 0.8601
101.0000 0.9239
102.0000 0.9135
103.0000 0.9974
104.0000 0.9713
105.0000 1.0129
106.0000 1.0478
107.0000 0.9616
108.0000 0.8789
109.0000 0.8136
110.0000 0.8041
111.0000 0.7864
112.0000 0.6869
113.0000 0.6380
114.0000 0.7104
115.0000 0.6932
116.0000 0.6311
117.0000 0.5713
118.0000 0.5961
119.0000 0.6724
120.0000 0.7676
121.0000 0.8542
122.0000 0.9367
123.0000 1.0338
124.0000 1.1081
125.0000 1.1913
126.0000 1.1828
127.0000 1.1787
128.0000 1.2413
129.0000 1.2891
130.0000 1.3890
131.0000 1.4827
132.0000 1.5311
133.0000 1.4933
134.0000 1.5334
135.0000 1.6333
136.0000 1.7303
137.0000 1.8293
138.0000 1.7935
139.0000 1.7630
140.0000 1.8619
141.0000 1.9319
142.0000 1.9851
143.0000 1.9694
144.0000 1.8817
145.0000 1.8939
146.0000 1.9565
147.0000 2.0020
148.0000 2.0574
149.0000 2.1401
150.0000 1.2531
