1.0000 2.1448
2.0000 2.1618
3.0000 2.0685
4.0000 2.0370
5.0000 2.0251
6.0000 1.9772
7.0000 1.9263
8.0000 1.9533
9.0000 1.9427
10.0000 1.9979
11.0000 1.9010
12.0000 1.8338
13.0000 1.8121
14.0000 1.8968
15.0000 1.8138
16.0000 1.7230
17.0000 1.6940
18.0000 1.7190
19.0000 1.8116
20.0000 1.9069
21.0000 1.9453
22.0000 1.9466
23.0000 1.8991
24.0000 1.9459
25.0000 1.9097
26.0000 1.9390
27.0000 1.9936
28.0000 1.9371
29.0000 1.9601
30.0000 1.9911
31.0000 2.0181
32.0000 1.9375
33.0000 1.8987
34.0000 1.8807
35.0000 1.9721
36.0000 1.9327
37.0000 1.8677
38.0000 1.8854
39.0000 1.8691
40.0000 1.9543
41.0000 1.9469
42.0000 1.8471
43.0000 1.9052
44.0000 1.8920
45.0000 1.8965
46.0000 1.9558
47.0000 1.9703
48.0000 2.0703
49.0000 1.9983
50.0000 1.9786
51.0000 1.9591
52.0000 1.9874
53.0000 2.0184
54.0000 2.1171
55.0000 2.0937
56.0000 2.1293
57.0000 2.0983
58.0000 2.1336
59.0000 2.2330
60.0000 2.3313
61.0000 2.3926
62.0000 2.3976
63.0000 2.2987
64.0000 2.1990
65.0000 2.1126
66.0000 2.0127
67.0000 1.9132
68.0000 1.8570
69.0000 1.8093
70.0000 1.8541
71.0000 1.9428
72.0000 2.0416
73.0000 2.1206
74.0000 2.1179
75.0000 2.0363
76.0000 1.9825
77.0000 1.9785
78.0000 1.9021
79.0000 1.8030
80.0000 1.7135
81.0000 1.6279
82.0000 1.5652
83.0000 1.5464
84.0000 1.5226
85.0000 1.4760
86.0000 1.4949
87.0000 1.4158
88.0000 1.3169
89.0000 1.2620
90.0000 1.2512
91.0000 1.2756
92.0000 1.2282
93.0000 1.1827
94.0000 1.1880
95.0000 1.2689
96.0000 1.3360
97.0000 1.4360
98.0000 1.5103
99.0000 1.5817
100.0000 1.5966
101.0000 1.6021
102.0000 1.5027
103.0000 1.5699
104.0000 1.5898
105.0000 1.5666
106.0000 1.4962
107.0000 1.4153
108.0000 1.3862
109.0000 1.2913
110.0000 1.2081
111.0000 1.2607
112.0000 1.2408
113.0000 1.2710
114.0000 1.3323
115.0000 1.4309
116.0000 1.5304
117.0000 1.6304
118.0000 1.7286
119.0000 1.7661
120.0000 1.8491
121.0000 1.9436
122.0000 2.0354
123.0000 2.1354
124.0000 2.1614
125.0000 2.2043
126.0000 2.1919
127.0000 2.0929
128.0000 1.9934
129.0000 1.9671
130.0000 1.9459
131.0000 1.9210
132.0000 1.8446
133.0000 1.7551
134.0000 1.6767
135.0000 1.6379
136.0000 1.5714
137.0000 1.4719
138.0000 1.4064
139.0000 1.4302
140.0000 1.4536
141.0000 1.5509
142.0000 1.6302
143.0000 1.5578
144.0000 1.5987
145.0000 1.6821
146.0000 1.6748
147.0000 1.6292
148.0000 1.5977
149.0000 1.5303
150.0000 1.4632
