1.0000 2.1399
2.0000 2.0501
3.0000 2.1019
4.0000 2.0972
5.0000 2.1105
6.0000 2.2042
7.0000 2.2590
8.0000 2.3544
9.0000 2.4310
10.0000 2.4838
11.0000 2.5555
12.0000 2.5328
13.0000 2.4415
14.0000 2.4184
15.0000 2.4691
16.0000 2.4860
17.0000 2.4333
18.0000 2.3377
19.0000 2.3223
20.0000 2.3290
21.0000 2.3120
22.0000 2.3245
23.0000 2.2432
24.0000 2.1538
25.0000 2.0784
26.0000 2.0134
27.0000 1.9245
28.0000 1.8686
29.0000 1.7764
30.0000 1.7958
31.0000 1.7366
32.0000 1.7782
33.0000 1.8633
34.0000 1.9595
35.0000 2.0390
36.0000 2.1155
37.0000 2.0340
38.0000 1.9387
39.0000 1.8454
40.0000 1.7539
41.0000 1.6762
42.0000 1.5911
43.0000 1.5253
44.0000 1.4945
45.0000 1.4029
46.0000 1.4493
47.0000 1.4998
48.0000 1.4844
49.0000 1.5553
50.0000 1.5667
51.0000 1.4792
52.0000 1.3953
53.0000 1.3042
54.0000 1.2845
55.0000 1.2951
56.0000 1.3936
57.0000 1.4875
58.0000 1.5804
59.0000 1.6779
60.0000 1.7451
61.0000 1.8448
62.0000 1.9448
63.0000 1.9975
64.0000 2.0266
65.0000 2.1210
66.0000 2.1172
67.0000 2.0632
68.0000 1.9850
69.0000 1.8857
70.0000 1.7862
71.0000 1.7546
72.0000 1.6946
73.0000 1.6291
74.0000 1.5718
75.0000 1.5388
76.0000 1.6353
77.0000 1.6192
78.0000 1.5468
79.0000 1.5398
80.0000 1.6389
81.0000 1.7020
82.0000 1.7229
83.0000 1.7011
84.0000 1.6203
85.0000 1.5204
86.0000 1.4453
87.0000 1.4542
88.0000 1.5359
89.0000 1.6279
90.0000 1.6765
91.0000 1.7575
92.0000 1.7428
93.0000 1.8347
94.0000 1.8024
95.0000 1.7029
96.0000 1.6310
97.0000 1.6770
98.0000 1.7768
99.0000 1.8646
100.0000 1.9349
101.0000 1.9940
102.0000 1.9864
103.0000 1.9133
104.0000 1.8552
105.0000 1.7554
106.0000 1.7212
107.0000 1.7381
108.0000 1.7818
109.0000 1.8812
110.0000 1.9812
111.0000 2.0624
112.0000 2.1211
113.0000 2.1788
114.0000 2.1796
115.0000 2.2687
116.0000 2.3593
117.0000 2.4576
118.0000 2.5329
119.0000 2.4521
120.0000 2.3933
121.0000 2.4366
122.0000 2.3450
123.0000 2.2963
124.0000 2.3199
125.0000 2.3041
126.0000 2.2100
127.0000 2.2617
128.0000 2.3616
129.0000 2.4415
130.0000 2.4612
131.0000 2.4366
132.0000 2.3978
133.0000 2.4942
134.0000 2.5053
135.0000 2.4921
136.0000 2.4436
137.0000 2.4577
138.0000 2.4923
139.0000 2.3929
140.0000 2.2930
141.0000 2.2505
142.0000 2.1763
143.0000 2.1772
144.0000 2.1539
145.0000 2.0547
146.0000 1.9605
147.0000 1.8709
148.0000 1.8231
149.0000 1.8757
150.0000 1.9123
