1.0000 2.1400
2.0000 2.0919
3.0000 2.0301
4.0000 1.9680
5.0000 2.0200
6.0000 2.0594
7.0000 2.0020
8.0000 1.9105
9.0000 1.8755
10.0000 1.9324
11.0000 1.9864
12.0000 1.9298
13.0000 1.8308
14.0000 1.7313
15.0000 1.6315
16.0000 1.5374
17.0000 1.5736
18.0000 1.5934
19.0000 1.6012
20.0000 1.5327
21.0000 1.4655
22.0000 1.5316
23.0000 1.6036
24.0000 1.6783
25.0000 1.7280
26.0000 1.6963
27.0000 1.6561
28.0000 1.6338
29.0000 1.5358
30.0000 1.4367
31.0000 1.3571
32.0000 1.2624
33.0000 1.2381
34.0000 1.2896
35.0000 1.2661
36.0000 1.3319
37.0000 1.4316
38.0000 1.5047
39.0000 1.5272
40.0000 1.4696
41.0000 1.4196
42.0000 1.4715
43.0000 1.5514
44.0000 1.5859
45.0000 1.5726
46.0000 1.5496
47.0000 1.5562
48.0000 1.4951
49.0000 1.4048
50.0000 1.5018
51.0000 1.5997
52.0000 1.5709
53.0000 1.5550
54.0000 1.5004
55.0000 1.5092
56.0000 1.5566
57.0000 1.4683
58.0000 1.4221
59.0000 1.3839
60.0000 1.3726
61.0000 1.3053
62.0000 1.3637
63.0000 1.4587
64.0000 1.5482
65.0000 1.6482
66.0000 1.6737
67.0000 1.5867
68.0000 1.4988
69.0000 1.4267
70.0000 1.3623
71.0000 1.2630
72.0000 1.1670
73.0000 1.0680
74.0000 1.0086
75.0000 0.9562
76.0000 0.9113
77.0000 0.8153
78.0000 0.8204
79.0000 0.8183
80.0000 0.8530
81.0000 0.8253
82.0000 0.8728
83.0000 0.9354
84.0000 1.0153
85.0000 1.1033
86.0000 1.1645
87.0000 1.2638
88.0000 1.3417
89.0000 1.3382
90.0000 1.3862
91.0000 1.4708
92.0000 1.5139
93.0000 1.5100
94.0000 1.4865
95.0000 1.4861
96.0000 1.3922
97.0000 1.2923
98.0000 1.2042
99.0000 1.1301
100.0000 1.0310
101.0000 1.0906
102.0000 1.1839
103.0000 1.2829
104.0000 1.3795
105.0000 1.4749
106.0000 1.5699
107.0000 1.6679
108.0000 1.7638
109.0000 1.7317
110.0000 1.6952
111.0000 1.5956
112.0000 1.5846
113.0000 1.6059
114.0000 1.5565
115.0000 1.5123
116.0000 1.4201
117.0000 1.3646
118.0000 1.3723
119.0000 1.3371
120.0000 1.3268
121.0000 1.3572
122.0000 1.2915
123.0000 1.2186
124.0000 1.1217
125.0000 1.0955
126.0000 1.1734
127.0000 1.2718
128.0000 1.2877
129.0000 1.2089
130.0000 1.1099
131.0000 1.0129
132.0000 0.9298
133.0000 0.8299
134.0000 0.7306
135.0000 0.7193
136.0000 0.8160
137.0000 0.8934
138.0000 0.9726
139.0000 1.0722
140.0000 1.1681
141.0000 1.2593
142.0000 1.3512
143.0000 1.4310
144.0000 1.4657
145.0000 1.5287
146.0000 1.6176
147.0000 1.7158
148.0000 1.7494
149.0000 1.8478
150.0000 1.9401
