1.0000 2.1526
2.0000 2.0556
3.0000 2.0818
4.0000 2.1080
5.0000 2.0434
6.0000 2.0244
7.0000 2.0051
8.0000 2.1002
9.0000 2.1920
10.0000 2.2390
11.0000 2.3032
12.0000 2.3178
13.0000 2.3690
14.0000 2.4012
15.0000 2.4332
16.0000 2.4716
17.0000 2.5061
18.0000 2.5733
19.0000 2.6469
20.0000 2.7091
21.0000 2.8076
22.0000 2.7563
23.0000 2.6609
24.0000 2.5653
25.0000 2.4655
26.0000 2.3782
27.0000 2.3089
28.0000 2.2670
29.0000 2.3158
30.0000 2.3549
31.0000 2.4427
32.0000 2.4008
33.0000 2.3476
34.0000 2.2889
35.0000 2.2163
36.0000 2.2566
37.0000 2.1859
38.0000 2.2063
39.0000 2.1287
40.0000 2.0884
41.0000 2.0244
42.0000 1.9357
43.0000 1.8785
44.0000 1.9092
45.0000 1.9494
46.0000 1.9810
47.0000 2.0314
48.0000 2.0655
49.0000 2.0606
50.0000 1.9971
51.0000 1.9148
52.0000 1.8837
53.0000 1.8579
54.0000 1.9525
55.0000 2.0131
56.0000 1.9226
57.0000 1.8880
58.0000 1.9444
59.0000 1.9657
60.0000 2.0653
61.0000 2.0524
62.0000 1.9831
63.0000 1.9470
64.0000 1.8660
65.0000 1.7893
66.0000 1.7834
67.0000 1.8821
68.0000 1.9559
69.0000 2.0527
70.0000 2.0967
71.0000 2.0347
72.0000 1.9545
73.0000 1.9457
74.0000 2.0045
75.0000 2.0741
76.0000 2.1691
77.0000 2.2305
78.0000 2.2533
79.0000 2.2157
80.0000 2.1273
81.0000 2.0709
82.0000 1.9788
83.0000 1.9952
84.0000 1.9344
85.0000 2.0044
86.0000 2.1013
87.0000 2.1393
88.0000 2.2390
89.0000 2.2899
90.0000 2.2029
91.0000 2.1651
92.0000 2.2358
93.0000 2.3235
94.0000 2.3533
95.0000 2.3146
96.0000 2.2284
97.0000 2.1299
98.0000 2.0305
99.0000 2.0552
100.0000 2.1537
101.0000 2.2502
102.0000 2.2399
103.0000 2.3023
104.0000 2.2196
105.0000 2.1582
106.0000 2.1328
107.0000 2.0764
108.0000 1.9765
109.0000 1.9823
110.0000 1.9288
111.0000 1.8696
112.0000 1.9186
113.0000 2.0183
114.0000 2.0867
115.0000 2.1669
116.0000 2.2627
117.0000 2.3211
118.0000 2.3231
119.0000 2.2949
120.0000 2.3032
121.0000 2.3856
122.0000 2.3854
123.0000 2.3966
124.0000 2.4889
125.0000 2.5494
126.0000 2.5887
127.0000 2.6588
128.0000 2.7373
129.0000 2.7688
130.0000 2.7268
131.0000 2.6529
132.0000 2.6297
133.0000 2.6002
134.0000 2.5307
135.0000 2.4473
136.0000 2.3478
137.0000 2.2553
138.0000 2.2539
139.0000 2.1561
140.0000 2.0664
141.0000 1.9666
142.0000 1.8727
143.0000 1.8584
144.0000 1.7660
145.0000 1.6742
146.0000 1.5925
147.0000 1.5600
148.0000 1.4711
149.0000 1.4139
150.0000 1.3742
