1.0000 2.2819
2.0000 2.2715
3.0000 2.1779
4.0000 2.1347
5.0000 2.0976
6.0000 2.0640
7.0000 2.0195
8.0000 2.0151
9.0000 1.9901
10.0000 1.9417
11.0000 1.9570
12.0000 1.9717
13.0000 1.9542
14.0000 1.8965
15.0000 1.8346
16.0000 1.8420
17.0000 1.8199
18.0000 1.7544
19.0000 1.6544
20.0000 1.6618
21.0000 1.7566
22.0000 1.8566
23.0000 1.9420
24.0000 2.0405
25.0000 2.1187
26.0000 2.1745
27.0000 2.0746
28.0000 1.9756
29.0000 1.9136
30.0000 1.9640
31.0000 2.0637
32.0000 2.1636
33.0000 2.2144
34.0000 2.2360
35.0000 2.2327
36.0000 2.1621
37.0000 2.0802
38.0000 1.9871
39.0000 2.0061
40.0000 1.9761
41.0000 1.9008
42.0000 1.8712
43.0000 1.8058
44.0000 1.8415
45.0000 1.8601
46.0000 1.7744
47.0000 1.6773
48.0000 1.5801
49.0000 1.5729
50.0000 1.5081
51.0000 1.4296
52.0000 1.3354
53.0000 1.2479
54.0000 1.1492
55.0000 1.0542
56.0000 0.9611
57.0000 0.9752
58.0000 1.0510
59.0000 1.1244
60.0000 1.2241
61.0000 1.3216
62.0000 1.4181
63.0000 1.3836
64.0000 1.3400
65.0000 1.3408
66.0000 1.3638
67.0000 1.3164
68.0000 1.2444
69.0000 1.2447
70.0000 1.1473
71.0000 1.0512
72.0000 0.9530
73.0000 1.0322
74.0000 1.1227
75.0000 1.0604
76.0000 1.0981
77.0000 1.1436
78.0000 1.0723
79.0000 1.0415
80.0000 1.0695
81.0000 0.9743
82.0000 0.8920
83.0000 0.8081
84.0000 0.7446
85.0000 0.7921
86.0000 0.8918
87.0000 0.9748
88.0000 0.8896
89.0000 0.8930
90.0000 0.9904
91.0000 1.0194
92.0000 0.9929
93.0000 0.9230
94.0000 0.8537
95.0000 0.8440
96.0000 0.9227
97.0000 0.9614
98.0000 1.0560
99.0000 1.0989
100.0000 1.1706
101.0000 1.2692
102.0000 1.3650
103.0000 1.4455
104.0000 1.3939
105.0000 1.4426
106.0000 1.4715
107.0000 1.4869
108.0000 1.5162
109.0000 1.5759
110.0000 1.6693
111.0000 1.7488
112.0000 1.8343
113.0000 1.8048
114.0000 1.7167
115.0000 1.6270
116.0000 1.5431
117.0000 1.4734
118.0000 1.4628
119.0000 1.5585
120.0000 1.6482
121.0000 1.6363
122.0000 1.6123
123.0000 1.5142
124.0000 1.4354
125.0000 1.4612
126.0000 1.4610
127.0000 1.4601
128.0000 1.5326
129.0000 1.6269
130.0000 1.6924
131.0000 1.7109
132.0000 1.7882
133.0000 1.7778
134.0000 1.8491
135.0000 1.9345
136.0000 1.9848
137.0000 2.0575
138.0000 2.1531
139.0000 2.2530
140.0000 2.3488
141.0000 2.3852
142.0000 2.3513
143.0000 2.3376
144.0000 2.2748
145.0000 2.1775
146.0000 2.1377
147.0000 2.1883
148.0000 2.2836
149.0000 2.3126
150.0000 2.4033
