1.0000 2.2000
2.0000 2.2343
3.0000 2.2124
4.0000 2.2206
5.0000 2.2390
6.0000 2.2430
7.0000 2.1615
8.0000 2.0891
9.0000 2.1314
10.0000 2.2282
11.0000 2.2795
12.0000 2.3768
13.0000 2.3536
14.0000 2.3870
15.0000 2.3423
16.0000 2.2442
17.0000 2.3111
18.0000 2.2507
19.0000 2.2551
20.0000 2.2244
21.0000 2.1899
22.0000 2.0907
23.0000 2.0410
24.0000 1.9417
25.0000 1.8560
26.0000 1.8746
27.0000 1.9222
28.0000 2.0179
29.0000 2.1031
30.0000 2.1252
31.0000 2.1665
32.0000 2.0943
33.0000 1.9999
34.0000 1.9518
35.0000 1.8597
36.0000 1.8283
37.0000 1.7443
38.0000 1.6910
39.0000 1.5915
40.0000 1.5096
41.0000 1.4344
42.0000 1.3489
43.0000 1.2815
44.0000 1.2198
45.0000 1.1857
46.0000 1.1516
47.0000 1.0519
48.0000 0.9520
49.0000 0.9885
50.0000 0.9902
51.0000 1.0500
52.0000 1.1298
53.0000 1.2245
54.0000 1.3151
55.0000 1.3979
56.0000 1.4895
57.0000 1.4758
58.0000 1.4845
59.0000 1.5513
60.0000 1.6366
61.0000 1.7200
62.0000 1.7793
63.0000 1.7921
64.0000 1.8228
65.0000 1.7775
66.0000 1.7783
67.0000 1.6880
68.0000 1.6000
69.0000 1.5078
70.0000 1.4386
71.0000 1.4530
72.0000 1.3707
73.0000 1.2925
74.0000 1.2246
75.0000 1.1285
76.0000 1.0286
77.0000 0.9316
78.0000 0.8348
79.0000 0.8166
80.0000 0.8930
81.0000 0.9654
82.0000 1.0601
83.0000 1.1600
84.0000 1.2557
85.0000 1.2287
86.0000 1.2022
87.0000 1.1214
88.0000 1.1175
89.0000 1.1679
90.0000 1.2476
91.0000 1.3031
92.0000 1.2410
93.0000 1.1626
94.0000 1.1334
95.0000 1.1322
96.0000 1.0561
97.0000 1.0071
98.0000 0.9170
99.0000 0.8173
100.0000 0.7198
101.0000 0.6394
102.0000 0.5531
103.0000 0.4942
104.0000 0.3945
105.0000 0.4274
106.0000 0.4373
107.0000 0.5370
108.0000 0.6341
109.0000 0.7259
110.0000 0.8099
111.0000 0.9084
112.0000 0.9157
113.0000 0.9974
114.0000 1.0884
115.0000 1.1855
116.0000 1.2456
117.0000 1.3378
118.0000 1.4326
119.0000 1.5001
120.0000 1.5870
121.0000 1.6777
122.0000 1.7716
123.0000 1.8289
124.0000 1.7663
125.0000 1.6798
126.0000 1.5833
127.0000 1.4921
128.0000 1.4260
129.0000 1.3260
130.0000 1.3157
131.0000 1.2185
132.0000 1.1187
133.0000 1.0284
134.0000 0.9287
135.0000 0.8385
136.0000 0.7617
137.0000 0.7505
138.0000 0.6988
139.0000 0.6353
140.0000 0.6656
141.0000 0.5683
142.0000 0.4838
143.0000 0.4600
144.0000 0.3936
145.0000 0.4668
146.0000 0.4748
147.0000 0.3764
148.0000 0.2919
149.0000 0.2250
150.0000 0.2815
