1.0000 2.1462
2.0000 2.1598
3.0000 2.0934
4.0000 2.1173
5.0000 2.0600
6.0000 1.9650
7.0000 1.8650
8.0000 1.7915
9.0000 1.6993
10.0000 1.5993
11.0000 1.5091
12.0000 1.4098
13.0000 1.3099
14.0000 1.2146
15.0000 1.1170
16.0000 1.0276
17.0000 0.9461
18.0000 0.8588
19.0000 0.7636
20.0000 0.6666
21.0000 0.5739
22.0000 0.6212
23.0000 0.7176
24.0000 0.8174
25.0000 0.9119
26.0000 0.9840
27.0000 1.0487
28.0000 1.1158
29.0000 1.1665
30.0000 1.1978
31.0000 1.2977
32.0000 1.3975
33.0000 1.4340
34.0000 1.4015
35.0000 1.3024
36.0000 1.2518
37.0000 1.2398
38.0000 1.3326
39.0000 1.4147
40.0000 1.5098
41.0000 1.5624
42.0000 1.4843
43.0000 1.4106
44.0000 1.3584
45.0000 1.3027
46.0000 1.2289
47.0000 1.2756
48.0000 1.3620
49.0000 1.3937
50.0000 1.3198
51.0000 1.3250
52.0000 1.3367
53.0000 1.2703
54.0000 1.1753
55.0000 1.1618
56.0000 1.1865
57.0000 1.0983
58.0000 0.9989
59.0000 0.9208
60.0000 0.8288
61.0000 0.7407
62.0000 0.7338
63.0000 0.8310
64.0000 0.7831
65.0000 0.7643
66.0000 0.6645
67.0000 0.6766
68.0000 0.6482
69.0000 0.5680
70.0000 0.4766
71.0000 0.4670
72.0000 0.5349
73.0000 0.6005
74.0000 0.6666
75.0000 0.7666
76.0000 0.8578
77.0000 0.9324
78.0000 0.9296
79.0000 0.9762
80.0000 1.0759
81.0000 1.1641
82.0000 1.2587
83.0000 1.3584
84.0000 1.4389
85.0000 1.5315
86.0000 1.6136
87.0000 1.7089
88.0000 1.7359
89.0000 1.7421
90.0000 1.8419
91.0000 1.9398
92.0000 2.0397
93.0000 2.0730
94.0000 2.0056
95.0000 1.9592
96.0000 1.8985
97.0000 1.8559
98.0000 1.7753
99.0000 1.6775
100.0000 1.6004
101.0000 1.5273
102.0000 1.4475
103.0000 1.4822
104.0000 1.4961
105.0000 1.4066
106.0000 1.3761
107.0000 1.3906
108.0000 1.3217
109.0000 1.3156
110.0000 1.2660
111.0000 1.1817
112.0000 1.1000
113.0000 1.1071
114.0000 1.2071
115.0000 1.2959
116.0000 1.3062
117.0000 1.3705
118.0000 1.3696
119.0000 1.2751
120.0000 1.1833
121.0000 1.1001
122.0000 1.0069
123.0000 0.9239
124.0000 0.8547
125.0000 0.7571
126.0000 0.6978
127.0000 0.7977
128.0000 0.8975
129.0000 0.9950
130.0000 1.0891
131.0000 1.0283
132.0000 0.9682
133.0000 0.9470
134.0000 0.9272
135.0000 0.8538
136.0000 0.7591
137.0000 0.7456
138.0000 0.6565
139.0000 0.5577
140.0000 0.5306
141.0000 0.5296
142.0000 0.5230
143.0000 0.4777
144.0000 0.4623
145.0000 0.3799
146.0000 0.2821
147.0000 0.1987
148.0000 0.1412
149.0000 0.1230
150.0000 0.1088
