1.0000 2.2767
2.0000 2.2394
3.0000 2.1790
4.0000 2.2020
5.0000 2.1202
6.0000 2.0271
7.0000 1.9280
8.0000 1.8296
9.0000 1.7368
10.0000 1.6376
11.0000 1.5433
12.0000 1.4932
13.0000 1.4124
14.0000 1.3128
15.0000 1.2218
16.0000 1.1407
17.0000 1.1534
18.0000 1.2396
19.0000 1.3383
20.0000 1.4378
21.0000 1.5371
22.0000 1.5290
23.0000 1.5113
24.0000 1.5973
25.0000 1.5658
26.0000 1.6352
27.0000 1.7286
28.0000 1.8285
29.0000 1.9285
30.0000 1.9990
31.0000 2.0327
32.0000 2.0708
33.0000 2.0477
34.0000 2.1385
35.0000 2.2076
36.0000 2.2874
37.0000 2.3795
38.0000 2.4031
39.0000 2.3752
40.0000 2.3457
41.0000 2.3015
42.0000 2.2828
43.0000 2.2047
44.0000 2.2315
45.0000 2.1436
46.0000 2.0572
47.0000 1.9610
48.0000 1.9370
49.0000 2.0352
50.0000 2.0498
51.0000 2.0900
52.0000 2.0130
53.0000 1.9652
54.0000 1.9607
55.0000 1.9179
56.0000 1.9506
57.0000 2.0173
58.0000 2.0238
59.0000 2.0059
60.0000 1.9834
61.0000 2.0784
62.0000 2.1069
63.0000 2.0663
64.0000 1.9921
65.0000 1.8959
66.0000 1.8329
67.0000 1.8873
68.0000 1.9873
69.0000 1.9902
70.0000 1.9037
71.0000 1.9426
72.0000 1.9880
73.0000 1.9238
74.0000 1.8481
75.0000 1.8920
76.0000 1.9643
77.0000 1.9497
78.0000 1.9811
79.0000 2.0784
80.0000 2.0205
81.0000 1.9719
82.0000 1.9507
83.0000 1.9477
84.0000 1.8949
85.0000 1.7952
86.0000 1.7154
87.0000 1.6194
88.0000 1.5527
89.0000 1.5229
90.0000 1.4298
91.0000 1.3687
92.0000 1.3205
93.0000 1.3516
94.0000 1.3325
95.0000 1.3334
96.0000 1.2601
97.0000 1.2519
98.0000 1.3309
99.0000 1.3942
100.0000 1.4578
101.0000 1.4993
102.0000 1.4816
103.0000 1.4722
104.0000 1.5602
105.0000 1.5805
106.0000 1.5353
107.0000 1.5304
108.0000 1.4457
109.0000 1.4020
110.0000 1.4993
111.0000 1.4014
112.0000 1.3652
113.0000 1.3897
114.0000 1.4839
115.0000 1.4691
116.0000 1.3800
117.0000 1.2859
118.0000 1.1963
119.0000 1.1031
120.0000 1.0031
121.0000 0.9123
122.0000 0.8234
123.0000 0.7517
124.0000 0.7096
125.0000 0.7070
126.0000 0.7252
127.0000 0.8251
128.0000 0.8868
129.0000 0.8941
130.0000 0.9679
131.0000 1.0588
132.0000 1.1586
133.0000 1.2206
134.0000 1.3158
135.0000 1.2741
136.0000 1.2553
137.0000 1.2717
138.0000 1.3448
139.0000 1.4226
140.0000 1.4623
141.0000 1.5210
142.0000 1.5718
143.0000 1.6715
144.0000 1.7334
145.0000 1.7801
146.0000 1.6954
147.0000 1.5954
148.0000 1.5127
149.0000 1.4228
150.0000 1.3238
