1.0000 2.1822
2.0000 2.2483
3.0000 2.1672
4.0000 2.1115
5.0000 2.0746
6.0000 2.0037
7.0000 1.9446
8.0000 1.8593
9.0000 1.9003
10.0000 1.8708
11.0000 1.8560
12.0000 1.7745
13.0000 1.7929
14.0000 1.8505
15.0000 1.9474
16.0000 2.0434
17.0000 2.0948
18.0000 2.0119
19.0000 1.9120
20.0000 1.8516
21.0000 1.7533
22.0000 1.7259
23.0000 1.7495
24.0000 1.6506
25.0000 1.5600
26.0000 1.4888
27.0000 1.4682
28.0000 1.4005
29.0000 1.3049
30.0000 1.3768
31.0000 1.4436
32.0000 1.5412
33.0000 1.5172
34.0000 1.5650
35.0000 1.6094
36.0000 1.5847
37.0000 1.6656
38.0000 1.7625
39.0000 1.8584
40.0000 1.9378
41.0000 2.0233
42.0000 1.9866
43.0000 1.9001
44.0000 1.8095
45.0000 1.7333
46.0000 1.7121
47.0000 1.6241
48.0000 1.5542
49.0000 1.5589
50.0000 1.5623
51.0000 1.5451
52.0000 1.5118
53.0000 1.5590
54.0000 1.6295
55.0000 1.7067
56.0000 1.8066
57.0000 1.9066
58.0000 1.8854
59.0000 1.8247
60.0000 1.7265
61.0000 1.6273
62.0000 1.5967
63.0000 1.6065
64.0000 1.7052
65.0000 1.7436
66.0000 1.8020
67.0000 1.8259
68.0000 1.8264
69.0000 1.8271
70.0000 1.7821
71.0000 1.7704
72.0000 1.7322
73.0000 1.7757
74.0000 1.7881
75.0000 1.8212
76.0000 1.8009
77.0000 1.7247
78.0000 1.6271
79.0000 1.5310
80.0000 1.5732
81.0000 1.6175
82.0000 1.6445
83.0000 1.5460
84.0000 1.4660
85.0000 1.4223
86.0000 1.3664
87.0000 1.3745
88.0000 1.2781
89.0000 1.2122
90.0000 1.1381
91.0000 1.2322
92.0000 1.3322
93.0000 1.4217
94.0000 1.5217
95.0000 1.6216
96.0000 1.7210
97.0000 1.7627
98.0000 1.8029
99.0000 1.9011
100.0000 1.8325
101.0000 1.7599
102.0000 1.6799
103.0000 1.5833
104.0000 1.4834
105.0000 1.3880
106.0000 1.4149
107.0000 1.4750
108.0000 1.5198
109.0000 1.5311
110.0000 1.5609
111.0000 1.5598
112.0000 1.4735
113.0000 1.3783
114.0000 1.2783
115.0000 1.1813
116.0000 1.0849
117.0000 0.9871
118.0000 0.9970
119.0000 1.0095
120.0000 1.0564
121.0000 1.0326
122.0000 0.9427
123.0000 0.8485
124.0000 0.7655
125.0000 0.6656
126.0000 0.6046
127.0000 0.5893
128.0000 0.6211
129.0000 0.7040
130.0000 0.7790
131.0000 0.8779
132.0000 0.9125
133.0000 0.9746
134.0000 0.9759
135.0000 0.9809
136.0000 0.9612
137.0000 1.0291
138.0000 0.9870
139.0000 1.0057
140.0000 0.9505
141.0000 0.9899
142.0000 1.0300
143.0000 1.1258
144.0000 1.1902
145.0000 1.2152
146.0000 1.1703
147.0000 1.1681
148.0000 1.2454
149.0000 1.3392
150.0000 1.4305
