1.0000 2.1529
2.0000 2.0632
3.0000 1.9727
4.0000 1.8745
5.0000 1.7749
6.0000 1.7422
7.0000 1.6470
8.0000 1.5478
9.0000 1.4835
10.0000 1.5673
11.0000 1.6479
12.0000 1.7321
13.0000 1.8293
14.0000 1.8514
15.0000 1.8604
16.0000 1.9203
17.0000 2.0184
18.0000 2.0883
19.0000 2.0632
20.0000 2.1545
21.0000 2.1097
22.0000 2.1805
23.0000 2.1679
24.0000 2.0752
25.0000 1.9761
26.0000 1.9880
27.0000 2.0879
28.0000 2.1832
29.0000 2.2572
30.0000 2.1779
31.0000 2.1595
32.0000 2.1356
33.0000 2.0523
34.0000 2.0365
35.0000 2.0265
36.0000 1.9266
37.0000 1.9277
38.0000 2.0201
39.0000 2.0199
40.0000 2.0069
41.0000 2.0931
42.0000 2.0748
43.0000 2.0480
44.0000 2.0762
45.0000 2.0994
46.0000 2.0027
47.0000 1.9125
48.0000 1.8361
49.0000 1.7761
50.0000 1.7097
51.0000 1.8049
52.0000 1.9042
53.0000 2.0013
54.0000 2.0983
55.0000 2.1619
56.0000 2.1409
57.0000 2.0418
58.0000 1.9893
59.0000 1.9172
60.0000 1.8234
61.0000 1.7340
62.0000 1.6536
63.0000 1.5587
64.0000 1.4743
65.0000 1.4055
66.0000 1.4026
67.0000 1.3677
68.0000 1.2965
69.0000 1.2362
70.0000 1.1994
71.0000 1.1800
72.0000 1.1556
73.0000 1.1194
74.0000 1.0325
75.0000 0.9340
76.0000 0.8631
77.0000 0.7720
78.0000 0.7798
79.0000 0.8156
80.0000 0.7255
81.0000 0.6257
82.0000 0.5525
83.0000 0.5006
84.0000 0.5410
85.0000 0.4410
86.0000 0.3474
87.0000 0.2535
88.0000 0.2379
89.0000 0.3324
90.0000 0.4147
91.0000 0.3712
92.0000 0.3857
93.0000 0.3746
94.0000 0.4282
95.0000 0.4671
96.0000 0.5237
97.0000 0.5979
98.0000 0.5668
99.0000 0.4702
100.0000 0.4187
101.0000 0.3401
102.0000 0.4318
103.0000 0.5299
104.0000 0.6283
105.0000 0.7126
106.0000 0.7721
107.0000 0.8131
108.0000 0.7924
109.0000 0.7043
110.0000 0.6069
111.0000 0.5086
112.0000 0.4327
113.0000 0.3341
114.0000 0.2624
115.0000 0.2931
116.0000 0.3186
117.0000 0.3557
118.0000 0.3276
119.0000 0.2974
120.0000 0.3607
121.0000 0.4437
122.0000 0.4959
123.0000 0.4348
124.0000 0.5344
125.0000 0.6182
126.0000 0.7110
127.0000 0.8091
128.0000 0.8787
129.0000 0.9748
130.0000 1.0511
131.0000 1.0119
132.0000 1.0998
133.0000 1.1497
134.0000 1.0618
135.0000 1.0390
136.0000 1.0319
137.0000 1.0402
138.0000 1.0907
139.0000 1.1352
140.0000 1.1883
141.0000 1.2435
142.0000 1.2650
143.0000 1.3205
144.0000 1.3937
145.0000 1.3587
146.0000 1.3999
147.0000 1.4887
148.0000 1.5807
149.0000 1.5771
150.0000 1.5357
