1.0000 2.2287
2.0000 2.1479
3.0000 2.0505
4.0000 1.9650
5.0000 1.8797
6.0000 1.8466
7.0000 1.9147
8.0000 1.9557
9.0000 2.0555
10.0000 2.1283
11.0000 2.1635
12.0000 2.2315
13.0000 2.2712
14.0000 2.3508
15.0000 2.4508
16.0000 2.3711
17.0000 2.2789
18.0000 2.2315
19.0000 2.2770
20.0000 2.2919
21.0000 2.2356
22.0000 2.1441
23.0000 2.1356
24.0000 2.0639
25.0000 2.0237
26.0000 2.1234
27.0000 2.2071
28.0000 2.3032
29.0000 2.3610
30.0000 2.3787
31.0000 2.3801
32.0000 2.4628
33.0000 2.5582
34.0000 2.6443
35.0000 2.6687
36.0000 2.7256
37.0000 2.8059
38.0000 2.8117
39.0000 2.7423
40.0000 2.6909
41.0000 2.5963
42.0000 2.6506
43.0000 2.6368
44.0000 2.7368
45.0000 2.8323
46.0000 2.8047
47.0000 2.8446
48.0000 2.7755
49.0000 2.7732
50.0000 2.7736
51.0000 2.8107
52.0000 2.7820
53.0000 2.7151
54.0000 2.7224
55.0000 2.7241
56.0000 2.8206
57.0000 2.8123
58.0000 2.7274
59.0000 2.6276
60.0000 2.5542
61.0000 2.6105
62.0000 2.6439
63.0000 2.6814
64.0000 2.6053
65.0000 2.5540
66.0000 2.6491
67.0000 2.7491
68.0000 2.8472
69.0000 2.7952
70.0000 2.6994
71.0000 2.6280
72.0000 2.6180
73.0000 2.5222
74.0000 2.4550
75.0000 2.4577
76.0000 2.5264
77.0000 2.5705
78.0000 2.5812
79.0000 2.6393
80.0000 2.6678
81.0000 2.7411
82.0000 2.8357
83.0000 2.8629
84.0000 2.8262
85.0000 2.8100
86.0000 2.7720
87.0000 2.6809
88.0000 2.6927
89.0000 2.6880
90.0000 2.6148
91.0000 2.6258
92.0000 2.5314
93.0000 2.4657
94.0000 2.3662
95.0000 2.3295
96.0000 2.3926
97.0000 2.3620
98.0000 2.3147
99.0000 2.2169
100.0000 2.2913
101.0000 2.3887
102.0000 2.4657
103.0000 2.4215
104.0000 2.3502
105.0000 2.2502
106.0000 2.2390
107.0000 2.1804
108.0000 2.1264
109.0000 2.1221
110.0000 2.0508
111.0000 1.9729
112.0000 1.9099
113.0000 1.8777
114.0000 1.8179
115.0000 1.7829
116.0000 1.8226
117.0000 1.9107
118.0000 1.9632
119.0000 1.9494
120.0000 1.8543
121.0000 1.7554
122.0000 1.7017
123.0000 1.6077
124.0000 1.5122
125.0000 1.4161
126.0000 1.3750
127.0000 1.2751
128.0000 1.1917
129.0000 1.0918
130.0000 0.9963
131.0000 0.9272
132.0000 0.9494
133.0000 0.9893
134.0000 0.8899
135.0000 0.8067
136.0000 0.8495
137.0000 0.9328
138.0000 1.0043
139.0000 1.1033
140.0000 1.2031
141.0000 1.2937
142.0000 1.2927
143.0000 1.1927
144.0000 1.1746
145.0000 1.0769
146.0000 1.0621
147.0000 1.0374
148.0000 1.1193
149.0000 1.1940
150.0000 1.2284
