1.0000 2.1718
2.0000 2.0910
3.0000 1.9989
4.0000 1.9002
5.0000 1.8259
6.0000 1.7629
7.0000 1.8523
8.0000 1.8873
9.0000 1.9261
10.0000 2.0255
11.0000 2.0240
12.0000 1.9704
13.0000 1.8843
14.0000 1.7957
15.0000 1.7060
16.0000 1.6076
17.0000 1.5081
18.0000 1.4569
19.0000 1.5090
20.0000 1.5719
21.0000 1.6535
22.0000 1.7457
23.0000 1.7493
24.0000 1.7656
25.0000 1.7456
26.0000 1.6516
27.0000 1.5565
28.0000 1.4791
29.0000 1.3953
30.0000 1.4257
31.0000 1.4108
32.0000 1.4013
33.0000 1.4303
34.0000 1.5216
35.0000 1.6215
36.0000 1.6884
37.0000 1.7511
38.0000 1.8511
39.0000 1.9391
40.0000 1.9502
41.0000 1.9490
42.0000 2.0296
43.0000 2.1257
44.0000 2.2256
45.0000 2.3050
46.0000 2.4039
47.0000 2.3949
48.0000 2.4148
49.0000 2.3186
50.0000 2.2187
51.0000 2.1551
52.0000 2.2094
53.0000 2.2398
54.0000 2.3391
55.0000 2.4069
56.0000 2.3553
57.0000 2.2786
58.0000 2.2033
59.0000 2.1379
60.0000 2.0573
61.0000 1.9574
62.0000 1.8659
63.0000 1.7748
64.0000 1.7068
65.0000 1.6076
66.0000 1.5381
67.0000 1.4414
68.0000 1.3417
69.0000 1.2795
70.0000 1.1799
71.0000 1.0952
72.0000 0.9992
73.0000 0.9101
74.0000 0.8256
75.0000 0.7264
76.0000 0.6488
77.0000 0.5933
78.0000 0.6214
79.0000 0.6140
80.0000 0.6632
81.0000 0.6846
82.0000 0.6510
83.0000 0.5974
84.0000 0.5475
85.0000 0.5980
86.0000 0.6299
87.0000 0.6859
88.0000 0.7835
89.0000 0.8498
90.0000 0.9494
91.0000 1.0338
92.0000 1.1232
93.0000 1.0609
94.0000 1.1446
95.0000 1.1326
96.0000 1.1826
97.0000 1.0936
98.0000 0.9971
99.0000 0.9177
100.0000 0.8658
101.0000 0.8526
102.0000 0.8632
103.0000 0.8822
104.0000 0.9536
105.0000 0.9520
106.0000 0.8541
107.0000 0.7544
108.0000 0.6549
109.0000 0.6875
110.0000 0.6576
111.0000 0.5759
112.0000 0.5196
113.0000 0.4774
114.0000 0.4136
115.0000 0.3155
116.0000 0.2156
117.0000 0.1318
118.0000 0.1106
119.0000 0.1983
120.0000 0.2678
121.0000 0.3640
122.0000 0.4633
123.0000 0.5034
124.0000 0.4748
125.0000 0.4853
126.0000 0.5454
127.0000 0.6443
128.0000 0.6906
129.0000 0.5911
130.0000 0.5391
131.0000 0.4392
132.0000 0.3539
133.0000 0.2615
134.0000 0.1694
135.0000 0.1612
136.0000 0.2096
137.0000 0.2845
138.0000 0.2995
139.0000 0.3540
140.0000 0.4444
141.0000 0.5411
142.0000 0.5650
143.0000 0.6423
144.0000 0.7418
145.0000 0.8370
146.0000 0.9320
147.0000 1.0231
148.0000 0.9334
149.0000 0.9138
150.0000 0.8342
