1.0000 2.1438
2.0000 2.0640
3.0000 1.9724
4.0000 1.9333
5.0000 2.0244
6.0000 2.1211
7.0000 2.1947
8.0000 2.2146
9.0000 2.2389
10.0000 2.3310
11.0000 2.4306
12.0000 2.4306
13.0000 2.3509
14.0000 2.2718
15.0000 2.1998
16.0000 2.2719
17.0000 2.3692
18.0000 2.4515
19.0000 2.5510
20.0000 2.5806
21.0000 2.6498
22.0000 2.6599
23.0000 2.7039
24.0000 2.6739
25.0000 2.6314
26.0000 2.5494
27.0000 2.4760
28.0000 2.3932
29.0000 2.3226
30.0000 2.2294
31.0000 2.1906
32.0000 2.2104
33.0000 2.3066
34.0000 2.4066
35.0000 2.4748
36.0000 2.4694
37.0000 2.4440
38.0000 2.4030
39.0000 2.3903
40.0000 2.3584
41.0000 2.2611
42.0000 2.1645
43.0000 2.1256
44.0000 2.0564
45.0000 2.0717
46.0000 1.9905
47.0000 1.9536
48.0000 1.9033
49.0000 1.8769
50.0000 1.8999
51.0000 1.8132
52.0000 1.7499
53.0000 1.6855
54.0000 1.6693
55.0000 1.6147
56.0000 1.6078
57.0000 1.6845
58.0000 1.7845
59.0000 1.8075
60.0000 1.8582
61.0000 1.8629
62.0000 1.9291
63.0000 1.9924
64.0000 2.0921
65.0000 2.1920
66.0000 2.1386
67.0000 2.0797
68.0000 2.0198
69.0000 1.9446
70.0000 1.8478
71.0000 1.7581
72.0000 1.8271
73.0000 1.9062
74.0000 1.9155
75.0000 1.8948
76.0000 1.8143
77.0000 1.8037
78.0000 1.7844
79.0000 1.7876
80.0000 1.8685
81.0000 1.9388
82.0000 1.9988
83.0000 1.9908
84.0000 1.9402
85.0000 1.8405
86.0000 1.7431
87.0000 1.6786
88.0000 1.6958
89.0000 1.7615
90.0000 1.8562
91.0000 1.9457
92.0000 2.0185
93.0000 2.1185
94.0000 2.0399
95.0000 2.0489
96.0000 2.0917
97.0000 2.1379
98.0000 2.0870
99.0000 2.0773
100.0000 2.0032
101.0000 1.9383
102.0000 1.8584
103.0000 1.8548
104.0000 1.9215
105.0000 1.9895
106.0000 2.0811
107.0000 2.0463
108.0000 1.9540
109.0000 1.9372
110.0000 2.0077
111.0000 2.1003
112.0000 2.1784
113.0000 2.2705
114.0000 2.3490
115.0000 2.3049
116.0000 2.2181
117.0000 2.2326
118.0000 2.1904
119.0000 2.2293
120.0000 2.3136
121.0000 2.4136
122.0000 2.5103
123.0000 2.6099
124.0000 2.6751
125.0000 2.6919
126.0000 2.6528
127.0000 2.6102
128.0000 2.5146
129.0000 2.4228
130.0000 2.3320
131.0000 2.2633
132.0000 2.1989
133.0000 2.2026
134.0000 2.1101
135.0000 2.0542
136.0000 2.0633
137.0000 2.0587
138.0000 2.0419
139.0000 1.9447
140.0000 1.8569
141.0000 1.7800
142.0000 1.7482
143.0000 1.7810
144.0000 1.8668
145.0000 1.9544
146.0000 2.0460
147.0000 2.0365
148.0000 1.9949
149.0000 1.9936
150.0000 2.0886
