1.0000 2.2263
2.0000 2.1444
3.0000 2.0489
4.0000 1.9518
5.0000 1.8583
6.0000 1.8856
7.0000 1.7912
8.0000 1.7204
9.0000 1.6228
10.0000 1.5711
11.0000 1.4956
12.0000 1.4270
13.0000 1.4457
14.0000 1.5096
15.0000 1.5666
16.0000 1.4865
17.0000 1.4621
18.0000 1.5434
19.0000 1.5858
20.0000 1.6177
21.0000 1.6776
22.0000 1.7001
23.0000 1.7991
24.0000 1.8148
25.0000 1.9036
26.0000 1.9499
27.0000 1.9947
28.0000 1.9990
29.0000 1.9340
30.0000 2.0297
31.0000 2.1275
32.0000 2.2241
33.0000 2.3239
34.0000 2.4012
35.0000 2.4303
36.0000 2.4457
37.0000 2.4955
38.0000 2.5153
39.0000 2.6104
40.0000 2.6224
41.0000 2.7080
42.0000 2.7812
43.0000 2.7420
44.0000 2.7070
45.0000 2.6605
46.0000 2.5744
47.0000 2.5938
48.0000 2.6837
49.0000 2.6212
50.0000 2.6873
51.0000 2.7277
52.0000 2.6613
53.0000 2.5619
54.0000 2.4894
55.0000 2.3895
56.0000 2.4724
57.0000 2.4951
58.0000 2.4411
59.0000 2.4294
60.0000 2.4506
61.0000 2.4927
62.0000 2.5052
63.0000 2.4412
64.0000 2.3782
65.0000 2.2979
66.0000 2.2072
67.0000 2.1449
68.0000 2.1057
69.0000 2.0600
70.0000 1.9919
71.0000 1.9092
72.0000 1.8134
73.0000 1.7141
74.0000 1.7433
75.0000 1.7627
76.0000 1.8257
77.0000 1.7955
78.0000 1.8488
79.0000 1.8364
80.0000 1.7367
81.0000 1.6599
82.0000 1.5602
83.0000 1.4964
84.0000 1.4390
85.0000 1.5387
86.0000 1.6078
87.0000 1.7045
88.0000 1.7933
89.0000 1.8643
90.0000 1.9016
91.0000 1.9164
92.0000 1.9050
93.0000 2.0024
94.0000 1.9210
95.0000 1.8248
96.0000 1.9173
97.0000 2.0052
98.0000 2.0785
99.0000 2.1469
100.0000 2.2218
101.0000 2.3211
102.0000 2.3628
103.0000 2.3158
104.0000 2.2158
105.0000 2.1185
106.0000 2.0322
107.0000 1.9328
108.0000 1.8395
109.0000 1.7828
110.0000 1.8644
111.0000 1.9420
112.0000 2.0291
113.0000 2.1039
114.0000 2.1796
115.0000 2.2795
116.0000 2.3329
117.0000 2.2439
118.0000 2.1777
119.0000 2.1495
120.0000 2.0497
121.0000 1.9701
122.0000 1.9985
123.0000 2.0673
124.0000 2.0199
125.0000 2.0234
126.0000 2.0290
127.0000 2.1236
128.0000 2.1385
129.0000 2.0449
130.0000 2.0158
131.0000 1.9641
132.0000 1.8682
133.0000 1.8126
134.0000 1.8869
135.0000 1.9246
136.0000 2.0131
137.0000 2.0917
138.0000 2.1917
139.0000 2.2714
140.0000 2.3299
141.0000 2.3221
142.0000 2.3943
143.0000 2.4526
144.0000 2.4370
145.0000 2.5266
146.0000 2.5883
147.0000 2.6648
148.0000 2.7237
149.0000 2.6291
150.0000 2.5300
