1.0000 2.1368
2.0000 2.0471
3.0000 1.9476
4.0000 1.8598
5.0000 1.7634
6.0000 1.6724
7.0000 1.6035
8.0000 1.6047
9.0000 1.5957
10.0000 1.5372
11.0000 1.5296
12.0000 1.4565
13.0000 1.3762
14.0000 1.3386
15.0000 1.3785
16.0000 1.4700
17.0000 1.5439
18.0000 1.6314
19.0000 1.7299
20.0000 1.8297
21.0000 1.9180
22.0000 2.0173
23.0000 1.9365
24.0000 1.8406
25.0000 1.7524
26.0000 1.6744
27.0000 1.6655
28.0000 1.5662
29.0000 1.5168
30.0000 1.4502
31.0000 1.3800
32.0000 1.4581
33.0000 1.4936
34.0000 1.5045
35.0000 1.5250
36.0000 1.4700
37.0000 1.5058
38.0000 1.6058
39.0000 1.6752
40.0000 1.7748
41.0000 1.8747
42.0000 1.9596
43.0000 1.9808
44.0000 1.9416
45.0000 1.8769
46.0000 1.8478
47.0000 1.7526
48.0000 1.6667
49.0000 1.5667
50.0000 1.5676
51.0000 1.4677
52.0000 1.3707
53.0000 1.3418
54.0000 1.3579
55.0000 1.2771
56.0000 1.1878
57.0000 1.1731
58.0000 1.2605
59.0000 1.2176
60.0000 1.1207
61.0000 1.0208
62.0000 0.9405
63.0000 0.9397
64.0000 0.8841
65.0000 0.7915
66.0000 0.7453
67.0000 0.6480
68.0000 0.6382
69.0000 0.7079
70.0000 0.7717
71.0000 0.8715
72.0000 0.9613
73.0000 1.0599
74.0000 1.1513
75.0000 1.2279
76.0000 1.3253
77.0000 1.4231
78.0000 1.4795
79.0000 1.5231
80.0000 1.4997
81.0000 1.4017
82.0000 1.3891
83.0000 1.3670
84.0000 1.3094
85.0000 1.3083
86.0000 1.2109
87.0000 1.2469
88.0000 1.3464
89.0000 1.4426
90.0000 1.5414
91.0000 1.5858
92.0000 1.6198
93.0000 1.6809
94.0000 1.7759
95.0000 1.8755
96.0000 1.9346
97.0000 2.0207
98.0000 2.1126
99.0000 2.1436
100.0000 2.2196
101.0000 2.1915
102.0000 2.2286
103.0000 2.2901
104.0000 2.2173
105.0000 2.1267
106.0000 2.0267
107.0000 2.0013
108.0000 2.1013
109.0000 2.1979
110.0000 2.2972
111.0000 2.3955
112.0000 2.4679
113.0000 2.3813
114.0000 2.3220
115.0000 2.2681
116.0000 2.2124
117.0000 2.1324
118.0000 2.0375
119.0000 1.9454
120.0000 1.8605
121.0000 1.8218
122.0000 1.7815
123.0000 1.6963
124.0000 1.6095
125.0000 1.5214
126.0000 1.4908
127.0000 1.4925
128.0000 1.5664
129.0000 1.5523
130.0000 1.6508
131.0000 1.7167
132.0000 1.7243
133.0000 1.7016
134.0000 1.7194
135.0000 1.7421
136.0000 1.7757
137.0000 1.8699
138.0000 1.7994
139.0000 1.7204
140.0000 1.6949
141.0000 1.6702
142.0000 1.7557
143.0000 1.8441
144.0000 1.8697
145.0000 1.9291
146.0000 2.0272
147.0000 2.0242
148.0000 1.9443
149.0000 1.9330
150.0000 1.9069
