1.0000 2.1691
2.0000 2.1243
3.0000 2.0271
4.0000 1.9277
5.0000 1.8584
6.0000 1.9170
7.0000 2.0136
8.0000 2.1107
9.0000 2.0110
10.0000 1.9360
11.0000 1.8761
12.0000 1.7909
13.0000 1.7232
14.0000 1.6942
15.0000 1.7174
16.0000 1.7635
17.0000 1.7256
18.0000 1.7835
19.0000 1.7619
20.0000 1.7419
21.0000 1.8227
22.0000 1.8989
23.0000 1.9927
24.0000 2.0926
25.0000 2.0551
26.0000 2.1132
27.0000 2.2090
28.0000 2.2886
29.0000 2.3781
30.0000 2.4541
31.0000 2.3893
32.0000 2.3119
33.0000 2.2829
34.0000 2.2345
35.0000 2.1359
36.0000 2.0359
37.0000 1.9411
38.0000 1.9042
39.0000 1.9441
40.0000 2.0103
41.0000 2.0522
42.0000 2.0120
43.0000 2.0281
44.0000 2.0412
45.0000 2.0623
46.0000 1.9730
47.0000 1.9629
48.0000 2.0116
49.0000 2.0920
50.0000 2.1704
51.0000 2.2492
52.0000 2.3294
53.0000 2.3510
54.0000 2.3054
55.0000 2.4009
56.0000 2.4298
57.0000 2.5248
58.0000 2.6039
59.0000 2.5347
60.0000 2.5127
61.0000 2.4849
62.0000 2.4695
63.0000 2.4073
64.0000 2.4151
65.0000 2.5141
66.0000 2.6057
67.0000 2.6586
68.0000 2.6567
69.0000 2.6705
70.0000 2.7318
71.0000 2.7680
72.0000 2.8420
73.0000 2.8661
74.0000 2.8348
75.0000 2.7870
76.0000 2.7029
77.0000 2.6836
78.0000 2.6104
79.0000 2.5119
80.0000 2.4438
81.0000 2.3977
82.0000 2.3338
83.0000 2.2463
84.0000 2.2481
85.0000 2.3455
86.0000 2.4188
87.0000 2.5083
88.0000 2.6042
89.0000 2.6805
90.0000 2.7266
91.0000 2.7323
92.0000 2.7939
93.0000 2.7410
94.0000 2.8400
95.0000 2.8943
96.0000 2.7974
97.0000 2.7101
98.0000 2.7208
99.0000 2.7323
100.0000 2.6708
101.0000 2.5980
102.0000 2.5365
103.0000 2.5227
104.0000 2.4273
105.0000 2.3840
106.0000 2.3933
107.0000 2.4928
108.0000 2.5670
109.0000 2.6459
110.0000 2.7399
111.0000 2.8159
112.0000 2.8585
113.0000 2.7678
114.0000 2.7814
115.0000 2.7296
116.0000 2.6903
117.0000 2.6260
118.0000 2.5358
119.0000 2.4926
120.0000 2.5882
121.0000 2.6049
122.0000 2.5900
123.0000 2.5315
124.0000 2.4339
125.0000 2.4240
126.0000 2.4954
127.0000 2.5573
128.0000 2.5580
129.0000 2.4652
130.0000 2.3698
131.0000 2.2928
132.0000 2.2134
133.0000 2.2379
134.0000 2.2872
135.0000 2.2703
136.0000 2.3665
137.0000 2.4607
138.0000 2.4412
139.0000 2.3735
140.0000 2.2828
141.0000 2.1940
142.0000 2.2220
143.0000 2.1849
144.0000 2.1096
145.0000 2.0803
146.0000 1.9944
147.0000 1.9029
148.0000 1.9145
149.0000 2.0129
150.0000 2.1094
