1.0000 2.2457
2.0000 2.1772
3.0000 2.1817
4.0000 2.1120
5.0000 2.0221
6.0000 1.9566
7.0000 1.8774
8.0000 1.7824
9.0000 1.6996
10.0000 1.6691
11.0000 1.7216
12.0000 1.7630
13.0000 1.7322
14.0000 1.6961
15.0000 1.6660
16.0000 1.6679
17.0000 1.6579
18.0000 1.6137
19.0000 1.5318
20.0000 1.4385
21.0000 1.3753
22.0000 1.2839
23.0000 1.1845
24.0000 1.0855
25.0000 1.0607
26.0000 1.0893
27.0000 1.0193
28.0000 0.9519
29.0000 1.0370
30.0000 0.9855
31.0000 0.9740
32.0000 1.0207
33.0000 1.1205
34.0000 1.1211
35.0000 1.0262
36.0000 0.9602
37.0000 0.9981
38.0000 1.0669
39.0000 1.1659
40.0000 1.2205
41.0000 1.3047
42.0000 1.3598
43.0000 1.3648
44.0000 1.3930
45.0000 1.4315
46.0000 1.5249
47.0000 1.5942
48.0000 1.6631
49.0000 1.7425
50.0000 1.7906
51.0000 1.8122
52.0000 1.7174
53.0000 1.6524
54.0000 1.7037
55.0000 1.7144
56.0000 1.8067
57.0000 1.8599
58.0000 1.8218
59.0000 1.8101
60.0000 1.9073
61.0000 2.0016
62.0000 1.9898
63.0000 1.9023
64.0000 1.8025
65.0000 1.7030
66.0000 1.6084
67.0000 1.5774
68.0000 1.6392
69.0000 1.7125
70.0000 1.7754
71.0000 1.8457
72.0000 1.8887
73.0000 1.8499
74.0000 1.8343
75.0000 1.8670
76.0000 1.8835
77.0000 1.8535
78.0000 1.8233
79.0000 1.8266
80.0000 1.9142
81.0000 1.9827
82.0000 2.0695
83.0000 2.1578
84.0000 2.2362
85.0000 2.2146
86.0000 2.1213
87.0000 2.0896
88.0000 2.0491
89.0000 2.1074
90.0000 2.1131
91.0000 2.1634
92.0000 2.1715
93.0000 2.2558
94.0000 2.2933
95.0000 2.2961
96.0000 2.2991
97.0000 2.3557
98.0000 2.2748
99.0000 2.1798
100.0000 2.0909
101.0000 2.0183
102.0000 1.9394
103.0000 1.8694
104.0000 1.7831
105.0000 1.7515
106.0000 1.6562
107.0000 1.6159
108.0000 1.6846
109.0000 1.7709
110.0000 1.7866
111.0000 1.8315
112.0000 1.9300
113.0000 2.0097
114.0000 1.9160
115.0000 1.8160
116.0000 1.7244
117.0000 1.6820
118.0000 1.6550
119.0000 1.6538
120.0000 1.7080
121.0000 1.7440
122.0000 1.7676
123.0000 1.7303
124.0000 1.6708
125.0000 1.6876
126.0000 1.6021
127.0000 1.6614
128.0000 1.7492
129.0000 1.8442
130.0000 1.8922
131.0000 1.8004
132.0000 1.7005
133.0000 1.6923
134.0000 1.7279
135.0000 1.7676
136.0000 1.8483
137.0000 1.8900
138.0000 1.9075
139.0000 2.0032
140.0000 1.9501
141.0000 1.9936
142.0000 2.0310
143.0000 2.0412
144.0000 1.9505
145.0000 1.8543
146.0000 1.7544
147.0000 1.6578
148.0000 1.5700
149.0000 1.4700
150.0000 1.3761
