1.0000 2.2050
2.0000 2.1408
3.0000 2.1248
4.0000 2.1755
5.0000 2.2755
6.0000 2.3728
7.0000 2.4578
8.0000 2.3924
9.0000 2.3627
10.0000 2.3616
11.0000 2.3151
12.0000 2.2822
13.0000 2.3350
14.0000 2.2565
15.0000 2.1618
16.0000 2.0655
17.0000 1.9732
18.0000 1.8876
19.0000 1.9153
20.0000 1.9440
21.0000 2.0188
22.0000 2.0920
23.0000 2.1585
24.0000 2.2556
25.0000 2.2521
26.0000 2.1615
27.0000 2.0832
28.0000 1.9877
29.0000 1.8976
30.0000 1.8209
31.0000 1.8877
32.0000 1.9848
33.0000 1.9824
34.0000 1.9111
35.0000 2.0094
36.0000 2.0885
37.0000 2.1884
38.0000 2.1573
39.0000 2.1669
40.0000 2.0948
41.0000 1.9962
42.0000 1.8964
43.0000 1.8008
44.0000 1.8197
45.0000 1.8377
46.0000 1.8375
47.0000 1.8763
48.0000 1.8959
49.0000 1.8676
50.0000 1.9203
51.0000 1.9553
52.0000 2.0373
53.0000 2.0957
54.0000 2.1764
55.0000 2.2481
56.0000 2.2395
57.0000 2.3327
58.0000 2.3709
59.0000 2.4705
60.0000 2.5698
61.0000 2.6680
62.0000 2.7536
63.0000 2.8536
64.0000 2.8690
65.0000 2.8392
66.0000 2.7597
67.0000 2.6990
68.0000 2.6073
69.0000 2.5115
70.0000 2.4689
71.0000 2.3697
72.0000 2.2738
73.0000 2.1782
74.0000 2.1012
75.0000 2.0748
76.0000 2.1338
77.0000 2.1667
78.0000 2.1146
79.0000 2.1013
80.0000 2.0783
81.0000 2.1195
82.0000 2.1853
83.0000 2.2021
84.0000 2.1803
85.0000 2.1055
86.0000 2.0477
87.0000 1.9713
88.0000 1.9511
89.0000 2.0100
90.0000 2.0628
91.0000 1.9742
92.0000 1.8769
93.0000 1.7783
94.0000 1.6789
95.0000 1.5910
96.0000 1.5552
97.0000 1.4743
98.0000 1.4205
99.0000 1.3664
100.0000 1.3924
101.0000 1.4658
102.0000 1.5652
103.0000 1.6601
104.0000 1.7450
105.0000 1.7905
106.0000 1.7043
107.0000 1.6958
108.0000 1.6596
109.0000 1.6855
110.0000 1.7822
111.0000 1.8818
112.0000 1.9749
113.0000 2.0027
114.0000 2.0682
115.0000 2.1324
116.0000 2.0746
117.0000 1.9794
118.0000 1.8811
119.0000 1.8193
120.0000 1.7534
121.0000 1.7210
122.0000 1.7525
123.0000 1.8053
124.0000 1.8591
125.0000 1.8889
126.0000 1.8240
127.0000 1.7390
128.0000 1.6672
129.0000 1.6793
130.0000 1.7017
131.0000 1.7261
132.0000 1.8060
133.0000 1.7412
134.0000 1.7876
135.0000 1.8853
136.0000 1.9714
137.0000 1.9543
138.0000 1.8645
139.0000 1.8099
140.0000 1.8126
141.0000 1.7554
142.0000 1.6623
143.0000 1.6136
144.0000 1.6008
145.0000 1.5806
146.0000 1.5429
147.0000 1.5309
148.0000 1.4762
149.0000 1.5029
150.0000 1.4253
