1.0000 2.2170
2.0000 2.1776
3.0000 2.1032
4.0000 2.1863
5.0000 2.2350
6.0000 2.3138
7.0000 2.4134
8.0000 2.4960
9.0000 2.5769
10.0000 2.6047
11.0000 2.6608
12.0000 2.7341
13.0000 2.7219
14.0000 2.7022
15.0000 2.6036
16.0000 2.5301
17.0000 2.6115
18.0000 2.7096
19.0000 2.7351
20.0000 2.7604
21.0000 2.8021
22.0000 2.7786
23.0000 2.7992
24.0000 2.7766
25.0000 2.6795
26.0000 2.5905
27.0000 2.5009
28.0000 2.4496
29.0000 2.4465
30.0000 2.5459
31.0000 2.6395
32.0000 2.6545
33.0000 2.6540
34.0000 2.6613
35.0000 2.7482
36.0000 2.7985
37.0000 2.8018
38.0000 2.7048
39.0000 2.6183
40.0000 2.5553
41.0000 2.5817
42.0000 2.6649
43.0000 2.7288
44.0000 2.6652
45.0000 2.6622
46.0000 2.7269
47.0000 2.7910
48.0000 2.7763
49.0000 2.7089
50.0000 2.6111
51.0000 2.5118
52.0000 2.4742
53.0000 2.4794
54.0000 2.3928
55.0000 2.4043
56.0000 2.3062
57.0000 2.2064
58.0000 2.1069
59.0000 2.0946
60.0000 2.1316
61.0000 2.1961
62.0000 2.2099
63.0000 2.1730
64.0000 2.0731
65.0000 2.0254
66.0000 2.0299
67.0000 2.0878
68.0000 2.1065
69.0000 2.0288
70.0000 1.9426
71.0000 1.8793
72.0000 1.7796
73.0000 1.6855
74.0000 1.6038
75.0000 1.6747
76.0000 1.6394
77.0000 1.5804
78.0000 1.6072
79.0000 1.6596
80.0000 1.7521
81.0000 1.7150
82.0000 1.7761
83.0000 1.8758
84.0000 1.9737
85.0000 2.0732
86.0000 2.1618
87.0000 2.2596
88.0000 2.3592
89.0000 2.4575
90.0000 2.4310
91.0000 2.4123
92.0000 2.4340
93.0000 2.3632
94.0000 2.2805
95.0000 2.1920
96.0000 2.1037
97.0000 2.0056
98.0000 1.9339
99.0000 1.8408
100.0000 1.7821
101.0000 1.7281
102.0000 1.7323
103.0000 1.6493
104.0000 1.5688
105.0000 1.4922
106.0000 1.3922
107.0000 1.2961
108.0000 1.2615
109.0000 1.2540
110.0000 1.3289
111.0000 1.3530
112.0000 1.4300
113.0000 1.4523
114.0000 1.4964
115.0000 1.4307
116.0000 1.3512
117.0000 1.3457
118.0000 1.3174
119.0000 1.2818
120.0000 1.1906
121.0000 1.1050
122.0000 1.1124
123.0000 1.0855
124.0000 1.0094
125.0000 0.9313
126.0000 0.9516
127.0000 0.9242
128.0000 0.9709
129.0000 0.9120
130.0000 0.8156
131.0000 0.7158
132.0000 0.6979
133.0000 0.6901
134.0000 0.7231
135.0000 0.7184
136.0000 0.7884
137.0000 0.8485
138.0000 0.9314
139.0000 0.9493
140.0000 0.9861
141.0000 1.0135
142.0000 0.9684
143.0000 1.0173
144.0000 1.0680
145.0000 1.0366
146.0000 1.0493
147.0000 0.9843
148.0000 0.8866
149.0000 0.7873
150.0000 0.7255
