1.0000 2.1437
2.0000 2.0537
3.0000 2.1505
4.0000 2.2079
5.0000 2.1087
6.0000 2.0104
7.0000 1.9148
8.0000 1.8167
9.0000 1.7168
10.0000 1.6212
11.0000 1.5333
12.0000 1.4744
13.0000 1.4042
14.0000 1.3549
15.0000 1.3894
16.0000 1.3718
17.0000 1.2770
18.0000 1.1832
19.0000 1.1011
20.0000 1.1167
21.0000 1.0342
22.0000 1.0970
23.0000 1.0492
24.0000 1.1018
25.0000 1.1754
26.0000 1.1504
27.0000 1.1358
28.0000 1.2016
29.0000 1.1431
30.0000 1.1089
31.0000 1.0261
32.0000 0.9477
33.0000 0.8790
34.0000 0.8046
35.0000 0.7092
36.0000 0.6948
37.0000 0.6350
38.0000 0.5602
39.0000 0.5357
40.0000 0.4875
41.0000 0.4188
42.0000 0.3931
43.0000 0.3513
44.0000 0.4139
45.0000 0.4797
46.0000 0.5721
47.0000 0.6681
48.0000 0.7315
49.0000 0.8267
50.0000 0.8825
51.0000 0.9240
52.0000 1.0050
53.0000 1.0990
54.0000 1.1982
55.0000 1.2836
56.0000 1.3385
57.0000 1.4312
58.0000 1.5282
59.0000 1.5965
60.0000 1.6722
61.0000 1.7559
62.0000 1.7912
63.0000 1.7388
64.0000 1.6964
65.0000 1.6054
66.0000 1.6220
67.0000 1.7095
68.0000 1.8090
69.0000 1.9040
70.0000 1.9535
71.0000 2.0277
72.0000 1.9974
73.0000 2.0605
74.0000 2.1400
75.0000 2.1581
76.0000 2.1135
77.0000 2.0968
78.0000 2.1836
79.0000 2.2830
80.0000 2.3034
81.0000 2.3009
82.0000 2.4009
83.0000 2.4787
84.0000 2.5279
85.0000 2.5731
86.0000 2.6645
87.0000 2.6957
88.0000 2.6128
89.0000 2.5299
90.0000 2.5997
91.0000 2.5744
92.0000 2.5475
93.0000 2.4724
94.0000 2.5089
95.0000 2.6089
96.0000 3.2009
97.0000 3.1165
98.0000 3.0274
99.0000 3.0217
100.0000 3.1141
101.0000 2.8148
102.0000 2.7885
103.0000 2.6895
104.0000 2.6032
105.0000 2.6695
106.0000 2.7309
107.0000 3.1394
108.0000 3.0547
109.0000 2.9817
110.0000 3.0507
111.0000 3.0911
112.0000 3.1059
113.0000 3.0299
114.0000 2.9823
115.0000 2.9058
116.0000 2.9075
117.0000 2.9108
118.0000 2.9058
119.0000 2.9473
120.0000 2.9864
121.0000 2.9218
122.0000 2.8357
123.0000 2.7365
124.0000 2.7183
125.0000 2.6828
126.0000 2.6490
127.0000 2.5986
128.0000 2.6011
129.0000 2.6262
130.0000 2.5862
131.0000 2.5911
132.0000 2.6087
133.0000 2.6957
134.0000 2.7652
135.0000 2.8431
136.0000 2.8528
137.0000 2.8127
138.0000 2.7133
139.0000 2.6134
140.0000 2.5168
141.0000 2.4254
142.0000 2.3907
143.0000 2.2928
144.0000 2.1982
145.0000 2.1101
146.0000 2.0346
147.0000 2.1285
148.0000 2.1791
149.0000 2.1724
150.0000 2.1682
