1.0000 2.1372
2.0000 2.0647
3.0000 2.1313
4.0000 2.0885
5.0000 2.0401
6.0000 2.0603
7.0000 2.1393
8.0000 2.2310
9.0000 2.3251
10.0000 2.4112
11.0000 2.5078
12.0000 2.4834
13.0000 2.4454
14.0000 2.3677
15.0000 2.3641
16.0000 2.2876
17.0000 2.2297
18.0000 2.1850
19.0000 2.2474
20.0000 2.1692
21.0000 2.1911
22.0000 2.2552
23.0000 2.3552
24.0000 2.3416
25.0000 2.2416
26.0000 2.1478
27.0000 2.0482
28.0000 1.9696
29.0000 1.8703
30.0000 1.7982
31.0000 1.7197
32.0000 1.6853
33.0000 1.6917
34.0000 1.6186
35.0000 1.5187
36.0000 1.4338
37.0000 1.3338
38.0000 1.2338
39.0000 1.1879
40.0000 1.2822
41.0000 1.3799
42.0000 1.4378
43.0000 1.5373
44.0000 1.6373
45.0000 1.6410
46.0000 1.6941
47.0000 1.7940
48.0000 1.8700
49.0000 1.9478
50.0000 1.9774
51.0000 1.9957
52.0000 2.0356
53.0000 2.0604
54.0000 2.1071
55.0000 2.1249
56.0000 2.2249
57.0000 2.3165
58.0000 2.3829
59.0000 2.4823
60.0000 2.5338
61.0000 2.5819
62.0000 2.6784
63.0000 2.6654
64.0000 2.6118
65.0000 2.5447
66.0000 2.4950
67.0000 2.4185
68.0000 2.4861
69.0000 2.5586
70.0000 2.6307
71.0000 2.6224
72.0000 2.7218
73.0000 2.7928
74.0000 2.7378
75.0000 2.6829
76.0000 2.5830
77.0000 2.4947
78.0000 2.4027
79.0000 2.3126
80.0000 2.2978
81.0000 2.2101
82.0000 2.1134
83.0000 2.0265
84.0000 2.0601
85.0000 2.0790
86.0000 2.0749
87.0000 2.0747
88.0000 2.0993
89.0000 2.1073
90.0000 2.1147
91.0000 2.0845
92.0000 1.9870
93.0000 1.8935
94.0000 1.7936
95.0000 1.6946
96.0000 1.6018
97.0000 1.5553
98.0000 1.6285
99.0000 1.7200
100.0000 1.7671
101.0000 1.8665
102.0000 1.9614
103.0000 1.9922
104.0000 1.9887
105.0000 1.8928
106.0000 1.8838
107.0000 1.8161
108.0000 1.8626
109.0000 1.8474
110.0000 1.7475
111.0000 1.7606
112.0000 1.8318
113.0000 1.9054
114.0000 1.9503
115.0000 1.9284
116.0000 1.9319
117.0000 2.0079
118.0000 1.9336
119.0000 1.8526
120.0000 1.7687
121.0000 1.7346
122.0000 1.7134
123.0000 1.6136
124.0000 1.5339
125.0000 1.5232
126.0000 1.4966
127.0000 1.4206
128.0000 1.5135
129.0000 1.6127
130.0000 1.7108
131.0000 1.8089
132.0000 1.8773
133.0000 1.8610
134.0000 1.7776
135.0000 1.7227
136.0000 1.6427
137.0000 1.6273
138.0000 1.5571
139.0000 1.4861
140.0000 1.4181
141.0000 1.3181
142.0000 1.2194
143.0000 1.1219
144.0000 1.0286
145.0000 1.0438
146.0000 1.0013
147.0000 0.9653
148.0000 0.9831
149.0000 1.0649
150.0000 1.1649
