1.0000 2.1679
2.0000 2.1182
3.0000 2.0183
4.0000 1.9184
5.0000 1.8205
6.0000 1.7436
7.0000 1.6974
8.0000 1.6813
9.0000 1.6548
10.0000 1.6897
11.0000 1.6703
12.0000 1.7473
13.0000 1.8449
14.0000 1.9448
15.0000 2.0366
16.0000 1.9434
17.0000 1.9324
18.0000 1.8382
19.0000 1.8152
20.0000 1.8430
21.0000 1.9383
22.0000 2.0299
23.0000 2.0100
24.0000 1.9850
25.0000 1.8898
26.0000 1.7951
27.0000 1.7246
28.0000 1.7592
29.0000 1.7980
30.0000 1.7842
31.0000 1.7638
32.0000 1.7600
33.0000 1.7548
34.0000 1.7164
35.0000 1.6310
36.0000 1.6198
37.0000 1.5801
38.0000 1.4827
39.0000 1.3941
40.0000 1.3050
41.0000 1.2056
42.0000 1.1469
43.0000 1.2097
44.0000 1.2346
45.0000 1.2801
46.0000 1.3759
47.0000 1.3751
48.0000 1.2765
49.0000 1.2757
50.0000 1.1887
51.0000 1.0887
52.0000 1.0277
53.0000 1.0226
54.0000 0.9256
55.0000 0.8319
56.0000 0.7332
57.0000 0.6357
58.0000 0.5452
59.0000 0.4650
60.0000 0.3720
61.0000 0.2812
62.0000 0.1923
63.0000 0.1893
64.0000 0.2018
65.0000 0.2894
66.0000 0.3891
67.0000 0.4458
68.0000 0.5096
69.0000 0.6090
70.0000 0.7020
71.0000 0.7554
72.0000 0.8205
73.0000 0.8561
74.0000 0.8812
75.0000 0.9086
76.0000 0.9387
77.0000 0.8873
78.0000 0.8131
79.0000 0.7354
80.0000 0.6560
81.0000 0.6820
82.0000 0.6187
83.0000 0.6274
84.0000 0.6584
85.0000 0.7040
86.0000 0.7835
87.0000 0.7614
88.0000 0.7145
89.0000 0.6739
90.0000 0.7464
91.0000 0.8462
92.0000 0.9348
93.0000 1.0057
94.0000 1.0784
95.0000 1.0266
96.0000 1.0331
97.0000 1.0242
98.0000 1.1147
99.0000 1.1845
100.0000 1.2258
101.0000 1.2938
102.0000 1.2683
103.0000 1.1833
104.0000 1.2308
105.0000 1.2228
106.0000 1.1542
107.0000 1.0548
108.0000 0.9896
109.0000 0.9918
110.0000 0.9537
111.0000 1.0028
112.0000 1.0268
113.0000 0.9269
114.0000 0.8385
115.0000 0.8220
116.0000 0.7536
117.0000 0.7130
118.0000 0.6390
119.0000 0.5905
120.0000 0.6080
121.0000 0.5384
122.0000 0.5922
123.0000 0.5992
124.0000 0.5460
125.0000 0.4833
126.0000 0.4344
127.0000 0.4584
128.0000 0.4688
129.0000 0.5680
130.0000 0.6583
131.0000 0.7581
132.0000 0.7779
133.0000 0.8777
134.0000 0.9481
135.0000 0.9686
136.0000 0.9772
137.0000 0.8852
138.0000 0.7914
139.0000 0.7205
140.0000 0.7966
141.0000 0.8583
142.0000 0.9411
143.0000 0.9882
144.0000 1.0464
145.0000 1.0879
146.0000 1.1753
147.0000 1.2184
148.0000 1.3032
149.0000 1.3823
150.0000 1.3436
