1.0000 2.1382
2.0000 2.0458
3.0000 1.9483
4.0000 1.8609
5.0000 1.8581
6.0000 1.9312
7.0000 1.8723
8.0000 1.9039
9.0000 1.9393
10.0000 1.9977
11.0000 2.0924
12.0000 2.1629
13.0000 2.2027
14.0000 2.1984
15.0000 2.1992
16.0000 2.1422
17.0000 2.2078
18.0000 2.1808
19.0000 2.1444
20.0000 2.0447
21.0000 2.0597
22.0000 2.0869
23.0000 2.1786
24.0000 2.1469
25.0000 2.1552
26.0000 2.0725
27.0000 1.9947
28.0000 1.9876
29.0000 1.9158
30.0000 1.8625
31.0000 1.8238
32.0000 1.7289
33.0000 1.6351
34.0000 1.6444
35.0000 1.7049
36.0000 1.7932
37.0000 1.8052
38.0000 1.8560
39.0000 1.8117
40.0000 1.7118
41.0000 1.6439
42.0000 1.6154
43.0000 1.6527
44.0000 1.7280
45.0000 1.7974
46.0000 1.8722
47.0000 1.9614
48.0000 2.0044
49.0000 2.0404
50.0000 1.9706
51.0000 1.8804
52.0000 1.7828
53.0000 1.8234
54.0000 1.7642
55.0000 1.7003
56.0000 1.7536
57.0000 1.7575
58.0000 1.6597
59.0000 1.5600
60.0000 1.4694
61.0000 1.3859
62.0000 1.4837
63.0000 1.5803
64.0000 1.5796
65.0000 1.6058
66.0000 1.5941
67.0000 1.6277
68.0000 1.6816
69.0000 1.6734
70.0000 1.6228
71.0000 1.5692
72.0000 1.5694
73.0000 1.6634
74.0000 1.7533
75.0000 1.8314
76.0000 1.9294
77.0000 2.0293
78.0000 2.1163
79.0000 2.0346
80.0000 2.0681
81.0000 2.0028
82.0000 1.9462
83.0000 1.8729
84.0000 1.9464
85.0000 1.8765
86.0000 1.7803
87.0000 1.7759
88.0000 1.7434
89.0000 1.7666
90.0000 1.8597
91.0000 1.9275
92.0000 2.0014
93.0000 2.0783
94.0000 2.1660
95.0000 2.2005
96.0000 2.2808
97.0000 2.3741
98.0000 2.4741
99.0000 2.5501
100.0000 2.6260
101.0000 2.6116
102.0000 2.5680
103.0000 2.6111
104.0000 2.5309
105.0000 2.5212
106.0000 2.5988
107.0000 2.6929
108.0000 2.6725
109.0000 2.7164
110.0000 2.7755
111.0000 2.7694
112.0000 2.7908
113.0000 2.8671
114.0000 2.9539
115.0000 3.0385
116.0000 3.1374
117.0000 3.2373
118.0000 3.2742
119.0000 3.2183
120.0000 3.2050
121.0000 3.1540
122.0000 3.1455
123.0000 3.1173
124.0000 3.1073
125.0000 3.0401
126.0000 2.9790
127.0000 2.9121
128.0000 2.8314
129.0000 2.8658
130.0000 2.8635
131.0000 2.9272
132.0000 3.0190
133.0000 2.9984
134.0000 2.9696
135.0000 3.0378
136.0000 3.1153
137.0000 3.2078
138.0000 3.1775
139.0000 3.1025
140.0000 3.0025
141.0000 2.9356
142.0000 2.8945
143.0000 2.9269
144.0000 3.0099
145.0000 3.0892
146.0000 3.1309
147.0000 3.0976
148.0000 3.1145
149.0000 3.1860
150.0000 3.2848
