1.0000 2.1442
2.0000 2.1798
3.0000 2.0905
4.0000 2.0538
5.0000 1.9539
6.0000 1.9375
7.0000 1.9654
8.0000 1.9365
9.0000 1.8390
10.0000 1.7955
11.0000 1.6955
12.0000 1.6139
13.0000 1.5238
14.0000 1.4256
15.0000 1.4563
16.0000 1.5075
17.0000 1.5816
18.0000 1.6131
19.0000 1.5946
20.0000 1.5532
21.0000 1.6492
22.0000 1.6848
23.0000 1.6446
24.0000 1.7258
25.0000 1.7190
26.0000 1.7051
27.0000 1.6361
28.0000 1.7361
29.0000 1.8344
30.0000 1.8423
31.0000 1.7858
32.0000 1.7256
33.0000 1.7458
34.0000 1.6799
35.0000 1.6053
36.0000 1.5134
37.0000 1.4160
38.0000 1.3363
39.0000 1.3047
40.0000 1.3006
41.0000 1.3939
42.0000 1.4100
43.0000 1.4924
44.0000 1.5396
45.0000 1.5000
46.0000 1.5622
47.0000 1.6130
48.0000 1.6896
49.0000 1.7849
50.0000 1.8382
51.0000 1.9192
52.0000 1.9557
53.0000 1.9694
54.0000 1.8849
55.0000 1.8516
56.0000 1.9007
57.0000 2.0002
58.0000 2.0122
59.0000 1.9578
60.0000 1.9460
61.0000 1.9911
62.0000 2.0608
63.0000 2.0514
64.0000 1.9929
65.0000 2.0423
66.0000 2.1423
67.0000 2.2071
68.0000 2.2521
69.0000 2.3442
70.0000 2.3003
71.0000 2.2205
72.0000 2.2353
73.0000 2.2185
74.0000 2.1187
75.0000 2.0247
76.0000 1.9639
77.0000 1.9596
78.0000 2.0541
79.0000 2.1532
80.0000 2.2457
81.0000 2.3421
82.0000 2.4230
83.0000 2.3995
84.0000 2.3027
85.0000 2.2040
86.0000 2.1053
87.0000 2.0067
88.0000 1.9282
89.0000 1.8294
90.0000 1.8161
91.0000 1.8237
92.0000 1.8422
93.0000 1.8346
94.0000 1.7471
95.0000 1.6689
96.0000 1.6773
97.0000 1.6444
98.0000 1.6870
99.0000 1.7285
100.0000 1.7661
101.0000 1.7135
102.0000 1.7702
103.0000 1.8638
104.0000 1.9624
105.0000 1.9938
106.0000 2.0432
107.0000 1.9753
108.0000 1.8864
109.0000 1.8184
110.0000 1.7656
111.0000 1.7441
112.0000 1.6684
113.0000 1.6799
114.0000 1.6454
115.0000 1.6250
116.0000 1.5250
117.0000 1.4301
118.0000 1.3344
119.0000 1.2766
120.0000 1.1774
121.0000 1.0775
122.0000 1.0103
123.0000 1.0099
124.0000 0.9369
125.0000 0.8760
126.0000 0.8321
127.0000 0.7846
128.0000 0.6947
129.0000 0.6093
130.0000 0.5184
131.0000 0.5364
132.0000 0.5236
133.0000 0.4397
134.0000 0.3580
135.0000 0.2607
136.0000 0.1733
137.0000 0.2553
138.0000 0.2803
139.0000 0.3741
140.0000 0.4684
141.0000 0.4143
142.0000 0.4464
143.0000 0.4770
144.0000 0.5619
145.0000 0.5772
146.0000 0.6766
147.0000 0.6828
148.0000 0.7805
149.0000 0.8783
150.0000 0.9509
