1.0000 2.1371
2.0000 2.1422
3.0000 2.0541
4.0000 1.9558
5.0000 1.8978
6.0000 1.8964
7.0000 1.9462
8.0000 1.9227
9.0000 1.8434
10.0000 1.7688
11.0000 1.7719
12.0000 1.8717
13.0000 1.9271
14.0000 2.0068
15.0000 2.0955
16.0000 2.1675
17.0000 2.1384
18.0000 2.2136
19.0000 2.3136
20.0000 2.3174
21.0000 2.2451
22.0000 2.1886
23.0000 2.1610
24.0000 2.1409
25.0000 2.0630
26.0000 2.1542
27.0000 2.2452
28.0000 2.3371
29.0000 2.2776
30.0000 2.1787
31.0000 2.1398
32.0000 2.1474
33.0000 2.0579
34.0000 2.0018
35.0000 1.9530
36.0000 1.9447
37.0000 1.9279
38.0000 1.9472
39.0000 1.8974
40.0000 1.9965
41.0000 2.0449
42.0000 1.9825
43.0000 2.0125
44.0000 1.9154
45.0000 1.8945
46.0000 1.9564
47.0000 2.0037
48.0000 2.1037
49.0000 2.0945
50.0000 2.1620
51.0000 2.2044
52.0000 2.2207
53.0000 2.3041
54.0000 2.3896
55.0000 2.4371
56.0000 2.5002
57.0000 2.4673
58.0000 2.4977
59.0000 2.5938
60.0000 2.5759
61.0000 2.6101
62.0000 2.6997
63.0000 2.7442
64.0000 2.7066
65.0000 2.6678
66.0000 2.6614
67.0000 2.6607
68.0000 2.7235
69.0000 2.6288
70.0000 2.5314
71.0000 2.4619
72.0000 2.4542
73.0000 2.3608
74.0000 2.2781
75.0000 2.2649
76.0000 2.2060
77.0000 2.1084
78.0000 2.0084
79.0000 1.9467
80.0000 1.8511
81.0000 1.7598
82.0000 1.6804
83.0000 1.5830
84.0000 1.5276
85.0000 1.4684
86.0000 1.3970
87.0000 1.2970
88.0000 1.1975
89.0000 1.1609
90.0000 1.0651
91.0000 1.0480
92.0000 1.0614
93.0000 0.9655
94.0000 0.8825
95.0000 0.7870
96.0000 0.8662
97.0000 0.8790
98.0000 0.8290
99.0000 0.7658
100.0000 0.8653
101.0000 0.9621
102.0000 1.0472
103.0000 1.1410
104.0000 1.0410
105.0000 0.9647
106.0000 0.8671
107.0000 0.7776
108.0000 0.7121
109.0000 0.6160
110.0000 0.5179
111.0000 0.4179
112.0000 0.3224
113.0000 0.2446
114.0000 0.1797
115.0000 0.0987
116.0000 0.1780
117.0000 0.1294
118.0000 0.0632
119.0000 0.1366
120.0000 0.1984
121.0000 0.2800
122.0000 0.3479
123.0000 0.4468
124.0000 0.5269
125.0000 0.6145
126.0000 0.7041
127.0000 0.7408
128.0000 0.7879
129.0000 0.8867
130.0000 0.9401
131.0000 1.0384
132.0000 1.0592
133.0000 1.1162
134.0000 1.2129
135.0000 1.3075
136.0000 1.4048
137.0000 1.5033
138.0000 1.5954
139.0000 1.6879
140.0000 1.7827
141.0000 1.8758
142.0000 1.9632
143.0000 2.0277
144.0000 2.0563
145.0000 1.9702
146.0000 1.9171
147.0000 1.8304
148.0000 1.7774
149.0000 1.6775
150.0000 1.6144
