1.0000 2.2414
2.0000 2.2839
3.0000 2.3643
4.0000 2.4281
5.0000 2.3358
6.0000 2.3112
7.0000 2.3261
8.0000 2.2511
9.0000 2.1841
10.0000 2.2007
11.0000 2.1280
12.0000 2.0688
13.0000 2.0292
14.0000 2.0435
15.0000 2.0596
16.0000 1.9699
17.0000 1.8789
18.0000 1.7889
19.0000 1.7989
20.0000 1.8133
21.0000 1.8954
22.0000 1.9140
23.0000 2.0134
24.0000 2.0265
25.0000 2.1154
26.0000 2.1301
27.0000 2.0777
28.0000 2.0881
29.0000 2.0337
30.0000 1.9582
31.0000 1.9689
32.0000 1.8692
33.0000 1.7892
34.0000 1.8533
35.0000 1.7539
36.0000 1.8349
37.0000 1.7880
38.0000 1.8605
39.0000 1.9604
40.0000 2.0604
41.0000 2.0685
42.0000 2.0496
43.0000 1.9973
44.0000 1.9072
45.0000 1.8735
46.0000 1.9298
47.0000 1.9934
48.0000 2.0465
49.0000 2.1169
50.0000 2.0605
51.0000 2.0101
52.0000 2.0849
53.0000 2.0031
54.0000 1.9228
55.0000 1.9310
56.0000 1.9528
57.0000 1.9519
58.0000 1.9019
59.0000 1.8097
60.0000 1.7958
61.0000 1.7969
62.0000 1.8050
63.0000 1.9015
64.0000 1.9990
65.0000 2.0671
66.0000 2.1621
67.0000 2.2559
68.0000 2.2823
69.0000 2.2628
70.0000 2.2087
71.0000 2.1963
72.0000 2.2610
73.0000 2.2484
74.0000 2.3201
75.0000 2.2562
76.0000 2.1563
77.0000 2.0565
78.0000 2.0040
79.0000 1.9191
80.0000 1.8367
81.0000 1.7602
82.0000 1.6809
83.0000 1.6353
84.0000 1.5467
85.0000 1.6360
86.0000 1.7246
87.0000 1.7511
88.0000 1.8458
89.0000 1.9061
90.0000 1.9359
91.0000 1.9062
92.0000 1.8925
93.0000 1.9923
94.0000 2.0857
95.0000 2.1802
96.0000 2.2678
97.0000 2.3561
98.0000 2.4514
99.0000 2.5119
100.0000 2.6105
101.0000 2.7022
102.0000 2.7754
103.0000 2.8071
104.0000 2.7696
105.0000 2.6697
106.0000 2.5925
107.0000 2.4977
108.0000 2.3981
109.0000 2.3260
110.0000 2.4246
111.0000 2.5069
112.0000 2.5333
113.0000 2.6113
114.0000 2.6825
115.0000 2.7439
116.0000 2.7414
117.0000 2.7350
118.0000 2.6511
119.0000 2.6682
120.0000 2.5756
121.0000 2.4883
122.0000 2.3924
123.0000 2.2928
124.0000 2.3352
125.0000 2.3501
126.0000 2.4051
127.0000 2.3938
128.0000 2.4636
129.0000 2.4138
130.0000 2.3244
131.0000 2.2389
132.0000 2.1430
133.0000 2.0592
134.0000 1.9673
135.0000 1.8699
136.0000 1.7971
137.0000 1.6971
138.0000 1.5971
139.0000 1.5135
140.0000 1.4245
141.0000 1.4548
142.0000 1.5238
143.0000 1.5641
144.0000 1.5635
145.0000 1.5751
146.0000 1.6554
147.0000 1.7008
148.0000 1.7984
149.0000 1.8565
150.0000 1.9558
