1.0000 2.1694
2.0000 2.0875
3.0000 2.0404
4.0000 2.0891
5.0000 2.0221
6.0000 2.0445
7.0000 2.0209
8.0000 1.9544
9.0000 1.8844
10.0000 1.8306
11.0000 1.7366
12.0000 1.7213
13.0000 1.6527
14.0000 1.6321
15.0000 1.6217
16.0000 1.6659
17.0000 1.6534
18.0000 1.6381
19.0000 1.7381
20.0000 1.8370
21.0000 1.9367
22.0000 1.9854
23.0000 2.0606
24.0000 2.1487
25.0000 2.2346
26.0000 2.2311
27.0000 2.3178
28.0000 2.4130
29.0000 2.3814
30.0000 2.4423
31.0000 2.5101
32.0000 2.4323
33.0000 2.3537
34.0000 2.2592
35.0000 2.1838
36.0000 2.2096
37.0000 2.1607
38.0000 2.1881
39.0000 2.1855
40.0000 2.1027
41.0000 2.0992
42.0000 2.1908
43.0000 2.1685
44.0000 2.2649
45.0000 2.3640
46.0000 2.4568
47.0000 2.5475
48.0000 2.5709
49.0000 2.6148
50.0000 2.6041
51.0000 2.5672
52.0000 2.6101
53.0000 2.6864
54.0000 2.7735
55.0000 2.8458
56.0000 2.7596
57.0000 2.6598
58.0000 2.5736
59.0000 2.5286
60.0000 2.4322
61.0000 2.3776
62.0000 2.3742
63.0000 2.2765
64.0000 2.2423
65.0000 2.2169
66.0000 2.2575
67.0000 2.3471
68.0000 2.4030
69.0000 2.4900
70.0000 2.5631
71.0000 2.6435
72.0000 2.7007
73.0000 2.6662
74.0000 2.5667
75.0000 2.5110
76.0000 2.4152
77.0000 2.3341
78.0000 2.2361
79.0000 2.1378
80.0000 2.0931
81.0000 2.0543
82.0000 1.9558
83.0000 1.9255
84.0000 1.9819
85.0000 2.0289
86.0000 1.9767
87.0000 1.8923
88.0000 1.9329
89.0000 2.0295
90.0000 2.0830
91.0000 2.0466
92.0000 2.0370
93.0000 2.1205
94.0000 2.1521
95.0000 2.1238
96.0000 2.0736
97.0000 1.9828
98.0000 1.8887
99.0000 1.7915
100.0000 1.7050
101.0000 1.6052
102.0000 1.5056
103.0000 1.4742
104.0000 1.5742
105.0000 1.6534
106.0000 1.7069
107.0000 1.7699
108.0000 1.7516
109.0000 1.7103
110.0000 1.6170
111.0000 1.5517
112.0000 1.6375
113.0000 1.7264
114.0000 1.8095
115.0000 1.8764
116.0000 1.7766
117.0000 1.6775
118.0000 1.5883
119.0000 1.5443
120.0000 1.4444
121.0000 1.3488
122.0000 1.3080
123.0000 1.2171
124.0000 1.1184
125.0000 1.0592
126.0000 1.0031
127.0000 0.9045
128.0000 0.8084
129.0000 0.7390
130.0000 0.6393
131.0000 0.5749
132.0000 0.4770
133.0000 0.3796
134.0000 0.2817
135.0000 0.2008
136.0000 0.1515
137.0000 0.0597
138.0000 0.0851
139.0000 0.1775
140.0000 0.2718
141.0000 0.3653
142.0000 0.4399
143.0000 0.5391
144.0000 0.6361
145.0000 0.6773
146.0000 0.6965
147.0000 0.6216
148.0000 0.5297
149.0000 0.4828
150.0000 0.3905
