1.0000 2.1370
2.0000 2.2120
3.0000 2.2255
4.0000 2.2972
5.0000 2.2511
6.0000 2.2960
7.0000 2.3649
8.0000 2.4401
9.0000 2.5385
10.0000 2.6279
11.0000 2.6404
12.0000 2.7240
13.0000 2.8060
14.0000 2.8209
15.0000 2.7225
16.0000 2.6395
17.0000 2.6192
18.0000 2.6291
19.0000 2.5690
20.0000 2.4740
21.0000 2.4272
22.0000 2.4657
23.0000 2.5530
24.0000 2.6482
25.0000 2.6209
26.0000 2.5339
27.0000 2.4692
28.0000 2.4148
29.0000 2.3970
30.0000 2.3291
31.0000 2.3084
32.0000 2.3882
33.0000 2.4805
34.0000 2.4819
35.0000 2.4958
36.0000 2.5267
37.0000 2.6181
38.0000 2.6970
39.0000 2.7915
40.0000 2.8057
41.0000 2.7073
42.0000 2.6079
43.0000 2.5409
44.0000 2.5083
45.0000 2.4478
46.0000 2.3786
47.0000 2.4111
48.0000 2.5043
49.0000 2.6019
50.0000 2.7013
51.0000 2.7762
52.0000 2.7178
53.0000 2.6249
54.0000 2.5483
55.0000 2.4666
56.0000 2.3801
57.0000 2.2894
58.0000 2.2713
59.0000 2.2930
60.0000 2.2978
61.0000 2.2031
62.0000 2.1218
63.0000 2.0354
64.0000 1.9488
65.0000 1.9986
66.0000 2.0086
67.0000 1.9668
68.0000 1.9235
69.0000 1.9849
70.0000 1.9728
71.0000 1.9315
72.0000 1.9095
73.0000 2.0051
74.0000 2.0659
75.0000 2.1653
76.0000 2.2640
77.0000 2.3508
78.0000 2.4225
79.0000 2.5198
80.0000 2.6046
81.0000 2.6046
82.0000 2.5087
83.0000 2.4154
84.0000 2.3476
85.0000 2.3403
86.0000 2.3487
87.0000 2.4482
88.0000 2.5429
89.0000 2.6275
90.0000 2.6837
91.0000 2.7266
92.0000 2.7798
93.0000 2.7494
94.0000 2.8138
95.0000 2.8019
96.0000 2.7095
97.0000 2.6161
98.0000 2.6631
99.0000 2.5878
100.0000 2.5166
101.0000 2.4182
102.0000 2.3301
103.0000 2.2330
104.0000 2.1461
105.0000 2.0603
106.0000 1.9799
107.0000 1.9756
108.0000 2.0173
109.0000 2.1139
110.0000 2.1645
111.0000 2.1403
112.0000 2.0916
113.0000 2.0664
114.0000 2.0823
115.0000 2.1257
116.0000 2.0391
117.0000 1.9432
118.0000 1.8595
119.0000 1.7595
120.0000 1.6765
121.0000 1.6039
122.0000 1.5472
123.0000 1.6179
124.0000 1.5639
125.0000 1.6068
126.0000 1.7065
127.0000 1.8065
128.0000 1.8662
129.0000 1.8426
130.0000 1.8368
131.0000 1.9206
132.0000 1.9969
133.0000 1.9471
134.0000 1.8860
135.0000 1.7998
136.0000 1.7168
137.0000 1.6317
138.0000 1.5809
139.0000 1.4888
140.0000 1.3939
141.0000 1.3812
142.0000 1.3875
143.0000 1.4086
144.0000 1.4256
145.0000 1.5003
146.0000 1.5583
147.0000 1.6343
148.0000 1.7119
149.0000 1.6936
150.0000 1.7936
