1.0000 2.1608
2.0000 2.0674
3.0000 1.9751
4.0000 1.8793
5.0000 1.7988
6.0000 1.7274
7.0000 1.6284
8.0000 1.5388
9.0000 1.4389
10.0000 1.3445
11.0000 1.2470
12.0000 1.1536
13.0000 1.0732
14.0000 1.0692
15.0000 1.0560
16.0000 1.0739
17.0000 1.0110
18.0000 0.9290
19.0000 0.8607
20.0000 0.7641
21.0000 0.6826
22.0000 0.5856
23.0000 0.4922
24.0000 0.3999
25.0000 0.4074
26.0000 0.4067
27.0000 0.3579
28.0000 0.4447
29.0000 0.5286
30.0000 0.6186
31.0000 0.6994
32.0000 0.7507
33.0000 0.7593
34.0000 0.6950
35.0000 0.5982
36.0000 0.5445
37.0000 0.4872
38.0000 0.4109
39.0000 0.4014
40.0000 0.4489
41.0000 0.5307
42.0000 0.6286
43.0000 0.6903
44.0000 0.7894
45.0000 0.8132
46.0000 0.8799
47.0000 0.8892
48.0000 0.9356
49.0000 0.8998
50.0000 0.9256
51.0000 0.9835
52.0000 0.8841
53.0000 0.9440
54.0000 0.9421
55.0000 0.9560
56.0000 1.0060
57.0000 1.0641
58.0000 1.1560
59.0000 1.1770
60.0000 1.2661
61.0000 1.3547
62.0000 1.4536
63.0000 1.5443
64.0000 1.6442
65.0000 1.7238
66.0000 1.8160
67.0000 1.9157
68.0000 2.0146
69.0000 2.0898
70.0000 2.1078
71.0000 2.1044
72.0000 2.1222
73.0000 2.0337
74.0000 2.0145
75.0000 2.0784
76.0000 2.1258
77.0000 2.2254
78.0000 2.2909
79.0000 2.3526
80.0000 2.3741
81.0000 2.4638
82.0000 2.5126
83.0000 2.4973
84.0000 2.4301
85.0000 2.5296
86.0000 2.6167
87.0000 2.6676
88.0000 2.7305
89.0000 2.8305
90.0000 2.9304
91.0000 2.9876
92.0000 2.9865
93.0000 2.8865
94.0000 2.7920
95.0000 2.7468
96.0000 2.7388
97.0000 2.6413
98.0000 2.5935
99.0000 2.4938
100.0000 2.3939
101.0000 2.3002
102.0000 2.2293
103.0000 2.3056
104.0000 2.4032
105.0000 2.5006
106.0000 2.5866
107.0000 2.6711
108.0000 2.7598
109.0000 2.8481
110.0000 2.9219
111.0000 2.9598
112.0000 3.0531
113.0000 3.0557
114.0000 3.0127
115.0000 3.0139
116.0000 3.1081
117.0000 3.0960
118.0000 3.0093
119.0000 2.9136
120.0000 2.8348
121.0000 2.7356
122.0000 2.6388
123.0000 2.6146
124.0000 2.6938
125.0000 2.7011
126.0000 2.7823
127.0000 2.7775
128.0000 2.7136
129.0000 2.6279
130.0000 2.6354
131.0000 2.6855
132.0000 2.7358
133.0000 2.7722
134.0000 2.8159
135.0000 2.8140
136.0000 2.7607
137.0000 2.7997
138.0000 2.8930
139.0000 2.9748
140.0000 2.9825
141.0000 2.9030
142.0000 2.8311
143.0000 2.9093
144.0000 3.0067
145.0000 3.0155
146.0000 2.9795
147.0000 2.9970
148.0000 2.9860
149.0000 2.9283
150.0000 2.8503
