1.0000 2.1512
2.0000 2.1293
3.0000 2.0331
4.0000 2.0054
5.0000 2.0346
6.0000 2.0069
7.0000 2.0150
8.0000 2.0399
9.0000 2.0470
10.0000 1.9470
11.0000 1.9315
12.0000 1.9282
13.0000 1.8300
14.0000 1.7566
15.0000 1.7493
16.0000 1.6834
17.0000 1.6824
18.0000 1.6054
19.0000 1.5237
20.0000 1.4618
21.0000 1.3763
22.0000 1.3324
23.0000 1.2563
24.0000 1.1576
25.0000 1.0720
26.0000 1.0117
27.0000 0.9121
28.0000 0.8422
29.0000 0.8477
30.0000 0.9475
31.0000 1.0415
32.0000 1.1353
33.0000 1.2232
34.0000 1.3230
35.0000 1.3958
36.0000 1.4077
37.0000 1.3912
38.0000 1.4865
39.0000 1.5778
40.0000 1.5463
41.0000 1.4502
42.0000 1.4887
43.0000 1.5853
44.0000 1.6828
45.0000 1.7583
46.0000 1.7940
47.0000 1.8672
48.0000 1.9661
49.0000 2.0097
50.0000 1.9512
51.0000 1.8888
52.0000 1.9269
53.0000 1.9887
54.0000 1.9964
55.0000 2.0316
56.0000 2.0325
57.0000 2.1254
58.0000 2.2103
59.0000 2.1935
60.0000 2.2344
61.0000 2.2770
62.0000 2.3554
63.0000 2.4517
64.0000 2.5301
65.0000 2.6236
66.0000 2.5842
67.0000 2.4874
68.0000 2.4127
69.0000 2.3127
70.0000 2.2297
71.0000 2.1319
72.0000 2.0469
73.0000 1.9677
74.0000 1.9357
75.0000 1.9679
76.0000 1.9733
77.0000 1.9985
78.0000 1.9661
79.0000 1.8924
80.0000 1.7931
81.0000 1.7221
82.0000 1.6224
83.0000 1.5230
84.0000 1.5179
85.0000 1.5644
86.0000 1.6610
87.0000 1.7036
88.0000 1.7948
89.0000 1.8382
90.0000 1.9273
91.0000 2.0098
92.0000 2.0305
93.0000 1.9950
94.0000 1.9090
95.0000 1.8098
96.0000 1.7256
97.0000 1.6484
98.0000 1.6224
99.0000 1.5261
100.0000 1.6261
101.0000 1.7221
102.0000 1.8211
103.0000 1.7762
104.0000 1.7354
105.0000 1.6465
106.0000 1.5877
107.0000 1.5555
108.0000 1.5373
109.0000 1.6248
110.0000 1.6905
111.0000 1.6711
112.0000 1.5873
113.0000 1.4951
114.0000 1.3972
115.0000 1.3797
116.0000 1.4361
117.0000 1.4952
118.0000 1.5440
119.0000 1.6310
120.0000 1.6346
121.0000 1.6193
122.0000 1.5348
123.0000 1.4403
124.0000 1.3616
125.0000 1.2617
126.0000 1.1936
127.0000 1.2097
128.0000 1.1992
129.0000 1.2979
130.0000 1.3632
131.0000 1.3837
132.0000 1.4144
133.0000 1.5122
134.0000 1.6089
135.0000 1.6917
136.0000 1.7051
137.0000 1.6731
138.0000 1.7242
139.0000 1.7111
140.0000 1.8030
141.0000 1.8983
142.0000 1.9881
143.0000 2.0720
144.0000 2.0833
145.0000 2.1029
146.0000 2.0519
147.0000 1.9690
148.0000 1.9269
149.0000 1.9878
150.0000 2.0440
