1.0000 2.1361
2.0000 2.0765
3.0000 1.9906
4.0000 2.0009
5.0000 2.0607
6.0000 2.1605
7.0000 2.2561
8.0000 2.3555
9.0000 2.4196
10.0000 2.3331
11.0000 2.3335
12.0000 2.2906
13.0000 2.2432
14.0000 2.2487
15.0000 2.1897
16.0000 2.0919
17.0000 2.0184
18.0000 1.9415
19.0000 1.8618
20.0000 1.7725
21.0000 1.6842
22.0000 1.6499
23.0000 1.5883
24.0000 1.5606
25.0000 1.6561
26.0000 1.7518
27.0000 1.8479
28.0000 1.9222
29.0000 1.9880
30.0000 2.0579
31.0000 2.1224
32.0000 2.2086
33.0000 2.2297
34.0000 2.2222
35.0000 2.1782
36.0000 2.1437
37.0000 2.0532
38.0000 1.9532
39.0000 1.8708
40.0000 1.7746
41.0000 1.7017
42.0000 1.6204
43.0000 1.6477
44.0000 1.6885
45.0000 1.7613
46.0000 1.7597
47.0000 1.8308
48.0000 1.7880
49.0000 1.8115
50.0000 1.8540
51.0000 1.9258
52.0000 2.0233
53.0000 2.1226
54.0000 2.1670
55.0000 2.2384
56.0000 2.3251
57.0000 2.4247
58.0000 2.5027
59.0000 2.5482
60.0000 2.5753
61.0000 2.6485
62.0000 2.6160
63.0000 2.5175
64.0000 2.4191
65.0000 2.3360
66.0000 2.3384
67.0000 2.3951
68.0000 2.4429
69.0000 2.4576
70.0000 2.3714
71.0000 2.3192
72.0000 2.2193
73.0000 2.1482
74.0000 2.0812
75.0000 2.0709
76.0000 1.9711
77.0000 1.9552
78.0000 1.9543
79.0000 1.8557
80.0000 1.7557
81.0000 1.7913
82.0000 1.8856
83.0000 1.9837
84.0000 2.0469
85.0000 2.1369
86.0000 2.2065
87.0000 2.2055
88.0000 2.1592
89.0000 2.0945
90.0000 2.0783
91.0000 1.9942
92.0000 1.8954
93.0000 1.8019
94.0000 1.7026
95.0000 1.6045
96.0000 1.5084
97.0000 1.4155
98.0000 1.3634
99.0000 1.2767
100.0000 1.2774
101.0000 1.3198
102.0000 1.3771
103.0000 1.3608
104.0000 1.4600
105.0000 1.4980
106.0000 1.4917
107.0000 1.3937
108.0000 1.3571
109.0000 1.3170
110.0000 1.3443
111.0000 1.3279
112.0000 1.4257
113.0000 1.4695
114.0000 1.4545
115.0000 1.5403
116.0000 1.5342
117.0000 1.6096
118.0000 1.6754
119.0000 1.7562
120.0000 1.8367
121.0000 1.9107
122.0000 1.8942
123.0000 1.9060
124.0000 1.8727
125.0000 1.8152
126.0000 1.8251
127.0000 1.7970
128.0000 1.8954
129.0000 1.9253
130.0000 2.0140
131.0000 2.0685
132.0000 2.1494
133.0000 2.1912
134.0000 2.2635
135.0000 2.3529
136.0000 2.3488
137.0000 2.2849
138.0000 2.2354
139.0000 2.2474
140.0000 2.2025
141.0000 2.1709
142.0000 2.2342
143.0000 2.3048
144.0000 2.3954
145.0000 2.3805
146.0000 2.3735
147.0000 2.4571
148.0000 2.3920
149.0000 2.3149
150.0000 2.2650
