1.0000 2.2548
2.0000 2.1776
3.0000 2.0776
4.0000 2.0687
5.0000 2.1397
6.0000 2.2088
7.0000 2.2877
8.0000 2.3260
9.0000 2.2916
10.0000 2.3563
11.0000 2.4373
12.0000 2.4299
13.0000 2.3312
14.0000 2.3138
15.0000 2.2179
16.0000 2.1527
17.0000 2.0638
18.0000 1.9703
19.0000 2.0010
20.0000 1.9758
21.0000 1.9182
22.0000 1.8233
23.0000 1.7651
24.0000 1.7578
25.0000 1.8512
26.0000 1.8640
27.0000 1.8226
28.0000 1.8212
29.0000 1.8034
30.0000 1.7782
31.0000 1.8239
32.0000 1.7984
33.0000 1.8629
34.0000 1.9566
35.0000 2.0150
36.0000 1.9432
37.0000 1.8476
38.0000 1.7911
39.0000 1.7091
40.0000 1.7301
41.0000 1.7092
42.0000 1.6630
43.0000 1.6411
44.0000 1.6147
45.0000 1.6201
46.0000 1.5257
47.0000 1.4340
48.0000 1.3386
49.0000 1.3329
50.0000 1.4044
51.0000 1.3854
52.0000 1.4816
53.0000 1.5806
54.0000 1.6766
55.0000 1.7734
56.0000 1.8731
57.0000 1.9635
58.0000 2.0618
59.0000 2.1357
60.0000 2.2347
61.0000 2.2794
62.0000 2.2666
63.0000 2.2199
64.0000 2.2550
65.0000 2.3497
66.0000 2.4341
67.0000 2.4985
68.0000 2.4377
69.0000 2.3981
70.0000 2.4523
71.0000 2.4485
72.0000 2.3901
73.0000 2.2921
74.0000 2.2972
75.0000 2.2698
76.0000 2.3474
77.0000 2.4456
78.0000 2.5282
79.0000 2.5266
80.0000 2.5360
81.0000 2.5697
82.0000 2.4809
83.0000 2.3837
84.0000 2.2921
85.0000 2.1928
86.0000 2.1027
87.0000 2.0231
88.0000 1.9231
89.0000 1.8233
90.0000 1.7270
91.0000 1.8171
92.0000 1.8918
93.0000 1.9343
94.0000 2.0341
95.0000 2.0788
96.0000 2.0421
97.0000 2.0874
98.0000 2.1349
99.0000 2.2335
100.0000 2.3241
101.0000 2.4220
102.0000 2.5181
103.0000 2.6172
104.0000 2.6147
105.0000 2.6653
106.0000 2.6985
107.0000 2.7181
108.0000 2.6744
109.0000 2.6150
110.0000 2.5236
111.0000 2.4635
112.0000 2.5532
113.0000 2.6532
114.0000 2.7127
115.0000 2.8110
116.0000 2.8632
117.0000 2.8414
118.0000 2.7543
119.0000 2.6773
120.0000 2.6012
121.0000 2.5177
122.0000 2.4387
123.0000 2.3596
124.0000 2.2880
125.0000 2.2074
126.0000 2.1124
127.0000 2.0260
128.0000 2.0500
129.0000 2.0984
130.0000 2.1915
131.0000 2.2550
132.0000 2.3523
133.0000 2.4131
134.0000 2.5007
135.0000 2.5806
136.0000 2.6264
137.0000 2.6577
138.0000 2.6990
139.0000 2.6652
140.0000 2.6901
141.0000 2.7880
142.0000 2.8310
143.0000 2.7329
144.0000 2.6343
145.0000 2.5506
146.0000 2.4523
147.0000 2.4526
148.0000 2.4527
149.0000 2.4375
150.0000 2.3398
