1.0000 2.1734
2.0000 2.1468
3.0000 2.1816
4.0000 2.0967
5.0000 2.0434
6.0000 1.9960
7.0000 1.8960
8.0000 1.8846
9.0000 1.7927
10.0000 1.6996
11.0000 1.7185
12.0000 1.7978
13.0000 1.8830
14.0000 1.9597
15.0000 2.0456
16.0000 2.1022
17.0000 2.2006
18.0000 2.2972
19.0000 2.3568
20.0000 2.3754
21.0000 2.3433
22.0000 2.3484
23.0000 2.4357
24.0000 2.5353
25.0000 2.5893
26.0000 2.5586
27.0000 2.6045
28.0000 2.6893
29.0000 2.7738
30.0000 2.7941
31.0000 2.7221
32.0000 2.7102
33.0000 2.6107
34.0000 2.5241
35.0000 2.4527
36.0000 2.4841
37.0000 2.5351
38.0000 2.4352
39.0000 2.4053
40.0000 2.3197
41.0000 2.3726
42.0000 2.4288
43.0000 2.4552
44.0000 2.5105
45.0000 2.5818
46.0000 2.5079
47.0000 2.4173
48.0000 2.3305
49.0000 2.2345
50.0000 2.1385
51.0000 2.0395
52.0000 1.9488
53.0000 1.8711
54.0000 1.7728
55.0000 1.6729
56.0000 1.7015
57.0000 1.7973
58.0000 1.8896
59.0000 1.9529
60.0000 1.8530
61.0000 1.7859
62.0000 1.6910
63.0000 1.5959
64.0000 1.4963
65.0000 1.4122
66.0000 1.4403
67.0000 1.3980
68.0000 1.3012
69.0000 1.3256
70.0000 1.3696
71.0000 1.4604
72.0000 1.5240
73.0000 1.5859
74.0000 1.6601
75.0000 1.7483
76.0000 1.8269
77.0000 1.9033
78.0000 1.9705
79.0000 2.0701
80.0000 2.1290
81.0000 2.0493
82.0000 2.1376
83.0000 2.1877
84.0000 2.2815
85.0000 2.3815
86.0000 2.3902
87.0000 2.3643
88.0000 2.3045
89.0000 2.2539
90.0000 2.2836
91.0000 2.3637
92.0000 2.3397
93.0000 2.3617
94.0000 2.3391
95.0000 2.2510
96.0000 2.1977
97.0000 2.1392
98.0000 2.0801
99.0000 1.9806
100.0000 1.9028
101.0000 1.8041
102.0000 1.8113
103.0000 1.7453
104.0000 1.7607
105.0000 1.7731
106.0000 1.7302
107.0000 1.6374
108.0000 1.5990
109.0000 1.6589
110.0000 1.7553
111.0000 1.8452
112.0000 1.9430
113.0000 2.0123
114.0000 2.0223
115.0000 1.9875
116.0000 1.9818
117.0000 1.9478
118.0000 1.9843
119.0000 1.9163
120.0000 1.8461
121.0000 1.7790
122.0000 1.6870
123.0000 1.6901
124.0000 1.7268
125.0000 1.7087
126.0000 1.7765
127.0000 1.8520
128.0000 1.9097
129.0000 1.9657
130.0000 2.0466
131.0000 2.0161
132.0000 1.9204
133.0000 1.8318
134.0000 1.8503
135.0000 1.8621
136.0000 1.9514
137.0000 2.0513
138.0000 2.1430
139.0000 2.2359
140.0000 2.3016
141.0000 2.4008
142.0000 2.4714
143.0000 2.5566
144.0000 2.5526
145.0000 2.4623
146.0000 2.3642
147.0000 2.3016
148.0000 2.2027
149.0000 2.2287
150.0000 2.2831
