1.0000 2.1403
2.0000 2.1088
3.0000 2.0313
4.0000 1.9593
5.0000 1.9123
6.0000 1.8390
7.0000 1.8244
8.0000 1.7823
9.0000 1.8653
10.0000 1.8695
11.0000 1.8368
12.0000 1.7375
13.0000 1.7370
14.0000 1.7794
15.0000 1.8029
16.0000 1.8899
17.0000 1.9876
18.0000 2.0801
19.0000 2.1445
20.0000 2.0837
21.0000 1.9839
22.0000 1.8843
23.0000 1.8229
24.0000 1.9071
25.0000 1.9775
26.0000 2.0528
27.0000 2.1164
28.0000 2.2105
29.0000 2.2916
30.0000 2.3410
31.0000 2.2483
32.0000 2.2247
33.0000 2.2505
34.0000 2.3322
35.0000 2.3821
36.0000 2.3854
37.0000 2.2913
38.0000 2.2530
39.0000 2.2393
40.0000 2.2732
41.0000 2.2260
42.0000 2.1333
43.0000 2.0629
44.0000 2.1222
45.0000 2.0935
46.0000 2.1259
47.0000 2.2225
48.0000 2.2951
49.0000 2.3194
50.0000 2.4002
51.0000 2.4952
52.0000 2.5821
53.0000 2.6605
54.0000 2.6965
55.0000 2.6081
56.0000 2.6271
57.0000 2.5516
58.0000 2.4638
59.0000 2.3766
60.0000 2.4523
61.0000 2.4674
62.0000 2.3760
63.0000 2.3825
64.0000 2.4153
65.0000 2.5140
66.0000 2.6051
67.0000 2.6218
68.0000 2.6657
69.0000 2.7657
70.0000 2.8033
71.0000 2.8305
72.0000 2.7341
73.0000 2.6345
74.0000 2.5448
75.0000 2.4483
76.0000 2.4894
77.0000 2.4490
78.0000 2.3672
79.0000 2.3543
80.0000 2.3072
81.0000 2.2836
82.0000 2.3343
83.0000 2.2576
84.0000 2.2194
85.0000 2.2554
86.0000 2.1950
87.0000 2.1272
88.0000 2.0713
89.0000 2.1421
90.0000 2.2375
91.0000 2.2089
92.0000 2.2974
93.0000 2.3973
94.0000 2.4076
95.0000 2.4106
96.0000 2.4093
97.0000 2.4167
98.0000 2.3483
99.0000 2.2487
100.0000 2.1736
101.0000 2.2455
102.0000 2.3101
103.0000 2.3907
104.0000 2.4577
105.0000 2.5187
106.0000 2.6033
107.0000 2.6897
108.0000 2.7197
109.0000 2.7421
110.0000 2.6621
111.0000 2.6710
112.0000 2.7305
113.0000 2.7081
114.0000 2.6126
115.0000 2.5126
116.0000 2.4171
117.0000 2.3396
118.0000 2.3691
119.0000 2.2753
120.0000 2.1756
121.0000 2.0786
122.0000 1.9874
123.0000 1.8971
124.0000 1.8480
125.0000 1.7822
126.0000 1.6988
127.0000 1.6026
128.0000 1.5491
129.0000 1.4686
130.0000 1.5311
131.0000 1.5672
132.0000 1.4678
133.0000 1.3700
134.0000 1.3367
135.0000 1.2381
136.0000 1.1405
137.0000 1.1234
138.0000 1.1350
139.0000 1.0742
140.0000 0.9972
141.0000 0.9334
142.0000 0.8469
143.0000 0.7478
144.0000 0.6687
145.0000 0.7292
146.0000 0.7197
147.0000 0.6995
148.0000 0.6654
149.0000 0.7433
150.0000 0.8136
