1.0000 2.1495
2.0000 2.0892
3.0000 2.0926
4.0000 1.9970
5.0000 1.8995
6.0000 1.8964
7.0000 1.8776
8.0000 1.9391
9.0000 1.9532
10.0000 2.0400
11.0000 2.1315
12.0000 2.2256
13.0000 2.2830
14.0000 2.3821
15.0000 2.3536
16.0000 2.4271
17.0000 2.5107
18.0000 2.6074
19.0000 2.6625
20.0000 2.6374
21.0000 2.5884
22.0000 2.4888
23.0000 2.3889
24.0000 2.4502
25.0000 2.5214
26.0000 2.6094
27.0000 2.7042
28.0000 2.8042
29.0000 2.7896
30.0000 2.7968
31.0000 2.7709
32.0000 2.7012
33.0000 2.6181
34.0000 2.5537
35.0000 2.4800
36.0000 2.4320
37.0000 2.4604
38.0000 2.5145
39.0000 2.6030
40.0000 2.6676
41.0000 2.6697
42.0000 2.5698
43.0000 2.5044
44.0000 2.4319
45.0000 2.3455
46.0000 2.2894
47.0000 2.2290
48.0000 2.2685
49.0000 2.3550
50.0000 2.3330
51.0000 2.3719
52.0000 2.4524
53.0000 2.4040
54.0000 2.3269
55.0000 2.2429
56.0000 2.1853
57.0000 2.2559
58.0000 2.2631
59.0000 2.2219
60.0000 2.1801
61.0000 2.1553
62.0000 2.1127
63.0000 2.0222
64.0000 1.9457
65.0000 1.8474
66.0000 1.7486
67.0000 1.6613
68.0000 1.6686
69.0000 1.7400
70.0000 1.7856
71.0000 1.8009
72.0000 1.8979
73.0000 1.9934
74.0000 1.9547
75.0000 2.0464
76.0000 2.0775
77.0000 2.1721
78.0000 2.2573
79.0000 2.3196
80.0000 2.3963
81.0000 2.4790
82.0000 2.5689
83.0000 2.5470
84.0000 2.5650
85.0000 2.5007
86.0000 2.4047
87.0000 2.3048
88.0000 2.2453
89.0000 2.2575
90.0000 2.3564
91.0000 2.4455
92.0000 2.4852
93.0000 2.4707
94.0000 2.3926
95.0000 2.4608
96.0000 2.4889
97.0000 2.4244
98.0000 2.3308
99.0000 2.2724
100.0000 2.1725
101.0000 2.1523
102.0000 2.2404
103.0000 2.2771
104.0000 2.1870
105.0000 2.0916
106.0000 1.9916
107.0000 1.9906
108.0000 1.9718
109.0000 1.9591
110.0000 2.0367
111.0000 2.1018
112.0000 2.1846
113.0000 2.2353
114.0000 2.2298
115.0000 2.3123
116.0000 2.4017
117.0000 2.4413
118.0000 2.4840
119.0000 2.5800
120.0000 2.6212
121.0000 2.6051
122.0000 2.6684
123.0000 2.7400
124.0000 2.8390
125.0000 2.9020
126.0000 2.8110
127.0000 2.7121
128.0000 2.6820
129.0000 2.6593
130.0000 2.6501
131.0000 2.7111
132.0000 2.6128
133.0000 2.5618
134.0000 2.5576
135.0000 2.5569
136.0000 2.6502
137.0000 2.6970
138.0000 2.7935
139.0000 2.7144
140.0000 2.6484
141.0000 2.5506
142.0000 2.5012
143.0000 2.4191
144.0000 2.3355
145.0000 2.3837
146.0000 2.4698
147.0000 2.5143
148.0000 2.6087
149.0000 2.7087
150.0000 2.7376
