1.0000 2.1625
2.0000 2.0729
3.0000 2.0950
4.0000 2.0379
5.0000 1.9418
6.0000 1.8424
7.0000 1.7612
8.0000 1.6655
9.0000 1.5660
10.0000 1.5366
11.0000 1.4714
12.0000 1.4722
13.0000 1.5674
14.0000 1.5480
15.0000 1.4993
16.0000 1.4453
17.0000 1.4519
18.0000 1.3611
19.0000 1.2676
20.0000 1.2371
21.0000 1.1978
22.0000 1.1089
23.0000 1.1465
24.0000 1.2392
25.0000 1.2402
26.0000 1.2396
27.0000 1.2268
28.0000 1.3262
29.0000 1.3508
30.0000 1.2726
31.0000 1.3032
32.0000 1.2526
33.0000 1.2784
34.0000 1.2595
35.0000 1.2119
36.0000 1.1377
37.0000 1.0730
38.0000 0.9942
39.0000 0.9225
40.0000 0.8354
41.0000 0.7465
42.0000 0.7494
43.0000 0.8357
44.0000 0.9259
45.0000 0.9780
46.0000 0.9738
47.0000 0.8841
48.0000 0.7911
49.0000 0.7195
50.0000 0.6248
51.0000 0.6557
52.0000 0.6862
53.0000 0.7507
54.0000 0.7919
55.0000 0.8092
56.0000 0.8854
57.0000 0.9109
58.0000 0.9297
59.0000 1.0289
60.0000 1.1051
61.0000 1.1736
62.0000 1.1818
63.0000 1.1517
64.0000 1.1473
65.0000 1.1881
66.0000 1.2881
67.0000 1.3706
68.0000 1.4099
69.0000 1.3775
70.0000 1.4774
71.0000 1.5061
72.0000 1.4863
73.0000 1.4630
74.0000 1.4109
75.0000 1.3349
76.0000 1.4260
77.0000 1.5168
78.0000 1.5962
79.0000 1.6283
80.0000 1.6626
81.0000 1.6384
82.0000 1.7044
83.0000 1.7351
84.0000 1.8327
85.0000 1.9299
86.0000 1.9587
87.0000 1.9844
88.0000 2.0603
89.0000 2.1389
90.0000 2.1680
91.0000 2.2407
92.0000 2.3216
93.0000 2.4107
94.0000 2.3912
95.0000 2.3266
96.0000 2.2842
97.0000 2.1923
98.0000 2.1195
99.0000 2.0244
100.0000 1.9344
101.0000 1.8346
102.0000 1.7615
103.0000 1.6625
104.0000 1.6304
105.0000 1.5322
106.0000 1.4608
107.0000 1.3786
108.0000 1.3037
109.0000 1.3018
110.0000 1.2986
111.0000 1.3272
112.0000 1.3006
113.0000 1.2436
114.0000 1.3436
115.0000 1.4403
116.0000 1.5321
117.0000 1.5094
118.0000 1.5526
119.0000 1.6048
120.0000 1.6875
121.0000 1.7859
122.0000 1.8523
123.0000 1.8508
124.0000 1.9281
125.0000 1.9883
126.0000 2.0550
127.0000 2.1483
128.0000 2.1488
129.0000 2.2109
130.0000 2.2185
131.0000 2.3134
132.0000 2.4115
133.0000 2.5063
134.0000 2.4346
135.0000 2.3401
136.0000 2.2403
137.0000 2.2461
138.0000 2.3435
139.0000 2.4413
140.0000 2.4684
141.0000 2.4810
142.0000 2.4878
143.0000 2.5124
144.0000 2.4833
145.0000 2.3843
146.0000 2.3233
147.0000 2.2638
148.0000 2.3253
149.0000 2.3349
150.0000 2.4024
