1.0000 2.2317
2.0000 2.1827
3.0000 2.1081
4.0000 2.0404
5.0000 1.9472
6.0000 1.8960
7.0000 1.8182
8.0000 1.8826
9.0000 1.8052
10.0000 1.7234
11.0000 1.6841
12.0000 1.6343
13.0000 1.6159
14.0000 1.6965
15.0000 1.7560
16.0000 1.7417
17.0000 1.8400
18.0000 1.9379
19.0000 2.0306
20.0000 2.1054
21.0000 2.1878
22.0000 2.2004
23.0000 2.1298
24.0000 2.0922
25.0000 2.0771
26.0000 2.0536
27.0000 1.9557
28.0000 2.0428
29.0000 2.0395
30.0000 2.0496
31.0000 2.0607
32.0000 2.0911
33.0000 2.1862
34.0000 2.1852
35.0000 2.0888
36.0000 2.0864
37.0000 2.0946
38.0000 2.0287
39.0000 1.9521
40.0000 1.8788
41.0000 1.8114
42.0000 1.7118
43.0000 1.6220
44.0000 1.5221
45.0000 1.4522
46.0000 1.4019
47.0000 1.4906
48.0000 1.5042
49.0000 1.5800
50.0000 1.5754
51.0000 1.5041
52.0000 1.4761
53.0000 1.5412
54.0000 1.6203
55.0000 1.7190
56.0000 1.8080
57.0000 1.9061
58.0000 1.9995
59.0000 2.0821
60.0000 2.0609
61.0000 1.9806
62.0000 1.8809
63.0000 1.8365
64.0000 1.7384
65.0000 1.6496
66.0000 1.6193
67.0000 1.6276
68.0000 1.7274
69.0000 1.8273
70.0000 1.9187
71.0000 2.0182
72.0000 2.0782
73.0000 2.1687
74.0000 2.2459
75.0000 2.3193
76.0000 2.2193
77.0000 2.1462
78.0000 2.1574
79.0000 2.2379
80.0000 2.2359
81.0000 2.2986
82.0000 2.3172
83.0000 2.3344
84.0000 2.2966
85.0000 2.3083
86.0000 2.3796
87.0000 2.4465
88.0000 2.5169
89.0000 2.6168
90.0000 2.6665
91.0000 2.6131
92.0000 2.5396
93.0000 2.5113
94.0000 2.4476
95.0000 2.4103
96.0000 2.3124
97.0000 2.2176
98.0000 2.1176
99.0000 2.1059
100.0000 2.1998
101.0000 2.2533
102.0000 2.2247
103.0000 2.1356
104.0000 2.0494
105.0000 1.9532
106.0000 1.9397
107.0000 2.0375
108.0000 2.0384
109.0000 1.9875
110.0000 1.8902
111.0000 1.7948
112.0000 1.7054
113.0000 1.6204
114.0000 1.5614
115.0000 1.4892
116.0000 1.3978
117.0000 1.3552
118.0000 1.3814
119.0000 1.4266
120.0000 1.4271
121.0000 1.3776
122.0000 1.3570
123.0000 1.4400
124.0000 1.5239
125.0000 1.4886
126.0000 1.5871
127.0000 1.6000
128.0000 1.5281
129.0000 1.6137
130.0000 1.6826
131.0000 1.6227
132.0000 1.5334
133.0000 1.4334
134.0000 1.3870
135.0000 1.3883
136.0000 1.3795
137.0000 1.2863
138.0000 1.2890
139.0000 1.2668
140.0000 1.2789
141.0000 1.2916
142.0000 1.2011
143.0000 1.2916
144.0000 1.3915
145.0000 1.4028
146.0000 1.4695
147.0000 1.4564
148.0000 1.4112
149.0000 1.4759
150.0000 1.4973
