1.0000 2.1872
2.0000 2.1217
3.0000 2.0346
4.0000 1.9496
5.0000 1.8814
6.0000 1.8017
7.0000 1.7098
8.0000 1.6693
9.0000 1.6620
10.0000 1.5770
11.0000 1.4861
12.0000 1.3891
13.0000 1.3076
14.0000 1.2744
15.0000 1.2881
16.0000 1.3513
17.0000 1.4232
18.0000 1.5026
19.0000 1.5675
20.0000 1.6564
21.0000 1.7552
22.0000 1.8493
23.0000 1.8620
24.0000 1.9558
25.0000 2.0555
26.0000 2.0113
27.0000 1.9140
28.0000 1.8144
29.0000 1.7795
30.0000 1.6807
31.0000 1.6038
32.0000 1.5283
33.0000 1.4406
34.0000 1.3685
35.0000 1.3050
36.0000 1.3394
37.0000 1.3522
38.0000 1.4399
39.0000 1.5342
40.0000 1.6256
41.0000 1.7173
42.0000 1.6284
43.0000 1.6997
44.0000 1.7817
45.0000 1.8771
46.0000 1.9346
47.0000 2.0116
48.0000 2.0723
49.0000 2.1666
50.0000 2.2665
51.0000 2.2871
52.0000 2.3792
53.0000 2.4708
54.0000 2.5378
55.0000 2.6243
56.0000 2.6561
57.0000 2.6311
58.0000 2.5312
59.0000 2.4374
60.0000 2.3402
61.0000 2.3937
62.0000 2.4261
63.0000 2.3830
64.0000 2.4154
65.0000 2.5107
66.0000 2.5257
67.0000 2.4291
68.0000 2.3524
69.0000 2.3244
70.0000 2.4164
71.0000 2.3907
72.0000 2.4144
73.0000 2.4258
74.0000 2.4728
75.0000 2.5689
76.0000 2.5240
77.0000 2.4549
78.0000 2.3551
79.0000 2.2876
80.0000 2.3052
81.0000 2.3906
82.0000 2.4756
83.0000 2.4294
84.0000 2.3683
85.0000 2.2732
86.0000 2.2032
87.0000 2.1158
88.0000 2.0376
89.0000 2.0214
90.0000 2.0702
91.0000 2.1003
92.0000 2.0034
93.0000 1.9039
94.0000 1.8040
95.0000 1.7450
96.0000 1.6460
97.0000 1.5535
98.0000 1.5280
99.0000 1.5273
100.0000 1.5725
101.0000 1.6232
102.0000 1.6437
103.0000 1.6017
104.0000 1.5715
105.0000 1.5415
106.0000 1.5334
107.0000 1.6161
108.0000 1.6324
109.0000 1.5753
110.0000 1.5153
111.0000 1.4477
112.0000 1.5473
113.0000 1.5741
114.0000 1.6738
115.0000 1.7626
116.0000 1.7354
117.0000 1.6487
118.0000 1.5508
119.0000 1.4508
120.0000 1.4652
121.0000 1.3920
122.0000 1.3494
123.0000 1.2650
124.0000 1.2845
125.0000 1.3491
126.0000 1.4196
127.0000 1.5175
128.0000 1.6040
129.0000 1.7038
130.0000 1.7961
131.0000 1.8955
132.0000 1.9874
133.0000 1.9577
134.0000 1.8624
135.0000 1.7642
136.0000 1.6652
137.0000 1.6115
138.0000 1.5716
139.0000 1.6123
140.0000 1.7122
141.0000 1.7880
142.0000 1.7111
143.0000 1.6113
144.0000 1.5120
145.0000 1.4387
146.0000 1.3447
147.0000 1.2447
148.0000 1.1449
149.0000 1.0531
150.0000 1.0082
