1.0000 2.1382
2.0000 2.0394
3.0000 1.9490
4.0000 1.8491
5.0000 1.7547
6.0000 1.7353
7.0000 1.6703
8.0000 1.5945
9.0000 1.6030
10.0000 1.6410
11.0000 1.6047
12.0000 1.5423
13.0000 1.5363
14.0000 1.5891
15.0000 1.6867
16.0000 1.7682
17.0000 1.6994
18.0000 1.6198
19.0000 1.5968
20.0000 1.6161
21.0000 1.6616
22.0000 1.7589
23.0000 1.8588
24.0000 1.8279
25.0000 1.7816
26.0000 1.7142
27.0000 1.6566
28.0000 1.5656
29.0000 1.5310
30.0000 1.6181
31.0000 1.6854
32.0000 1.7392
33.0000 1.7499
34.0000 1.8396
35.0000 1.9030
36.0000 1.9706
37.0000 2.0560
38.0000 2.1410
39.0000 2.2194
40.0000 2.3084
41.0000 2.2241
42.0000 2.2118
43.0000 2.1244
44.0000 2.0262
45.0000 1.9976
46.0000 1.9049
47.0000 1.8837
48.0000 1.9417
49.0000 1.9268
50.0000 1.8666
51.0000 1.8726
52.0000 1.8217
53.0000 1.7627
54.0000 1.8066
55.0000 1.8858
56.0000 1.9417
57.0000 1.9888
58.0000 2.0568
59.0000 2.1552
60.0000 2.1842
61.0000 2.0845
62.0000 1.9899
63.0000 2.0284
64.0000 2.0463
65.0000 2.1343
66.0000 2.2114
67.0000 2.1816
68.0000 2.1047
69.0000 2.0595
70.0000 1.9727
71.0000 1.8730
72.0000 1.7774
73.0000 1.6778
74.0000 1.6054
75.0000 1.5137
76.0000 1.4288
77.0000 1.3493
78.0000 1.2892
79.0000 1.2618
80.0000 1.1625
81.0000 1.1708
82.0000 1.1053
83.0000 1.0507
84.0000 0.9520
85.0000 0.9599
86.0000 0.9019
87.0000 0.8469
88.0000 0.8168
89.0000 0.8656
90.0000 0.9550
91.0000 1.0481
92.0000 1.0400
93.0000 1.0530
94.0000 1.1379
95.0000 1.2240
96.0000 1.2902
97.0000 1.3071
98.0000 1.3570
99.0000 1.4438
100.0000 1.5002
101.0000 1.5723
102.0000 1.6217
103.0000 1.7114
104.0000 1.7978
105.0000 1.8978
106.0000 1.9922
107.0000 1.9917
108.0000 1.9708
109.0000 1.9880
110.0000 2.0476
111.0000 2.0963
112.0000 2.1036
113.0000 2.0687
114.0000 2.0238
115.0000 2.0336
116.0000 2.0583
117.0000 1.9698
118.0000 1.9164
119.0000 1.9141
120.0000 1.9961
121.0000 2.0922
122.0000 2.1804
123.0000 2.2621
124.0000 2.2843
125.0000 2.2504
126.0000 2.2095
127.0000 2.1255
128.0000 2.0867
129.0000 1.9878
130.0000 1.8889
131.0000 1.8535
132.0000 1.8302
133.0000 1.9296
134.0000 2.0295
135.0000 2.1024
136.0000 2.2024
137.0000 2.2697
138.0000 2.3662
139.0000 2.4614
140.0000 2.4943
141.0000 2.5129
142.0000 2.5878
143.0000 2.5561
144.0000 2.5938
145.0000 2.5287
146.0000 2.5571
147.0000 2.4936
148.0000 2.4611
149.0000 2.4113
150.0000 2.4293
