1.0000 2.1549
2.0000 2.0588
3.0000 1.9688
4.0000 1.8836
5.0000 1.7894
6.0000 1.6976
7.0000 1.6138
8.0000 1.5842
9.0000 1.6833
10.0000 1.7425
11.0000 1.7414
12.0000 1.7096
13.0000 1.6808
14.0000 1.7301
15.0000 1.7633
16.0000 1.8143
17.0000 1.8303
18.0000 1.7545
19.0000 1.7757
20.0000 1.7732
21.0000 1.7946
22.0000 1.8934
23.0000 1.9688
24.0000 2.0076
25.0000 1.9311
26.0000 1.8485
27.0000 1.8313
28.0000 1.9214
29.0000 1.9824
30.0000 1.8838
31.0000 1.8194
32.0000 1.7211
33.0000 1.6223
34.0000 1.5226
35.0000 1.4251
36.0000 1.3880
37.0000 1.4217
38.0000 1.5134
39.0000 1.6104
40.0000 1.7093
41.0000 1.8075
42.0000 1.8894
43.0000 1.9878
44.0000 2.0235
45.0000 2.0983
46.0000 2.0633
47.0000 2.0532
48.0000 2.1371
49.0000 2.2124
50.0000 2.2787
51.0000 2.3268
52.0000 2.3578
53.0000 2.2802
54.0000 2.1810
55.0000 2.0985
56.0000 2.0181
57.0000 1.9433
58.0000 1.9004
59.0000 1.9936
60.0000 2.0862
61.0000 2.1831
62.0000 2.2123
63.0000 2.3069
64.0000 2.3972
65.0000 2.4372
66.0000 2.3554
67.0000 2.2570
68.0000 2.1574
69.0000 2.0644
70.0000 1.9680
71.0000 1.9393
72.0000 1.9587
73.0000 1.9900
74.0000 2.0891
75.0000 2.1806
76.0000 2.2264
77.0000 2.2912
78.0000 2.2381
79.0000 2.1399
80.0000 2.1387
81.0000 2.1465
82.0000 2.1294
83.0000 2.0789
84.0000 2.0924
85.0000 2.0524
86.0000 1.9980
87.0000 1.8982
88.0000 1.7982
89.0000 1.7921
90.0000 1.8459
91.0000 1.9309
92.0000 1.9496
93.0000 2.0495
94.0000 2.1232
95.0000 2.1586
96.0000 2.1340
97.0000 2.1164
98.0000 2.0863
99.0000 2.0565
100.0000 1.9754
101.0000 1.8812
102.0000 1.9029
103.0000 1.8808
104.0000 1.8770
105.0000 1.8328
106.0000 1.9152
107.0000 1.9967
108.0000 1.9574
109.0000 2.0223
110.0000 1.9465
111.0000 1.8730
112.0000 1.8072
113.0000 1.7304
114.0000 1.7260
115.0000 1.6522
116.0000 1.6737
117.0000 1.7248
118.0000 1.8240
119.0000 1.9145
120.0000 2.0073
121.0000 1.9774
122.0000 1.8949
123.0000 1.8180
124.0000 1.8281
125.0000 1.7833
126.0000 1.8076
127.0000 1.8394
128.0000 1.8139
129.0000 1.7324
130.0000 1.7069
131.0000 1.6083
132.0000 1.5266
133.0000 1.5940
134.0000 1.6897
135.0000 1.7873
136.0000 1.8699
137.0000 1.9398
138.0000 1.9897
139.0000 1.9550
140.0000 1.8704
141.0000 1.7786
142.0000 1.6788
143.0000 1.6138
144.0000 1.6363
145.0000 1.6150
146.0000 1.5724
147.0000 1.6698
148.0000 1.7437
149.0000 1.7781
150.0000 1.8486
