1.0000 2.1765
2.0000 2.0765
3.0000 1.9984
4.0000 1.8984
5.0000 1.8092
6.0000 1.7180
7.0000 1.6204
8.0000 1.5252
9.0000 1.4575
10.0000 1.3766
11.0000 1.2973
12.0000 1.3041
13.0000 1.3276
14.0000 1.3155
15.0000 1.4105
16.0000 1.4626
17.0000 1.5145
18.0000 1.5227
19.0000 1.4938
20.0000 1.5239
21.0000 1.5298
22.0000 1.5230
23.0000 1.5972
24.0000 1.5782
25.0000 1.6634
26.0000 1.7543
27.0000 1.8273
28.0000 1.9255
29.0000 2.0197
30.0000 1.9265
31.0000 1.9459
32.0000 1.9683
33.0000 1.8972
34.0000 1.8755
35.0000 1.8593
36.0000 1.7671
37.0000 1.6989
38.0000 1.7097
39.0000 1.7694
40.0000 1.8437
41.0000 1.8946
42.0000 1.9929
43.0000 1.9507
44.0000 1.8882
45.0000 1.7918
46.0000 1.7097
47.0000 1.6618
48.0000 1.5768
49.0000 1.5003
50.0000 1.4752
51.0000 1.4001
52.0000 1.3100
53.0000 1.2509
54.0000 1.3184
55.0000 1.4129
56.0000 1.4944
57.0000 1.4568
58.0000 1.3666
59.0000 1.3267
60.0000 1.2933
61.0000 1.2620
62.0000 1.2753
63.0000 1.2519
64.0000 1.2717
65.0000 1.1727
66.0000 1.1590
67.0000 1.0596
68.0000 0.9596
69.0000 0.9056
70.0000 0.8167
71.0000 0.7344
72.0000 0.7848
73.0000 0.8034
74.0000 0.8094
75.0000 0.8351
76.0000 0.8570
77.0000 0.9465
78.0000 1.0180
79.0000 1.1143
80.0000 1.1651
81.0000 1.2396
82.0000 1.3360
83.0000 1.4353
84.0000 1.5229
85.0000 1.5117
86.0000 1.5856
87.0000 1.6705
88.0000 1.7600
89.0000 1.8453
90.0000 1.9439
91.0000 2.0224
92.0000 2.1031
93.0000 2.0434
94.0000 1.9844
95.0000 2.0225
96.0000 2.0739
97.0000 2.0680
98.0000 1.9682
99.0000 1.8796
100.0000 1.7798
101.0000 1.6833
102.0000 1.5975
103.0000 1.6592
104.0000 1.7363
105.0000 1.8355
106.0000 1.9355
107.0000 2.0342
108.0000 2.0327
109.0000 2.0180
110.0000 2.1179
111.0000 2.0261
112.0000 1.9266
113.0000 1.8537
114.0000 1.7537
115.0000 1.6980
116.0000 1.6164
117.0000 1.7026
118.0000 1.6505
119.0000 1.6525
120.0000 1.6951
121.0000 1.7440
122.0000 1.6953
123.0000 1.7434
124.0000 1.6710
125.0000 1.5711
126.0000 1.5403
127.0000 1.6278
128.0000 1.7278
129.0000 1.7838
130.0000 1.8830
131.0000 1.9650
132.0000 2.0543
133.0000 2.0759
134.0000 2.1605
135.0000 2.1899
136.0000 2.2463
137.0000 2.3005
138.0000 2.3815
139.0000 2.4810
140.0000 2.5389
141.0000 2.4806
142.0000 2.5649
143.0000 2.5221
144.0000 2.5576
145.0000 2.5583
146.0000 2.5087
147.0000 2.5531
148.0000 2.5161
149.0000 2.4878
150.0000 2.3881
