1.0000 2.1728
2.0000 2.2672
3.0000 2.3227
4.0000 2.3447
5.0000 2.3144
6.0000 2.2546
7.0000 2.2357
8.0000 2.1392
9.0000 2.0419
10.0000 1.9646
11.0000 1.9186
12.0000 1.8651
13.0000 1.7657
14.0000 1.6660
15.0000 1.5886
16.0000 1.5196
17.0000 1.4284
18.0000 1.3285
19.0000 1.2410
20.0000 1.1550
21.0000 1.1679
22.0000 1.2396
23.0000 1.1956
24.0000 1.1426
25.0000 1.0434
26.0000 0.9717
27.0000 0.9179
28.0000 0.8837
29.0000 0.7839
30.0000 0.7058
31.0000 0.6459
32.0000 0.6040
33.0000 0.5041
34.0000 0.4811
35.0000 0.4840
36.0000 0.3919
37.0000 0.2983
38.0000 0.2299
39.0000 0.2636
40.0000 0.3625
41.0000 0.4624
42.0000 0.5312
43.0000 0.6294
44.0000 0.6823
45.0000 0.7369
46.0000 0.6938
47.0000 0.7620
48.0000 0.8499
49.0000 0.9498
50.0000 0.9817
51.0000 0.9621
52.0000 0.8961
53.0000 0.7968
54.0000 0.7019
55.0000 0.6442
56.0000 0.6055
57.0000 0.5740
58.0000 0.5977
59.0000 0.6008
60.0000 0.6137
61.0000 0.6452
62.0000 0.7441
63.0000 0.8420
64.0000 0.9118
65.0000 1.0114
66.0000 1.0899
67.0000 1.1200
68.0000 1.2160
69.0000 1.3155
70.0000 1.4077
71.0000 1.5075
72.0000 1.6065
73.0000 1.6528
74.0000 1.7226
75.0000 1.7028
76.0000 1.8005
77.0000 1.8799
78.0000 1.8797
79.0000 1.8669
80.0000 1.8401
81.0000 1.8192
82.0000 1.8115
83.0000 1.8126
84.0000 1.7649
85.0000 1.6656
86.0000 1.5686
87.0000 1.4765
88.0000 1.3855
89.0000 1.3379
90.0000 1.2414
91.0000 1.1517
92.0000 1.0729
93.0000 1.0218
94.0000 0.9757
95.0000 0.8916
96.0000 0.8593
97.0000 0.7601
98.0000 0.6837
99.0000 0.5839
100.0000 0.4883
101.0000 0.4241
102.0000 0.4642
103.0000 0.5161
104.0000 0.4487
105.0000 0.5033
106.0000 0.6029
107.0000 0.7026
108.0000 0.8026
109.0000 0.8922
110.0000 0.9559
111.0000 1.0174
112.0000 1.0759
113.0000 1.1019
114.0000 1.0227
115.0000 1.0037
116.0000 1.0362
117.0000 1.1333
118.0000 1.2290
119.0000 1.3014
120.0000 1.3274
121.0000 1.3846
122.0000 1.4770
123.0000 1.5750
124.0000 1.6652
125.0000 1.7619
126.0000 1.8546
127.0000 1.9516
128.0000 2.0504
129.0000 2.0381
130.0000 2.0734
131.0000 2.1505
132.0000 2.2336
133.0000 2.3122
134.0000 2.2701
135.0000 2.2917
136.0000 2.2821
137.0000 2.3599
138.0000 2.4541
139.0000 2.4605
140.0000 2.4363
141.0000 2.4716
142.0000 2.4290
143.0000 2.3532
144.0000 2.2803
145.0000 2.1854
146.0000 2.1445
147.0000 2.2152
148.0000 2.1591
149.0000 2.0611
150.0000 2.0562
