1.0000 2.2151
2.0000 2.3006
3.0000 2.2333
4.0000 2.1860
5.0000 2.1674
6.0000 2.0841
7.0000 2.0320
8.0000 2.0359
9.0000 1.9729
10.0000 1.9017
11.0000 1.8602
12.0000 1.7631
13.0000 1.7092
14.0000 1.6316
15.0000 1.5320
16.0000 1.4701
17.0000 1.4901
18.0000 1.4448
19.0000 1.3888
20.0000 1.3781
21.0000 1.3412
22.0000 1.2619
23.0000 1.1858
24.0000 1.1068
25.0000 1.1855
26.0000 1.2460
27.0000 1.3208
28.0000 1.3820
29.0000 1.4577
30.0000 1.5526
31.0000 1.6419
32.0000 1.6476
33.0000 1.6208
34.0000 1.6985
35.0000 1.7647
36.0000 1.7598
37.0000 1.7470
38.0000 1.6473
39.0000 1.5552
40.0000 1.5522
41.0000 1.5475
42.0000 1.4561
43.0000 1.3976
44.0000 1.3146
45.0000 1.3173
46.0000 1.3240
47.0000 1.3120
48.0000 1.3755
49.0000 1.4739
50.0000 1.5497
51.0000 1.6029
52.0000 1.5424
53.0000 1.4837
54.0000 1.4309
55.0000 1.4300
56.0000 1.5106
57.0000 1.5910
58.0000 1.6907
59.0000 1.7860
60.0000 1.8860
61.0000 1.8633
62.0000 1.7656
63.0000 1.7115
64.0000 1.6566
65.0000 1.5630
66.0000 1.4640
67.0000 1.4372
68.0000 1.5009
69.0000 1.5492
70.0000 1.5242
71.0000 1.5921
72.0000 1.6660
73.0000 1.7421
74.0000 1.8409
75.0000 1.7787
76.0000 1.7246
77.0000 1.6280
78.0000 1.6162
79.0000 1.5618
80.0000 1.4618
81.0000 1.5318
82.0000 1.5547
83.0000 1.5595
84.0000 1.6583
85.0000 1.7152
86.0000 1.7890
87.0000 1.8330
88.0000 1.7336
89.0000 1.6570
90.0000 1.5796
91.0000 1.5481
92.0000 1.6192
93.0000 1.7147
94.0000 1.8127
95.0000 1.8748
96.0000 1.9593
97.0000 1.9739
98.0000 1.8786
99.0000 1.8163
100.0000 1.7165
101.0000 1.6867
102.0000 1.6352
103.0000 1.5796
104.0000 1.5727
105.0000 1.5161
106.0000 1.4662
107.0000 1.4397
108.0000 1.4194
109.0000 1.4577
110.0000 1.4790
111.0000 1.5693
112.0000 1.6665
113.0000 1.7407
114.0000 1.8332
115.0000 1.9315
116.0000 1.9922
117.0000 1.9318
118.0000 1.8318
119.0000 1.7476
120.0000 1.6735
121.0000 1.6109
122.0000 1.5791
123.0000 1.5392
124.0000 1.4943
125.0000 1.4200
126.0000 1.3200
127.0000 1.2219
128.0000 1.2020
129.0000 1.2767
130.0000 1.3660
131.0000 1.4507
132.0000 1.5499
133.0000 1.5896
134.0000 1.6399
135.0000 1.7200
136.0000 1.8141
137.0000 1.9114
138.0000 1.9028
139.0000 1.9336
140.0000 1.8658
141.0000 1.7663
142.0000 1.6885
143.0000 1.6194
144.0000 1.5197
145.0000 1.4674
146.0000 1.4122
147.0000 1.3229
148.0000 1.2255
149.0000 1.1618
150.0000 1.0619
