1.0000 2.2656
2.0000 2.2349
3.0000 2.1836
4.0000 2.1285
5.0000 2.1291
6.0000 2.0734
7.0000 2.0597
8.0000 1.9655
9.0000 1.8707
10.0000 1.7846
11.0000 1.6847
12.0000 1.6188
13.0000 1.5889
14.0000 1.5181
15.0000 1.6181
16.0000 1.7180
17.0000 1.8142
18.0000 1.9103
19.0000 1.9928
20.0000 2.0549
21.0000 2.0922
22.0000 2.1859
23.0000 2.2080
24.0000 2.2901
25.0000 2.3581
26.0000 2.3968
27.0000 2.3941
28.0000 2.2956
29.0000 2.2368
30.0000 2.1412
31.0000 2.0431
32.0000 2.0759
33.0000 2.1382
34.0000 2.1567
35.0000 2.1370
36.0000 2.0413
37.0000 1.9431
38.0000 1.8930
39.0000 1.7931
40.0000 1.6953
41.0000 1.5969
42.0000 1.5655
43.0000 1.4918
44.0000 1.4136
45.0000 1.3341
46.0000 1.2342
47.0000 1.1879
48.0000 1.0885
49.0000 1.0128
50.0000 1.0387
51.0000 0.9733
52.0000 0.9220
53.0000 0.9656
54.0000 1.0655
55.0000 1.1654
56.0000 1.2540
57.0000 1.3530
58.0000 1.3673
59.0000 1.2759
60.0000 1.1776
61.0000 1.1095
62.0000 1.0914
63.0000 1.1869
64.0000 1.1729
65.0000 1.1392
66.0000 1.1216
67.0000 1.1173
68.0000 1.1840
69.0000 1.2834
70.0000 1.3834
71.0000 1.4693
72.0000 1.4093
73.0000 1.4716
74.0000 1.5056
75.0000 1.5648
76.0000 1.6474
77.0000 1.7304
78.0000 1.8234
79.0000 1.8944
80.0000 1.9914
81.0000 2.0885
82.0000 2.1770
83.0000 2.2334
84.0000 2.2567
85.0000 2.2853
86.0000 2.3293
87.0000 2.4288
88.0000 2.4107
89.0000 2.4067
90.0000 2.4167
91.0000 2.3174
92.0000 2.3445
93.0000 2.4392
94.0000 2.5078
95.0000 2.5995
96.0000 2.6792
97.0000 2.6032
98.0000 2.5076
99.0000 2.4077
100.0000 2.3128
101.0000 2.2149
102.0000 2.1149
103.0000 2.0756
104.0000 2.0010
105.0000 1.9282
106.0000 1.8481
107.0000 1.7682
108.0000 1.7651
109.0000 1.8643
110.0000 1.9525
111.0000 2.0425
112.0000 2.1122
113.0000 2.2060
114.0000 2.3057
115.0000 2.2664
116.0000 2.3167
117.0000 2.2947
118.0000 2.2697
119.0000 2.2882
120.0000 2.2737
121.0000 2.3213
122.0000 2.2793
123.0000 2.2945
124.0000 2.2119
125.0000 2.1346
126.0000 2.0860
127.0000 1.9860
128.0000 1.8992
129.0000 1.8213
130.0000 1.7265
131.0000 1.8155
132.0000 1.8000
133.0000 1.8215
134.0000 1.9214
135.0000 2.0170
136.0000 2.0474
137.0000 2.0733
138.0000 2.1554
139.0000 2.2414
140.0000 2.1438
141.0000 2.0440
142.0000 1.9932
143.0000 2.0045
144.0000 1.9806
145.0000 2.0383
146.0000 2.1300
147.0000 2.2288
148.0000 2.2913
149.0000 2.2184
150.0000 2.1327
