1.0000 2.1592
2.0000 2.0715
3.0000 1.9739
4.0000 1.8776
5.0000 1.7820
6.0000 1.7551
7.0000 1.7300
8.0000 1.7496
9.0000 1.6909
10.0000 1.6284
11.0000 1.5284
12.0000 1.4565
13.0000 1.3901
14.0000 1.3489
15.0000 1.2549
16.0000 1.1848
17.0000 1.2020
18.0000 1.2138
19.0000 1.2955
20.0000 1.3589
21.0000 1.2631
22.0000 1.2595
23.0000 1.3090
24.0000 1.3467
25.0000 1.3031
26.0000 1.2126
27.0000 1.1129
28.0000 1.1601
29.0000 1.2523
30.0000 1.3396
31.0000 1.3406
32.0000 1.4256
33.0000 1.5216
34.0000 1.5883
35.0000 1.6772
36.0000 1.7683
37.0000 1.8553
38.0000 1.9433
39.0000 2.0248
40.0000 2.0557
41.0000 1.9894
42.0000 1.9285
43.0000 1.9749
44.0000 1.9671
45.0000 1.9606
46.0000 1.9188
47.0000 1.9158
48.0000 1.9968
49.0000 1.9220
50.0000 1.8707
51.0000 1.9355
52.0000 1.9285
53.0000 1.8331
54.0000 1.7332
55.0000 1.6340
56.0000 1.5340
57.0000 1.4388
58.0000 1.3459
59.0000 1.2493
60.0000 1.1504
61.0000 1.1686
62.0000 1.1368
63.0000 1.2368
64.0000 1.3115
65.0000 1.3190
66.0000 1.3795
67.0000 1.3398
68.0000 1.2400
69.0000 1.2058
70.0000 1.2993
71.0000 1.3677
72.0000 1.4571
73.0000 1.5179
74.0000 1.6143
75.0000 1.7030
76.0000 1.7974
77.0000 1.8960
78.0000 1.9955
79.0000 1.9695
80.0000 1.9086
81.0000 1.8746
82.0000 1.9289
83.0000 1.9165
84.0000 1.9117
85.0000 1.9143
86.0000 1.8331
87.0000 1.7433
88.0000 1.6623
89.0000 1.6307
90.0000 1.5633
91.0000 1.4743
92.0000 1.3759
93.0000 1.3774
94.0000 1.4158
95.0000 1.4540
96.0000 1.4141
97.0000 1.4249
98.0000 1.4895
99.0000 1.5838
100.0000 1.6800
101.0000 1.7378
102.0000 1.8362
103.0000 1.7688
104.0000 1.6692
105.0000 1.5740
106.0000 1.4891
107.0000 1.4679
108.0000 1.3697
109.0000 1.2787
110.0000 1.1830
111.0000 1.1333
112.0000 1.1968
113.0000 1.2937
114.0000 1.3811
115.0000 1.4809
116.0000 1.5787
117.0000 1.6340
118.0000 1.5631
119.0000 1.4633
120.0000 1.4032
121.0000 1.3502
122.0000 1.3556
123.0000 1.4523
124.0000 1.5521
125.0000 1.6461
126.0000 1.7268
127.0000 1.6324
128.0000 1.5380
129.0000 1.4555
130.0000 1.3578
131.0000 1.2615
132.0000 1.2208
133.0000 1.1263
134.0000 1.0324
135.0000 0.9434
136.0000 0.8796
137.0000 0.7866
138.0000 0.6882
139.0000 0.5906
140.0000 0.4992
141.0000 0.3996
142.0000 0.3012
143.0000 0.2148
144.0000 0.1152
145.0000 0.1354
146.0000 0.2247
147.0000 0.3213
148.0000 0.3312
149.0000 0.4022
150.0000 0.4496
