1.0000 2.1625
2.0000 2.2445
3.0000 2.3142
4.0000 2.3574
5.0000 2.3660
6.0000 2.3057
7.0000 2.2631
8.0000 2.1659
9.0000 2.0765
10.0000 2.0286
11.0000 1.9323
12.0000 1.8323
13.0000 1.7401
14.0000 1.6402
15.0000 1.5410
16.0000 1.4454
17.0000 1.3672
18.0000 1.3454
19.0000 1.3600
20.0000 1.3263
21.0000 1.3178
22.0000 1.2656
23.0000 1.2032
24.0000 1.1801
25.0000 1.2768
26.0000 1.3736
27.0000 1.4666
28.0000 1.5432
29.0000 1.6212
30.0000 1.7046
31.0000 1.7952
32.0000 1.8948
33.0000 1.9454
34.0000 1.9881
35.0000 1.9312
36.0000 1.8586
37.0000 1.7593
38.0000 1.6640
39.0000 1.6462
40.0000 1.7459
41.0000 1.8443
42.0000 1.9180
43.0000 1.9990
44.0000 1.9063
45.0000 1.8349
46.0000 1.8341
47.0000 1.9337
48.0000 1.8736
49.0000 1.8075
50.0000 1.7231
51.0000 1.8162
52.0000 1.7846
53.0000 1.8794
54.0000 1.9611
55.0000 2.0408
56.0000 1.9913
57.0000 1.9510
58.0000 1.9137
59.0000 1.9555
60.0000 2.0303
61.0000 2.0395
62.0000 2.1280
63.0000 2.2266
64.0000 2.2029
65.0000 2.1096
66.0000 2.0557
67.0000 1.9640
68.0000 1.9035
69.0000 1.8448
70.0000 1.7913
71.0000 1.6913
72.0000 1.5917
73.0000 1.5231
74.0000 1.4843
75.0000 1.4482
76.0000 1.5437
77.0000 1.6437
78.0000 1.6844
79.0000 1.7714
80.0000 1.8671
81.0000 1.9246
82.0000 2.0035
83.0000 1.9543
84.0000 2.0378
85.0000 2.1038
86.0000 2.1389
87.0000 2.2374
88.0000 2.3357
89.0000 2.4054
90.0000 2.4290
91.0000 2.3954
92.0000 2.3539
93.0000 2.2824
94.0000 2.2409
95.0000 2.2256
96.0000 2.1407
97.0000 2.2104
98.0000 2.3072
99.0000 2.2322
100.0000 2.1409
101.0000 2.0486
102.0000 1.9712
103.0000 2.0680
104.0000 2.1638
105.0000 2.2478
106.0000 2.3476
107.0000 2.3225
108.0000 2.2643
109.0000 2.2717
110.0000 2.2672
111.0000 2.1925
112.0000 2.1100
113.0000 2.0127
114.0000 1.9725
115.0000 2.0136
116.0000 2.0883
117.0000 2.1796
118.0000 2.2775
119.0000 2.3775
120.0000 2.3693
121.0000 2.4299
122.0000 2.3340
123.0000 2.2369
124.0000 2.1374
125.0000 2.0387
126.0000 2.0485
127.0000 2.0696
128.0000 2.1464
129.0000 2.2395
130.0000 2.2884
131.0000 2.3824
132.0000 2.4616
133.0000 2.4478
134.0000 2.3483
135.0000 2.2627
136.0000 2.3454
137.0000 2.2884
138.0000 2.2601
139.0000 2.1716
140.0000 2.1312
141.0000 2.1579
142.0000 2.0865
143.0000 1.9881
144.0000 1.9219
145.0000 1.8228
146.0000 1.7448
147.0000 1.6542
148.0000 1.5601
149.0000 1.4601
150.0000 1.5029
