1.0000 2.2782
2.0000 2.2964
3.0000 2.3518
4.0000 2.3649
5.0000 2.4621
6.0000 2.4558
7.0000 2.5391
8.0000 2.6185
9.0000 2.6483
10.0000 2.5708
11.0000 2.4896
12.0000 2.4612
13.0000 2.4247
14.0000 2.5082
15.0000 2.4110
16.0000 2.4556
17.0000 2.4909
18.0000 2.5766
19.0000 2.6291
20.0000 2.5292
21.0000 2.4427
22.0000 2.3469
23.0000 2.3807
24.0000 2.2883
25.0000 2.2352
26.0000 2.2430
27.0000 2.1528
28.0000 2.0667
29.0000 1.9880
30.0000 1.9103
31.0000 1.8122
32.0000 1.7337
33.0000 1.7212
34.0000 1.7589
35.0000 1.8006
36.0000 1.8906
37.0000 1.8690
38.0000 1.8875
39.0000 1.9847
40.0000 2.0843
41.0000 2.1842
42.0000 2.1748
43.0000 2.2416
44.0000 2.3414
45.0000 2.4158
46.0000 2.4809
47.0000 2.5672
48.0000 2.6663
49.0000 2.7585
50.0000 2.8474
51.0000 2.8092
52.0000 2.7225
53.0000 2.6377
54.0000 2.5555
55.0000 2.6347
56.0000 2.6431
57.0000 2.6621
58.0000 2.6106
59.0000 2.5883
60.0000 2.5230
61.0000 2.5601
62.0000 2.6432
63.0000 2.5958
64.0000 2.5107
65.0000 2.5378
66.0000 2.6288
67.0000 2.6683
68.0000 2.6687
69.0000 2.7211
70.0000 2.6361
71.0000 2.5721
72.0000 2.4731
73.0000 2.3952
74.0000 2.3196
75.0000 2.3493
76.0000 2.3206
77.0000 2.2628
78.0000 2.3160
79.0000 2.3834
80.0000 2.4297
81.0000 2.5276
82.0000 2.5836
83.0000 2.5767
84.0000 2.5646
85.0000 2.5272
86.0000 2.4406
87.0000 2.4147
88.0000 2.3478
89.0000 2.2633
90.0000 2.1638
91.0000 2.0704
92.0000 1.9757
93.0000 1.9461
94.0000 2.0364
95.0000 2.1362
96.0000 2.0567
97.0000 1.9829
98.0000 1.8836
99.0000 1.7951
100.0000 1.7935
101.0000 1.8333
102.0000 1.9086
103.0000 2.0085
104.0000 2.0962
105.0000 2.1876
106.0000 2.2863
107.0000 2.3834
108.0000 2.4406
109.0000 2.5254
110.0000 2.4965
111.0000 2.4265
112.0000 2.3678
113.0000 2.3393
114.0000 2.2774
115.0000 2.2548
116.0000 2.2367
117.0000 2.1402
118.0000 2.0490
119.0000 2.0434
120.0000 2.0996
121.0000 2.1315
122.0000 2.0855
123.0000 1.9869
124.0000 1.9715
125.0000 2.0501
126.0000 2.0013
127.0000 1.9057
128.0000 1.8135
129.0000 1.7681
130.0000 1.6928
131.0000 1.6047
132.0000 1.5050
133.0000 1.4356
134.0000 1.4665
135.0000 1.5645
136.0000 1.6181
137.0000 1.7181
138.0000 1.8165
139.0000 1.8650
140.0000 1.9344
141.0000 2.0295
142.0000 2.0642
143.0000 2.1630
144.0000 2.2504
145.0000 2.1999
146.0000 2.1151
147.0000 2.0170
148.0000 1.9329
149.0000 1.8661
150.0000 1.7828
