1.0000 2.1403
2.0000 2.0449
3.0000 2.0213
4.0000 2.0700
5.0000 2.0621
6.0000 2.0567
7.0000 2.0288
8.0000 1.9296
9.0000 1.8327
10.0000 1.7336
11.0000 1.6586
12.0000 1.7048
13.0000 1.6179
14.0000 1.5191
15.0000 1.4204
16.0000 1.3263
17.0000 1.2379
18.0000 1.1422
19.0000 1.1974
20.0000 1.1873
21.0000 1.2051
22.0000 1.2708
23.0000 1.1827
24.0000 1.0955
25.0000 0.9956
26.0000 0.8997
27.0000 0.9154
28.0000 0.9562
29.0000 1.0142
30.0000 1.0258
31.0000 1.0169
32.0000 1.0649
33.0000 1.0276
34.0000 0.9788
35.0000 0.9222
36.0000 0.8698
37.0000 0.8319
38.0000 0.8307
39.0000 0.7887
40.0000 0.6988
41.0000 0.6003
42.0000 0.5676
43.0000 0.5689
44.0000 0.5550
45.0000 0.5968
46.0000 0.6123
47.0000 0.5661
48.0000 0.4661
49.0000 0.4064
50.0000 0.4778
51.0000 0.5547
52.0000 0.5174
53.0000 0.5667
54.0000 0.6502
55.0000 0.6736
56.0000 0.6093
57.0000 0.6109
58.0000 0.5232
59.0000 0.5461
60.0000 0.5319
61.0000 0.6232
62.0000 0.6815
63.0000 0.6125
64.0000 0.5154
65.0000 0.4161
66.0000 0.3260
67.0000 0.3384
68.0000 0.3142
69.0000 0.3670
70.0000 0.4096
71.0000 0.4401
72.0000 0.5400
73.0000 0.5594
74.0000 0.4719
75.0000 0.3720
76.0000 0.3330
77.0000 0.2337
78.0000 0.1458
79.0000 0.1396
80.0000 0.1913
81.0000 0.1846
82.0000 0.1400
83.0000 0.0789
84.0000 0.1047
85.0000 0.1574
86.0000 0.2520
87.0000 0.3215
88.0000 0.3699
89.0000 0.4062
90.0000 0.4945
91.0000 0.4993
92.0000 0.5813
93.0000 0.6336
94.0000 0.7109
95.0000 0.7735
96.0000 0.7459
97.0000 0.7140
98.0000 0.6452
99.0000 0.6795
100.0000 0.7771
101.0000 0.8322
102.0000 0.7339
103.0000 0.6651
104.0000 0.5716
105.0000 0.5644
106.0000 0.6342
107.0000 0.6323
108.0000 0.6085
109.0000 0.5227
110.0000 0.4371
111.0000 0.3734
112.0000 0.4082
113.0000 0.5029
114.0000 0.5067
115.0000 0.5808
116.0000 0.5879
117.0000 0.6750
118.0000 0.7509
119.0000 0.8499
120.0000 0.9394
121.0000 1.0226
122.0000 1.1152
123.0000 1.1214
124.0000 1.0251
125.0000 0.9257
126.0000 0.8610
127.0000 0.8563
128.0000 0.8918
129.0000 0.9012
130.0000 0.8177
131.0000 0.7654
132.0000 0.6882
133.0000 0.6686
134.0000 0.5813
135.0000 0.4835
136.0000 0.4375
137.0000 0.4312
138.0000 0.5290
139.0000 0.5320
140.0000 0.4324
141.0000 0.3459
142.0000 0.2462
143.0000 0.1475
144.0000 0.1210
145.0000 0.2192
146.0000 0.3031
147.0000 0.2130
148.0000 0.2667
149.0000 0.3583
150.0000 0.4007
