1.0000 2.1681
2.0000 2.1422
3.0000 2.0956
4.0000 2.1505
5.0000 2.1292
6.0000 2.0637
7.0000 1.9799
8.0000 1.8856
9.0000 1.7904
10.0000 1.7676
11.0000 1.7938
12.0000 1.7168
13.0000 1.6863
14.0000 1.7448
15.0000 1.8049
16.0000 1.8976
17.0000 1.9556
18.0000 2.0476
19.0000 2.1418
20.0000 2.2273
21.0000 2.3259
22.0000 2.3655
23.0000 2.4169
24.0000 2.3568
25.0000 2.4533
26.0000 2.5100
27.0000 2.5888
28.0000 2.5276
29.0000 2.4440
30.0000 2.3512
31.0000 2.3050
32.0000 2.2509
33.0000 2.1649
34.0000 2.1132
35.0000 2.0168
36.0000 1.9356
37.0000 1.9351
38.0000 1.9077
39.0000 1.8295
40.0000 1.7316
41.0000 1.6321
42.0000 1.5345
43.0000 1.4532
44.0000 1.3857
45.0000 1.3738
46.0000 1.4735
47.0000 1.5720
48.0000 1.5019
49.0000 1.4400
50.0000 1.4252
51.0000 1.4369
52.0000 1.4389
53.0000 1.5367
54.0000 1.6333
55.0000 1.7068
56.0000 1.8067
57.0000 1.8878
58.0000 1.9837
59.0000 2.0735
60.0000 2.1511
61.0000 2.2506
62.0000 2.2837
63.0000 2.3442
64.0000 2.3941
65.0000 2.4407
66.0000 2.4524
67.0000 2.5488
68.0000 2.6013
69.0000 2.5181
70.0000 2.4671
71.0000 2.3973
72.0000 2.3186
73.0000 2.2189
74.0000 2.1501
75.0000 2.1588
76.0000 2.0795
77.0000 2.0031
78.0000 1.9045
79.0000 1.8045
80.0000 1.7389
81.0000 1.6409
82.0000 1.6010
83.0000 1.5509
84.0000 1.4824
85.0000 1.5698
86.0000 1.6690
87.0000 1.7690
88.0000 1.8148
89.0000 1.8591
90.0000 1.8971
91.0000 1.9189
92.0000 2.0171
93.0000 2.1170
94.0000 2.2152
95.0000 2.2131
96.0000 2.1159
97.0000 2.0669
98.0000 1.9904
99.0000 1.9114
100.0000 1.8124
101.0000 1.7229
102.0000 1.6234
103.0000 1.5260
104.0000 1.4860
105.0000 1.4978
106.0000 1.4118
107.0000 1.3632
108.0000 1.2647
109.0000 1.2240
110.0000 1.1241
111.0000 1.0627
112.0000 0.9689
113.0000 0.8879
114.0000 0.8749
115.0000 0.8669
116.0000 0.9148
117.0000 1.0079
118.0000 1.0681
119.0000 1.1248
120.0000 1.1409
121.0000 1.2365
122.0000 1.3110
123.0000 1.4109
124.0000 1.4919
125.0000 1.5552
126.0000 1.6532
127.0000 1.7478
128.0000 1.7924
129.0000 1.6954
130.0000 1.6381
131.0000 1.6101
132.0000 1.5238
133.0000 1.4326
134.0000 1.3328
135.0000 1.2532
136.0000 1.3073
137.0000 1.2991
138.0000 1.2485
139.0000 1.2530
140.0000 1.3494
141.0000 1.4322
142.0000 1.5320
143.0000 1.5960
144.0000 1.5964
145.0000 1.5610
146.0000 1.5327
147.0000 1.4370
148.0000 1.3583
149.0000 1.2689
150.0000 1.1936
