1.0000 2.2523
2.0000 2.1629
3.0000 2.1204
4.0000 2.0505
5.0000 1.9546
6.0000 1.8604
7.0000 1.7699
8.0000 1.7069
9.0000 1.6962
10.0000 1.6773
11.0000 1.5776
12.0000 1.5557
13.0000 1.6514
14.0000 1.7111
15.0000 1.8102
16.0000 1.8997
17.0000 1.8261
18.0000 1.8005
19.0000 1.7721
20.0000 1.8698
21.0000 1.9530
22.0000 2.0358
23.0000 2.1251
24.0000 2.2207
25.0000 2.3023
26.0000 2.4023
27.0000 2.4623
28.0000 2.4655
29.0000 2.4311
30.0000 2.4301
31.0000 2.5301
32.0000 2.6301
33.0000 2.7177
34.0000 2.6449
35.0000 2.6138
36.0000 2.6798
37.0000 2.7716
38.0000 2.7099
39.0000 2.6639
40.0000 2.6352
41.0000 2.5652
42.0000 2.4884
43.0000 2.4258
44.0000 2.3385
45.0000 2.2454
46.0000 2.1732
47.0000 2.0974
48.0000 2.0488
49.0000 2.0732
50.0000 2.1732
51.0000 2.2721
52.0000 2.3191
53.0000 2.3837
54.0000 2.4564
55.0000 2.4890
56.0000 2.3897
57.0000 2.2900
58.0000 2.1935
59.0000 2.0935
60.0000 1.9937
61.0000 1.8937
62.0000 1.8277
63.0000 1.7277
64.0000 1.7756
65.0000 1.8377
66.0000 1.7837
67.0000 1.8372
68.0000 1.8906
69.0000 1.9904
70.0000 2.0879
71.0000 2.1789
72.0000 2.1566
73.0000 2.2055
74.0000 2.1686
75.0000 2.1058
76.0000 2.0166
77.0000 2.0905
78.0000 2.1343
79.0000 2.1566
80.0000 2.2566
81.0000 2.1641
82.0000 2.1943
83.0000 2.0970
84.0000 1.9977
85.0000 1.9002
86.0000 1.8014
87.0000 1.7192
88.0000 1.6208
89.0000 1.5208
90.0000 1.4292
91.0000 1.3846
92.0000 1.4272
93.0000 1.4878
94.0000 1.4902
95.0000 1.4310
96.0000 1.4413
97.0000 1.4779
98.0000 1.3915
99.0000 1.3873
100.0000 1.2986
101.0000 1.2144
102.0000 1.1576
103.0000 1.0905
104.0000 1.0052
105.0000 0.9200
106.0000 0.8235
107.0000 0.7239
108.0000 0.6376
109.0000 0.5949
110.0000 0.5455
111.0000 0.4613
112.0000 0.3751
113.0000 0.3876
114.0000 0.4032
115.0000 0.4586
116.0000 0.5484
117.0000 0.6230
118.0000 0.6907
119.0000 0.7851
120.0000 0.8545
121.0000 0.9460
122.0000 1.0411
123.0000 1.1367
124.0000 1.2240
125.0000 1.2367
126.0000 1.1416
127.0000 1.1351
128.0000 1.2148
129.0000 1.3063
130.0000 1.4039
131.0000 1.5024
132.0000 1.5666
133.0000 1.5974
134.0000 1.6968
135.0000 1.7951
136.0000 1.8793
137.0000 1.9403
138.0000 2.0089
139.0000 2.0843
140.0000 2.0292
141.0000 2.0313
142.0000 2.0086
143.0000 1.9601
144.0000 1.9477
145.0000 1.9373
146.0000 1.8572
147.0000 1.7586
148.0000 1.7048
149.0000 1.6188
150.0000 1.6684
