1.0000 2.2345
2.0000 2.1404
3.0000 2.0588
4.0000 2.0339
5.0000 2.0193
6.0000 2.0352
7.0000 2.0743
8.0000 2.1716
9.0000 2.2529
10.0000 2.2144
11.0000 2.2623
12.0000 2.2693
13.0000 2.1705
14.0000 2.1464
15.0000 2.1461
16.0000 2.0541
17.0000 2.0227
18.0000 2.1197
19.0000 2.2154
20.0000 2.2699
21.0000 2.1734
22.0000 2.1288
23.0000 2.1448
24.0000 2.1502
25.0000 2.0742
26.0000 1.9868
27.0000 1.9192
28.0000 1.8535
29.0000 1.7562
30.0000 1.6563
31.0000 1.5587
32.0000 1.4692
33.0000 1.3799
34.0000 1.2805
35.0000 1.1809
36.0000 1.1383
37.0000 1.1207
38.0000 1.0739
39.0000 0.9886
40.0000 0.9053
41.0000 0.8309
42.0000 0.7651
43.0000 0.6929
44.0000 0.6034
45.0000 0.5946
46.0000 0.5289
47.0000 0.4311
48.0000 0.3910
49.0000 0.4070
50.0000 0.3360
51.0000 0.2508
52.0000 0.2240
53.0000 0.1673
54.0000 0.1540
55.0000 0.2317
56.0000 0.2870
57.0000 0.3613
58.0000 0.4203
59.0000 0.5189
60.0000 0.6183
61.0000 0.7143
62.0000 0.8034
63.0000 0.8377
64.0000 0.9204
65.0000 1.0184
66.0000 1.0650
67.0000 1.1262
68.0000 1.2172
69.0000 1.2793
70.0000 1.3597
71.0000 1.4586
72.0000 1.4873
73.0000 1.4617
74.0000 1.5480
75.0000 1.6404
76.0000 1.6191
77.0000 1.5961
78.0000 1.5587
79.0000 1.6442
80.0000 1.7086
81.0000 1.6953
82.0000 1.6119
83.0000 1.5201
84.0000 1.4245
85.0000 1.3550
86.0000 1.2777
87.0000 1.2194
88.0000 1.1766
89.0000 1.2416
90.0000 1.2019
91.0000 1.1299
92.0000 1.0336
93.0000 0.9339
94.0000 0.8967
95.0000 0.9165
96.0000 0.8711
97.0000 0.8321
98.0000 0.7867
99.0000 0.7048
100.0000 0.6882
101.0000 0.6069
102.0000 0.5270
103.0000 0.4546
104.0000 0.3888
105.0000 0.4362
106.0000 0.4564
107.0000 0.5372
108.0000 0.5536
109.0000 0.5925
110.0000 0.6903
111.0000 0.7852
112.0000 0.8826
113.0000 0.9689
114.0000 1.0675
115.0000 1.1553
116.0000 1.2552
117.0000 1.3541
118.0000 1.4492
119.0000 1.5036
120.0000 1.5687
121.0000 1.5913
122.0000 1.5415
123.0000 1.5415
124.0000 1.5272
125.0000 1.4277
126.0000 1.4363
127.0000 1.4542
128.0000 1.4186
129.0000 1.4942
130.0000 1.5075
131.0000 1.6058
132.0000 1.6234
133.0000 1.6277
134.0000 1.6675
135.0000 1.7308
136.0000 1.6346
137.0000 1.5346
138.0000 1.4346
139.0000 1.3797
140.0000 1.3634
141.0000 1.4420
142.0000 1.5391
143.0000 1.6391
144.0000 1.7037
145.0000 1.7861
146.0000 1.8246
147.0000 1.7247
148.0000 1.6257
149.0000 1.6171
150.0000 1.5261
