1.0000 2.1834
2.0000 2.1540
3.0000 2.0628
4.0000 1.9650
5.0000 1.9375
6.0000 1.9983
7.0000 2.0961
8.0000 2.1751
9.0000 2.1506
10.0000 2.0561
11.0000 1.9566
12.0000 1.8573
13.0000 1.7797
14.0000 1.6830
15.0000 1.5979
16.0000 1.5126
17.0000 1.6029
18.0000 1.6706
19.0000 1.7072
20.0000 1.7084
21.0000 1.7089
22.0000 1.6111
23.0000 1.5144
24.0000 1.4145
25.0000 1.3163
26.0000 1.2205
27.0000 1.1314
28.0000 1.0490
29.0000 0.9659
30.0000 0.9819
31.0000 0.9220
32.0000 0.8261
33.0000 0.8952
34.0000 0.9905
35.0000 1.0159
36.0000 0.9167
37.0000 0.8451
38.0000 0.7854
39.0000 0.6871
40.0000 0.6080
41.0000 0.5525
42.0000 0.4589
43.0000 0.5204
44.0000 0.6199
45.0000 0.7193
46.0000 0.7891
47.0000 0.7773
48.0000 0.7804
49.0000 0.8001
50.0000 0.8156
51.0000 0.7224
52.0000 0.6554
53.0000 0.5999
54.0000 0.5201
55.0000 0.4206
56.0000 0.3218
57.0000 0.2510
58.0000 0.2156
59.0000 0.1358
60.0000 0.2313
61.0000 0.3305
62.0000 0.3138
63.0000 0.2905
64.0000 0.3454
65.0000 0.4454
66.0000 0.5257
67.0000 0.6213
68.0000 0.7202
69.0000 0.8187
70.0000 0.9148
71.0000 0.9988
72.0000 1.0168
73.0000 0.9283
74.0000 0.8304
75.0000 0.7818
76.0000 0.8018
77.0000 0.7033
78.0000 0.6273
79.0000 0.5663
80.0000 0.4934
81.0000 0.3935
82.0000 0.2942
83.0000 0.2008
84.0000 0.1846
85.0000 0.2420
86.0000 0.2122
87.0000 0.1814
88.0000 0.2684
89.0000 0.3592
90.0000 0.3780
91.0000 0.3200
92.0000 0.2692
93.0000 0.1760
94.0000 0.0969
95.0000 0.0910
96.0000 0.1396
97.0000 0.2164
98.0000 0.3163
99.0000 0.4047
100.0000 0.5047
101.0000 0.5832
102.0000 0.6335
103.0000 0.6923
104.0000 0.7803
105.0000 0.8799
106.0000 0.9672
107.0000 0.9938
108.0000 0.9998
109.0000 1.0788
110.0000 1.1284
111.0000 1.0655
112.0000 0.9946
113.0000 0.8966
114.0000 0.8179
115.0000 0.7182
116.0000 0.6654
117.0000 0.5690
118.0000 0.4995
119.0000 0.5816
120.0000 0.6049
121.0000 0.6292
122.0000 0.6775
123.0000 0.7733
124.0000 0.8405
125.0000 0.9054
126.0000 0.9755
127.0000 1.0672
128.0000 1.1668
129.0000 1.2661
130.0000 1.3422
131.0000 1.2568
132.0000 1.1815
133.0000 1.0899
134.0000 1.0461
135.0000 0.9630
136.0000 0.9257
137.0000 0.9670
138.0000 1.0413
139.0000 1.0332
140.0000 0.9424
141.0000 0.9605
142.0000 0.9063
143.0000 0.8138
144.0000 0.8005
145.0000 0.8956
146.0000 0.9722
147.0000 1.0706
148.0000 1.1598
149.0000 1.2505
150.0000 1.3486
