1.0000 2.1436
2.0000 2.0588
3.0000 1.9695
4.0000 1.8710
5.0000 1.8145
6.0000 1.8547
7.0000 1.9152
8.0000 1.9723
9.0000 2.0399
10.0000 2.0790
11.0000 2.0422
12.0000 1.9424
13.0000 1.8603
14.0000 1.7725
15.0000 1.6747
16.0000 1.5969
17.0000 1.5217
18.0000 1.4247
19.0000 1.3497
20.0000 1.2826
21.0000 1.1920
22.0000 1.0945
23.0000 1.1697
24.0000 1.2108
25.0000 1.3107
26.0000 1.4098
27.0000 1.4814
28.0000 1.3903
29.0000 1.2933
30.0000 1.2367
31.0000 1.3366
32.0000 1.3390
33.0000 1.3252
34.0000 1.2648
35.0000 1.2598
36.0000 1.1739
37.0000 1.0742
38.0000 0.9825
39.0000 1.0060
40.0000 1.0631
41.0000 1.1018
42.0000 1.1720
43.0000 1.2712
44.0000 1.3036
45.0000 1.2706
46.0000 1.1775
47.0000 1.1959
48.0000 1.2109
49.0000 1.2469
50.0000 1.2921
51.0000 1.2142
52.0000 1.1939
53.0000 1.1480
54.0000 1.0817
55.0000 0.9940
56.0000 0.8967
57.0000 0.8043
58.0000 0.7625
59.0000 0.7423
60.0000 0.8394
61.0000 0.9387
62.0000 1.0091
63.0000 0.9565
64.0000 1.0518
65.0000 1.1016
66.0000 1.2003
67.0000 1.2651
68.0000 1.3521
69.0000 1.4170
70.0000 1.5078
71.0000 1.5849
72.0000 1.6770
73.0000 1.7764
74.0000 1.8529
75.0000 1.9093
76.0000 2.0035
77.0000 2.0619
78.0000 2.0755
79.0000 2.0175
80.0000 1.9288
81.0000 1.8296
82.0000 1.7393
83.0000 1.6454
84.0000 1.7236
85.0000 1.7271
86.0000 1.6304
87.0000 1.5513
88.0000 1.4922
89.0000 1.5670
90.0000 1.6326
91.0000 1.6641
92.0000 1.7098
93.0000 1.7983
94.0000 1.7664
95.0000 1.7209
96.0000 1.7458
97.0000 1.7533
98.0000 1.6597
99.0000 1.5694
100.0000 1.4744
101.0000 1.3898
102.0000 1.3568
103.0000 1.3211
104.0000 1.3375
105.0000 1.4164
106.0000 1.5162
107.0000 1.6151
108.0000 1.6389
109.0000 1.7307
110.0000 1.8063
111.0000 1.9060
112.0000 1.9870
113.0000 2.0797
114.0000 2.1197
115.0000 2.0236
116.0000 1.9284
117.0000 1.8558
118.0000 1.8168
119.0000 1.9113
120.0000 1.9710
121.0000 2.0686
122.0000 1.9779
123.0000 1.8850
124.0000 1.7855
125.0000 1.7437
126.0000 1.6828
127.0000 1.7036
128.0000 1.6093
129.0000 1.5403
130.0000 1.4404
131.0000 1.4091
132.0000 1.4461
133.0000 1.3623
134.0000 1.3406
135.0000 1.3870
136.0000 1.4142
137.0000 1.3150
138.0000 1.2150
139.0000 1.2241
140.0000 1.1420
141.0000 1.0982
142.0000 1.0832
143.0000 1.0364
144.0000 1.0512
145.0000 1.1129
146.0000 1.0183
147.0000 0.9210
148.0000 0.8402
149.0000 0.8279
150.0000 0.7941
