1.0000 2.1451
2.0000 2.0571
3.0000 1.9732
4.0000 1.8751
5.0000 1.8074
6.0000 1.7432
7.0000 1.7801
8.0000 1.8354
9.0000 1.8403
10.0000 1.9374
11.0000 2.0370
12.0000 2.0821
13.0000 2.1821
14.0000 2.2726
15.0000 2.3352
16.0000 2.4222
17.0000 2.5177
18.0000 2.5692
19.0000 2.5811
20.0000 2.4812
21.0000 2.4408
22.0000 2.4851
23.0000 2.5005
24.0000 2.4277
25.0000 2.4048
26.0000 2.4119
27.0000 2.3841
28.0000 2.2907
29.0000 2.1910
30.0000 2.0970
31.0000 2.0283
32.0000 1.9643
33.0000 1.8759
34.0000 1.8204
35.0000 1.7288
36.0000 1.6587
37.0000 1.5619
38.0000 1.4930
39.0000 1.4863
40.0000 1.5054
41.0000 1.4525
42.0000 1.3684
43.0000 1.2684
44.0000 1.2007
45.0000 1.1044
46.0000 1.0152
47.0000 0.9157
48.0000 0.8158
49.0000 0.7239
50.0000 0.7779
51.0000 0.8124
52.0000 0.9120
53.0000 0.9913
54.0000 1.0557
55.0000 1.1555
56.0000 1.2066
57.0000 1.2963
58.0000 1.3691
59.0000 1.4635
60.0000 1.5463
61.0000 1.4944
62.0000 1.4376
63.0000 1.4173
64.0000 1.3247
65.0000 1.2320
66.0000 1.1322
67.0000 1.1335
68.0000 1.1756
69.0000 1.2697
70.0000 1.3198
71.0000 1.4169
72.0000 1.4905
73.0000 1.4856
74.0000 1.5654
75.0000 1.6018
76.0000 1.7012
77.0000 1.7063
78.0000 1.6668
79.0000 1.5677
80.0000 1.4968
81.0000 1.4337
82.0000 1.4051
83.0000 1.4154
84.0000 1.3750
85.0000 1.3411
86.0000 1.3956
87.0000 1.3701
88.0000 1.4220
89.0000 1.5106
90.0000 1.5620
91.0000 1.5596
92.0000 1.5531
93.0000 1.4971
94.0000 1.4030
95.0000 1.3306
96.0000 1.3998
97.0000 1.4004
98.0000 1.3883
99.0000 1.4092
100.0000 1.4952
101.0000 1.5624
102.0000 1.5685
103.0000 1.4981
104.0000 1.4974
105.0000 1.4312
106.0000 1.3987
107.0000 1.3110
108.0000 1.3140
109.0000 1.2169
110.0000 1.1233
111.0000 1.0750
112.0000 1.1288
113.0000 1.0979
114.0000 0.9989
115.0000 0.9030
116.0000 0.8812
117.0000 0.7812
118.0000 0.8290
119.0000 0.9007
120.0000 0.9397
121.0000 0.8541
122.0000 0.7549
123.0000 0.7064
124.0000 0.7088
125.0000 0.6886
126.0000 0.7099
127.0000 0.7822
128.0000 0.8341
129.0000 0.7781
130.0000 0.7883
131.0000 0.8339
132.0000 0.9338
133.0000 1.0303
134.0000 1.0948
135.0000 1.0708
136.0000 1.1708
137.0000 1.2707
138.0000 1.3520
139.0000 1.4402
140.0000 1.5072
141.0000 1.5764
142.0000 1.5896
143.0000 1.5899
144.0000 1.5960
145.0000 1.6372
146.0000 1.6980
147.0000 1.7979
148.0000 1.8860
149.0000 1.8565
150.0000 1.8536
