1.0000 2.2709
2.0000 2.2897
3.0000 2.3609
4.0000 2.4096
5.0000 2.3579
6.0000 2.3474
7.0000 2.2913
8.0000 2.3912
9.0000 2.4710
10.0000 2.5550
11.0000 2.5766
12.0000 2.6203
13.0000 2.5857
14.0000 2.5093
15.0000 2.4618
16.0000 2.4541
17.0000 2.4847
18.0000 2.5799
19.0000 2.6798
20.0000 2.7796
21.0000 2.8325
22.0000 2.7556
23.0000 2.6751
24.0000 2.6165
25.0000 2.6888
26.0000 2.6766
27.0000 2.6847
28.0000 2.7021
29.0000 2.7672
30.0000 2.8272
31.0000 2.8276
32.0000 2.8432
33.0000 2.8238
34.0000 2.8317
35.0000 2.7469
36.0000 2.7824
37.0000 2.7298
38.0000 2.8130
39.0000 2.7474
40.0000 2.7486
41.0000 2.7470
42.0000 2.8105
43.0000 2.8279
44.0000 2.8135
45.0000 2.8177
46.0000 2.8340
47.0000 2.7984
48.0000 2.7402
49.0000 2.6589
50.0000 2.5918
51.0000 2.4919
52.0000 2.4779
53.0000 2.5124
54.0000 2.4868
55.0000 2.5019
56.0000 2.5835
57.0000 2.6535
58.0000 2.7383
59.0000 2.8183
60.0000 2.8875
61.0000 2.8773
62.0000 2.8025
63.0000 2.7274
64.0000 2.6662
65.0000 2.6013
66.0000 2.5247
67.0000 2.5677
68.0000 2.6490
69.0000 2.7457
70.0000 2.8208
71.0000 2.7216
72.0000 2.6432
73.0000 2.6290
74.0000 2.6238
75.0000 2.5630
76.0000 2.5236
77.0000 2.5062
78.0000 2.5946
79.0000 2.6903
80.0000 2.6309
81.0000 2.6581
82.0000 2.6142
83.0000 2.5632
84.0000 2.4848
85.0000 2.4546
86.0000 2.4044
87.0000 2.3049
88.0000 2.2130
89.0000 2.1230
90.0000 2.0829
91.0000 2.1050
92.0000 2.0513
93.0000 1.9660
94.0000 2.0269
95.0000 2.1224
96.0000 2.2223
97.0000 2.3168
98.0000 2.4015
99.0000 2.4953
100.0000 2.5904
101.0000 2.6742
102.0000 2.6161
103.0000 2.5176
104.0000 2.4912
105.0000 2.4890
106.0000 2.4177
107.0000 2.3221
108.0000 2.2744
109.0000 2.1801
110.0000 2.1400
111.0000 2.1766
112.0000 2.1654
113.0000 2.1586
114.0000 2.0587
115.0000 1.9620
116.0000 1.8630
117.0000 1.7662
118.0000 1.6663
119.0000 1.5730
120.0000 1.4738
121.0000 1.3747
122.0000 1.3619
123.0000 1.2672
124.0000 1.2028
125.0000 1.1094
126.0000 1.0170
127.0000 0.9880
128.0000 0.8896
129.0000 0.8063
130.0000 0.7094
131.0000 0.6127
132.0000 0.6299
133.0000 0.6183
134.0000 0.5787
135.0000 0.5341
136.0000 0.5328
137.0000 0.5885
138.0000 0.6269
139.0000 0.7247
140.0000 0.8209
141.0000 0.9165
142.0000 1.0001
143.0000 1.0993
144.0000 1.1633
145.0000 1.2596
146.0000 1.3396
147.0000 1.4125
148.0000 1.5105
149.0000 1.6093
150.0000 1.7048
