1.0000 2.1374
2.0000 2.0926
3.0000 2.0955
4.0000 2.0609
5.0000 2.0549
6.0000 2.1463
7.0000 2.2088
8.0000 2.2025
9.0000 2.2580
10.0000 2.2927
11.0000 2.2021
12.0000 2.1320
13.0000 2.1097
14.0000 2.0725
15.0000 2.1674
16.0000 2.2086
17.0000 2.2142
18.0000 2.2601
19.0000 2.3267
20.0000 2.4150
21.0000 2.5010
22.0000 2.4952
23.0000 2.5908
24.0000 2.6760
25.0000 2.7313
26.0000 2.6592
27.0000 2.7121
28.0000 2.6396
29.0000 2.5446
30.0000 2.4579
31.0000 2.3638
32.0000 2.4068
33.0000 2.4871
34.0000 2.5439
35.0000 2.5880
36.0000 2.6471
37.0000 2.5740
38.0000 2.5486
39.0000 2.5532
40.0000 2.4838
41.0000 2.4226
42.0000 2.3271
43.0000 2.3292
44.0000 2.4190
45.0000 2.5035
46.0000 2.5029
47.0000 2.4653
48.0000 2.4342
49.0000 2.3419
50.0000 2.3404
51.0000 2.2936
52.0000 2.1976
53.0000 2.2095
54.0000 2.2137
55.0000 2.1536
56.0000 2.0719
57.0000 1.9968
58.0000 1.9364
59.0000 1.8437
60.0000 1.7463
61.0000 1.6526
62.0000 1.5573
63.0000 1.5978
64.0000 1.6978
65.0000 1.7835
66.0000 1.8804
67.0000 1.9669
68.0000 1.9230
69.0000 1.9986
70.0000 2.0841
71.0000 2.0940
72.0000 2.1332
73.0000 2.1367
74.0000 2.0808
75.0000 2.0910
76.0000 2.0307
77.0000 1.9357
78.0000 1.8388
79.0000 1.7857
80.0000 1.8218
81.0000 1.8661
82.0000 1.9528
83.0000 2.0142
84.0000 2.1140
85.0000 2.2133
86.0000 2.1758
87.0000 2.1408
88.0000 2.1606
89.0000 2.1938
90.0000 2.1844
91.0000 2.2505
92.0000 2.2861
93.0000 2.2238
94.0000 2.2379
95.0000 2.2686
96.0000 2.2105
97.0000 2.1135
98.0000 2.0136
99.0000 1.9271
100.0000 1.8816
101.0000 1.8166
102.0000 1.8019
103.0000 1.8316
104.0000 1.9033
105.0000 1.9650
106.0000 1.8919
107.0000 1.8052
108.0000 1.7056
109.0000 1.6194
110.0000 1.5675
111.0000 1.4752
112.0000 1.4757
113.0000 1.4441
114.0000 1.5439
115.0000 1.6381
116.0000 1.7105
117.0000 1.7698
118.0000 1.8250
119.0000 1.9157
120.0000 2.0149
121.0000 2.0736
122.0000 2.1642
123.0000 2.2336
124.0000 2.1575
125.0000 2.1228
126.0000 2.1185
127.0000 2.0698
128.0000 1.9842
129.0000 1.8906
130.0000 1.8015
131.0000 1.7161
132.0000 1.6163
133.0000 1.5229
134.0000 1.4493
135.0000 1.4773
136.0000 1.4007
137.0000 1.3013
138.0000 1.3479
139.0000 1.2784
140.0000 1.2319
141.0000 1.2331
142.0000 1.3030
143.0000 1.3006
144.0000 1.2278
145.0000 1.1283
146.0000 1.0537
147.0000 0.9710
148.0000 0.8995
149.0000 0.8529
150.0000 0.7952
