1.0000 2.1920
2.0000 2.0922
3.0000 2.0153
4.0000 1.9154
5.0000 1.8273
6.0000 1.7799
7.0000 1.7371
8.0000 1.7013
9.0000 1.7417
10.0000 1.6972
11.0000 1.6036
12.0000 1.5166
13.0000 1.4303
14.0000 1.3491
15.0000 1.3398
16.0000 1.3177
17.0000 1.4172
18.0000 1.5046
19.0000 1.5952
20.0000 1.6243
21.0000 1.6279
22.0000 1.6649
23.0000 1.7507
24.0000 1.8381
25.0000 1.8792
26.0000 1.9669
27.0000 2.0668
28.0000 2.0946
29.0000 2.0471
30.0000 1.9951
31.0000 1.9544
32.0000 1.9179
33.0000 1.8425
34.0000 1.9138
35.0000 1.9547
36.0000 1.8682
37.0000 1.9224
38.0000 1.9338
39.0000 2.0156
40.0000 1.9482
41.0000 1.8482
42.0000 1.8406
43.0000 1.8995
44.0000 1.9408
45.0000 2.0309
46.0000 2.0858
47.0000 2.0530
48.0000 2.0113
49.0000 2.0978
50.0000 2.0645
51.0000 1.9730
52.0000 1.9536
53.0000 1.9379
54.0000 1.8858
55.0000 1.8687
56.0000 1.8177
57.0000 1.7496
58.0000 1.7523
59.0000 1.7102
60.0000 1.6531
61.0000 1.6948
62.0000 1.6806
63.0000 1.6641
64.0000 1.6963
65.0000 1.6710
66.0000 1.6276
67.0000 1.5421
68.0000 1.4605
69.0000 1.3614
70.0000 1.3220
71.0000 1.3688
72.0000 1.4573
73.0000 1.5572
74.0000 1.6557
75.0000 1.6773
76.0000 1.7570
77.0000 1.8353
78.0000 1.9347
79.0000 2.0156
80.0000 2.0974
81.0000 2.1833
82.0000 2.2688
83.0000 2.2453
84.0000 2.2636
85.0000 2.3304
86.0000 2.3478
87.0000 2.3433
88.0000 2.4390
89.0000 2.5236
90.0000 2.5383
91.0000 2.4515
92.0000 2.3601
93.0000 2.2605
94.0000 2.1713
95.0000 2.0966
96.0000 2.0096
97.0000 2.0043
98.0000 2.0570
99.0000 2.1465
100.0000 2.2291
101.0000 2.3072
102.0000 2.4037
103.0000 2.4427
104.0000 2.4231
105.0000 2.4271
106.0000 2.4085
107.0000 2.4969
108.0000 2.5680
109.0000 2.5684
110.0000 2.4736
111.0000 2.3987
112.0000 2.3130
113.0000 2.3521
114.0000 2.3274
115.0000 2.3283
116.0000 2.2708
117.0000 2.3368
118.0000 2.4343
119.0000 2.4896
120.0000 2.4199
121.0000 2.3200
122.0000 2.2592
123.0000 2.2657
124.0000 2.3531
125.0000 2.4389
126.0000 2.5381
127.0000 2.4967
128.0000 2.4028
129.0000 2.3062
130.0000 2.2065
131.0000 2.2809
132.0000 2.2980
133.0000 2.3305
134.0000 2.3081
135.0000 2.2706
136.0000 2.3698
137.0000 2.4383
138.0000 2.4336
139.0000 2.5130
140.0000 2.5575
141.0000 2.5155
142.0000 2.4789
143.0000 2.3801
144.0000 2.2851
145.0000 2.2562
146.0000 2.1870
147.0000 2.1303
148.0000 2.0722
149.0000 1.9743
150.0000 1.8839
