1.0000 2.1388
2.0000 2.0498
3.0000 1.9823
4.0000 2.0616
5.0000 2.1487
6.0000 2.1857
7.0000 2.2210
8.0000 2.2084
9.0000 2.2511
10.0000 2.3343
11.0000 2.3970
12.0000 2.4669
13.0000 2.5363
14.0000 2.5952
15.0000 2.6379
16.0000 2.6419
17.0000 2.6311
18.0000 2.6257
19.0000 2.5659
20.0000 2.5096
21.0000 2.4353
22.0000 2.3376
23.0000 2.2579
24.0000 2.1854
25.0000 2.2598
26.0000 2.2580
27.0000 2.2449
28.0000 2.1767
29.0000 2.1031
30.0000 2.0219
31.0000 1.9259
32.0000 1.9212
33.0000 2.0082
34.0000 2.0826
35.0000 2.0593
36.0000 2.0346
37.0000 1.9845
38.0000 1.8848
39.0000 1.8559
40.0000 1.9334
41.0000 2.0294
42.0000 2.1033
43.0000 2.2009
44.0000 2.1340
45.0000 2.0838
46.0000 2.0091
47.0000 1.9133
48.0000 1.8359
49.0000 1.7389
50.0000 1.7318
51.0000 1.7004
52.0000 1.6978
53.0000 1.7063
54.0000 1.7261
55.0000 1.6535
56.0000 1.6040
57.0000 1.5044
58.0000 1.4426
59.0000 1.4087
60.0000 1.4727
61.0000 1.5603
62.0000 1.6371
63.0000 1.7226
64.0000 1.7248
65.0000 1.6680
66.0000 1.7187
67.0000 1.6192
68.0000 1.6147
69.0000 1.5358
70.0000 1.4612
71.0000 1.3654
72.0000 1.2665
73.0000 1.1699
74.0000 1.0816
75.0000 1.0038
76.0000 0.9199
77.0000 0.8376
78.0000 0.7659
79.0000 0.6950
80.0000 0.5954
81.0000 0.5225
82.0000 0.5086
83.0000 0.5163
84.0000 0.4170
85.0000 0.3772
86.0000 0.4141
87.0000 0.4271
88.0000 0.5171
89.0000 0.6038
90.0000 0.6831
91.0000 0.6703
92.0000 0.7365
93.0000 0.8360
94.0000 0.9126
95.0000 1.0076
96.0000 1.1033
97.0000 1.1661
98.0000 1.1815
99.0000 1.2303
100.0000 1.3191
101.0000 1.4154
102.0000 1.4435
103.0000 1.5016
104.0000 1.6016
105.0000 1.6874
106.0000 1.7476
107.0000 1.7985
108.0000 1.8985
109.0000 1.9985
110.0000 2.0956
111.0000 2.1568
112.0000 2.1972
113.0000 2.2331
114.0000 2.2020
115.0000 2.2205
116.0000 2.1919
117.0000 2.1637
118.0000 2.1186
119.0000 2.1546
120.0000 2.1103
121.0000 2.0307
122.0000 1.9446
123.0000 1.8973
124.0000 1.9165
125.0000 1.9321
126.0000 1.9726
127.0000 2.0726
128.0000 2.1507
129.0000 2.1812
130.0000 2.2522
131.0000 2.1602
132.0000 2.1085
133.0000 2.1605
134.0000 2.1073
135.0000 2.0086
136.0000 1.9346
137.0000 1.8636
138.0000 1.7659
139.0000 1.6662
140.0000 1.5663
141.0000 1.4786
142.0000 1.4258
143.0000 1.3273
144.0000 1.2397
145.0000 1.2721
146.0000 1.2145
147.0000 1.3105
148.0000 1.4102
149.0000 1.4864
150.0000 1.5387
