1.0000 2.2451
2.0000 2.3205
3.0000 2.3259
4.0000 2.2360
5.0000 2.1656
6.0000 2.0716
7.0000 1.9904
8.0000 2.0561
9.0000 2.1510
10.0000 2.2298
11.0000 2.2820
12.0000 2.3388
13.0000 2.3811
14.0000 2.4652
15.0000 2.4084
16.0000 2.3488
17.0000 2.2646
18.0000 2.1727
19.0000 2.1165
20.0000 2.0196
21.0000 1.9443
22.0000 1.9057
23.0000 1.8454
24.0000 1.7715
25.0000 1.8427
26.0000 1.9420
27.0000 2.0378
28.0000 2.0811
29.0000 2.1690
30.0000 2.2240
31.0000 2.2280
32.0000 2.2837
33.0000 2.3311
34.0000 2.2326
35.0000 2.1399
36.0000 2.1011
37.0000 2.1205
38.0000 2.1981
39.0000 2.1606
40.0000 2.1848
41.0000 2.2032
42.0000 2.2467
43.0000 2.3419
44.0000 2.4252
45.0000 2.4223
46.0000 2.3580
47.0000 2.3955
48.0000 2.2964
49.0000 2.1991
50.0000 2.1091
51.0000 2.1737
52.0000 2.0952
53.0000 1.9996
54.0000 1.9190
55.0000 1.8795
56.0000 1.9792
57.0000 2.0264
58.0000 2.0431
59.0000 2.0135
60.0000 2.0779
61.0000 2.1022
62.0000 2.0350
63.0000 2.0177
64.0000 1.9392
65.0000 1.8983
66.0000 1.8715
67.0000 1.7828
68.0000 1.8667
69.0000 1.8759
70.0000 1.8269
71.0000 1.9268
72.0000 2.0015
73.0000 2.1011
74.0000 2.1446
75.0000 2.2438
76.0000 2.3228
77.0000 2.3470
78.0000 2.3193
79.0000 2.2239
80.0000 2.1570
81.0000 2.1333
82.0000 2.2191
83.0000 2.2478
84.0000 2.1782
85.0000 2.1804
86.0000 2.1420
87.0000 2.0563
88.0000 1.9599
89.0000 1.8705
90.0000 1.8150
91.0000 1.7316
92.0000 1.6338
93.0000 1.6927
94.0000 1.7411
95.0000 1.7946
96.0000 1.8721
97.0000 1.9640
98.0000 1.9965
99.0000 1.9595
100.0000 2.0036
101.0000 1.9866
102.0000 1.8887
103.0000 1.7891
104.0000 1.6895
105.0000 1.5912
106.0000 1.5049
107.0000 1.4286
108.0000 1.3306
109.0000 1.2388
110.0000 1.2711
111.0000 1.3437
112.0000 1.4386
113.0000 1.5318
114.0000 1.6292
115.0000 1.7089
116.0000 1.7809
117.0000 1.8476
118.0000 1.8692
119.0000 1.8148
120.0000 1.7858
121.0000 1.7334
122.0000 1.7849
123.0000 1.8670
124.0000 1.9234
125.0000 1.9333
126.0000 1.8839
127.0000 1.8055
128.0000 1.8377
129.0000 1.9375
130.0000 2.0101
131.0000 1.9650
132.0000 1.9417
133.0000 1.9349
134.0000 1.9785
135.0000 1.9608
136.0000 1.9414
137.0000 1.8573
138.0000 1.7638
139.0000 1.7167
140.0000 1.7165
141.0000 1.8139
142.0000 1.7883
143.0000 1.7024
144.0000 1.6053
145.0000 1.5058
146.0000 1.5297
147.0000 1.5497
148.0000 1.5336
149.0000 1.4584
150.0000 1.3648
