1.0000 2.2677
2.0000 2.3222
3.0000 2.3298
4.0000 2.3031
5.0000 2.2216
6.0000 2.1276
7.0000 2.1214
8.0000 2.0903
9.0000 2.0074
10.0000 1.9384
11.0000 1.8665
12.0000 1.7672
13.0000 1.6743
14.0000 1.5752
15.0000 1.4813
16.0000 1.4102
17.0000 1.3173
18.0000 1.2308
19.0000 1.1312
20.0000 1.0349
21.0000 1.0018
22.0000 0.9472
23.0000 0.9438
24.0000 1.0237
25.0000 1.0176
26.0000 1.0523
27.0000 1.0693
28.0000 1.1375
29.0000 1.2358
30.0000 1.3125
31.0000 1.4117
32.0000 1.5050
33.0000 1.4891
34.0000 1.4203
35.0000 1.4364
36.0000 1.3782
37.0000 1.2973
38.0000 1.2027
39.0000 1.1623
40.0000 1.1414
41.0000 1.1841
42.0000 1.2252
43.0000 1.1926
44.0000 1.2086
45.0000 1.1264
46.0000 1.0373
47.0000 0.9817
48.0000 0.9911
49.0000 1.0481
50.0000 1.0307
51.0000 1.0601
52.0000 1.1547
53.0000 1.2111
54.0000 1.2273
55.0000 1.1572
56.0000 1.0761
57.0000 0.9805
58.0000 0.9052
59.0000 0.9420
60.0000 1.0231
61.0000 1.0762
62.0000 1.1490
63.0000 1.1008
64.0000 1.0346
65.0000 0.9365
66.0000 0.8917
67.0000 0.9557
68.0000 0.9110
69.0000 0.9788
70.0000 0.9722
71.0000 0.9548
72.0000 0.9666
73.0000 1.0533
74.0000 1.1170
75.0000 1.1853
76.0000 1.2847
77.0000 1.3843
78.0000 1.4524
79.0000 1.5522
80.0000 1.6466
81.0000 1.7372
82.0000 1.8308
83.0000 1.9292
84.0000 1.8931
85.0000 1.9672
86.0000 2.0305
87.0000 2.1141
88.0000 2.1516
89.0000 2.1885
90.0000 2.1399
91.0000 2.1141
92.0000 2.0287
93.0000 2.0313
94.0000 1.9478
95.0000 1.8518
96.0000 1.7547
97.0000 1.6636
98.0000 1.5887
99.0000 1.4970
100.0000 1.4086
101.0000 1.4637
102.0000 1.5293
103.0000 1.4731
104.0000 1.3788
105.0000 1.2945
106.0000 1.2907
107.0000 1.2432
108.0000 1.2839
109.0000 1.3839
110.0000 1.4636
111.0000 1.5635
112.0000 1.6635
113.0000 1.7485
114.0000 1.8460
115.0000 1.9015
116.0000 1.9743
117.0000 1.9677
118.0000 2.0136
119.0000 1.9797
120.0000 2.0363
121.0000 2.1145
122.0000 2.1771
123.0000 2.1006
124.0000 2.1362
125.0000 2.1498
126.0000 2.2471
127.0000 2.3267
128.0000 2.4076
129.0000 2.4943
130.0000 2.5918
131.0000 2.6249
132.0000 2.5644
133.0000 2.5286
134.0000 2.6256
135.0000 2.5879
136.0000 2.6694
137.0000 2.7589
138.0000 2.8278
139.0000 2.8708
140.0000 2.8446
141.0000 2.8035
142.0000 2.7179
143.0000 2.6186
144.0000 2.5189
145.0000 2.5032
146.0000 2.5713
147.0000 2.6665
148.0000 2.7635
149.0000 2.8567
150.0000 2.9004
