1.0000 2.2528
2.0000 2.3219
3.0000 2.2342
4.0000 2.1396
5.0000 2.0939
6.0000 2.0010
7.0000 1.9510
8.0000 1.8954
9.0000 1.9503
10.0000 2.0442
11.0000 2.1290
12.0000 2.1102
13.0000 2.0729
14.0000 2.0446
15.0000 2.0102
16.0000 2.0049
17.0000 2.0150
18.0000 2.0388
19.0000 2.0618
20.0000 2.1608
21.0000 2.2592
22.0000 2.3210
23.0000 2.4136
24.0000 2.5106
25.0000 2.5707
26.0000 2.5631
27.0000 2.6255
28.0000 2.7243
29.0000 2.7124
30.0000 2.6124
31.0000 2.5133
32.0000 2.5275
33.0000 2.4332
34.0000 2.3588
35.0000 2.4018
36.0000 2.4564
37.0000 2.5498
38.0000 2.5513
39.0000 2.4724
40.0000 2.3725
41.0000 2.3210
42.0000 2.2792
43.0000 2.2334
44.0000 2.2502
45.0000 2.3338
46.0000 2.4335
47.0000 2.5224
48.0000 2.4279
49.0000 2.3584
50.0000 2.3286
51.0000 2.2433
52.0000 2.1524
53.0000 2.0714
54.0000 1.9809
55.0000 1.8825
56.0000 1.7872
57.0000 1.6872
58.0000 1.6820
59.0000 1.6081
60.0000 1.6276
61.0000 1.5278
62.0000 1.4328
63.0000 1.3546
64.0000 1.2575
65.0000 1.2232
66.0000 1.2364
67.0000 1.3274
68.0000 1.3935
69.0000 1.3420
70.0000 1.2549
71.0000 1.1790
72.0000 1.1236
73.0000 1.2118
74.0000 1.3109
75.0000 1.4049
76.0000 1.4175
77.0000 1.4350
78.0000 1.4240
79.0000 1.4507
80.0000 1.5028
81.0000 1.4028
82.0000 1.3089
83.0000 1.2104
84.0000 1.1104
85.0000 1.0109
86.0000 0.9256
87.0000 0.8759
88.0000 0.9481
89.0000 1.0430
90.0000 1.1263
91.0000 1.1715
92.0000 1.2633
93.0000 1.3530
94.0000 1.2982
95.0000 1.2156
96.0000 1.1402
97.0000 1.1189
98.0000 1.1150
99.0000 1.1644
100.0000 1.2579
101.0000 1.3356
102.0000 1.4346
103.0000 1.4382
104.0000 1.5370
105.0000 1.6349
106.0000 1.6361
107.0000 1.6746
108.0000 1.6876
109.0000 1.7004
110.0000 1.7888
111.0000 1.8848
112.0000 1.9846
113.0000 2.0844
114.0000 2.1591
115.0000 2.0878
116.0000 2.1392
117.0000 2.1833
118.0000 2.2083
119.0000 2.2915
120.0000 2.3859
121.0000 2.4838
122.0000 2.5838
123.0000 2.6764
124.0000 2.6921
125.0000 2.6803
126.0000 2.6905
127.0000 2.7735
128.0000 2.8211
129.0000 2.8639
130.0000 2.9393
131.0000 3.0151
132.0000 2.0067
133.0000 1.9128
134.0000 1.8213
135.0000 1.7253
136.0000 1.7562
137.0000 1.8560
138.0000 1.9444
139.0000 2.0444
140.0000 3.0568
141.0000 2.0765
142.0000 1.9917
143.0000 1.8990
144.0000 1.8084
145.0000 1.7161
146.0000 1.6597
147.0000 1.6700
148.0000 1.7654
149.0000 1.8647
150.0000 1.9374
