1.0000 2.1388
2.0000 2.0416
3.0000 1.9739
4.0000 1.8752
5.0000 1.7848
6.0000 1.7618
7.0000 1.7604
8.0000 1.7430
9.0000 1.6828
10.0000 1.7005
11.0000 1.7298
12.0000 1.8113
13.0000 1.8819
14.0000 1.8081
15.0000 1.7216
16.0000 1.7272
17.0000 1.6952
18.0000 1.6921
19.0000 1.7630
20.0000 1.6830
21.0000 1.6498
22.0000 1.6607
23.0000 1.6690
24.0000 1.7677
25.0000 1.8640
26.0000 1.9209
27.0000 1.9231
28.0000 1.8647
29.0000 1.7823
30.0000 1.7753
31.0000 1.7953
32.0000 1.8234
33.0000 1.8132
34.0000 1.8034
35.0000 1.7746
36.0000 1.6850
37.0000 1.6044
38.0000 1.5978
39.0000 1.6639
40.0000 1.7171
41.0000 1.7471
42.0000 1.7311
43.0000 1.7863
44.0000 1.8284
45.0000 1.9177
46.0000 1.8199
47.0000 1.7557
48.0000 1.6867
49.0000 1.6016
50.0000 1.5081
51.0000 1.4081
52.0000 1.3185
53.0000 1.3181
54.0000 1.3368
55.0000 1.2992
56.0000 1.2990
57.0000 1.3223
58.0000 1.3735
59.0000 1.4681
60.0000 1.5638
61.0000 1.5636
62.0000 1.5478
63.0000 1.4505
64.0000 1.3815
65.0000 1.2834
66.0000 1.2966
67.0000 1.3941
68.0000 1.4518
69.0000 1.5033
70.0000 1.5328
71.0000 1.5529
72.0000 1.5732
73.0000 1.6051
74.0000 1.7048
75.0000 1.7769
76.0000 1.8577
77.0000 1.9574
78.0000 1.9793
79.0000 1.8802
80.0000 1.7802
81.0000 1.7039
82.0000 1.6049
83.0000 1.5197
84.0000 1.4198
85.0000 1.3219
86.0000 1.2271
87.0000 1.1376
88.0000 1.1652
89.0000 1.2317
90.0000 1.2037
91.0000 1.1889
92.0000 1.0922
93.0000 0.9979
94.0000 0.9801
95.0000 0.8941
96.0000 0.8417
97.0000 0.7767
98.0000 0.7263
99.0000 0.7812
100.0000 0.7772
101.0000 0.7000
102.0000 0.8000
103.0000 0.8995
104.0000 0.9972
105.0000 1.0525
106.0000 0.9778
107.0000 0.9018
108.0000 0.8756
109.0000 0.8701
110.0000 0.8491
111.0000 0.7500
112.0000 0.6675
113.0000 0.5678
114.0000 0.4679
115.0000 0.4355
116.0000 0.5109
117.0000 0.5023
118.0000 0.4921
119.0000 0.3938
120.0000 0.2959
121.0000 0.2105
122.0000 0.1109
123.0000 0.0416
124.0000 0.1115
125.0000 0.2103
126.0000 0.2976
127.0000 0.3974
128.0000 0.4891
129.0000 0.5887
130.0000 0.6398
131.0000 0.7365
132.0000 0.8336
133.0000 0.9330
134.0000 1.0009
135.0000 1.0862
136.0000 1.1857
137.0000 1.2508
138.0000 1.3423
139.0000 1.4083
140.0000 1.4378
141.0000 1.3499
142.0000 1.2537
143.0000 1.1554
144.0000 1.0738
145.0000 0.9935
146.0000 0.9874
147.0000 1.0873
148.0000 1.1501
149.0000 1.2238
150.0000 1.3238
