1.0000 2.1956
2.0000 2.2095
3.0000 2.2561
4.0000 2.3499
5.0000 2.3705
6.0000 2.2886
7.0000 2.2926
8.0000 2.2707
9.0000 2.2943
10.0000 2.2384
11.0000 2.2188
12.0000 2.1757
13.0000 2.1000
14.0000 2.0140
15.0000 1.9169
16.0000 1.8760
17.0000 1.8887
18.0000 1.8378
19.0000 1.7407
20.0000 1.7683
21.0000 1.8683
22.0000 1.9097
23.0000 1.8507
24.0000 1.8005
25.0000 1.8332
26.0000 1.7897
27.0000 1.7468
28.0000 1.8057
29.0000 1.8822
30.0000 1.9720
31.0000 1.9782
32.0000 2.0460
33.0000 2.1093
34.0000 2.0192
35.0000 1.9775
36.0000 1.8805
37.0000 1.7846
38.0000 1.6876
39.0000 1.6481
40.0000 1.6130
41.0000 1.5206
42.0000 1.4249
43.0000 1.3650
44.0000 1.3947
45.0000 1.4018
46.0000 1.4019
47.0000 1.3409
48.0000 1.2587
49.0000 1.1697
50.0000 1.2156
51.0000 1.3153
52.0000 1.4151
53.0000 1.3929
54.0000 1.3341
55.0000 1.2621
56.0000 1.2402
57.0000 1.1903
58.0000 1.2112
59.0000 1.2589
60.0000 1.2268
61.0000 1.1681
62.0000 1.0778
63.0000 1.0223
64.0000 0.9288
65.0000 0.9578
66.0000 0.8683
67.0000 0.7815
68.0000 0.7209
69.0000 0.6801
70.0000 0.6291
71.0000 0.5373
72.0000 0.4637
73.0000 0.4353
74.0000 0.3664
75.0000 0.3144
76.0000 0.4057
77.0000 0.5008
78.0000 0.5909
79.0000 0.6197
80.0000 0.6927
81.0000 0.7926
82.0000 0.8546
83.0000 0.9464
84.0000 1.0457
85.0000 1.1457
86.0000 1.1548
87.0000 1.1746
88.0000 1.2744
89.0000 1.3613
90.0000 1.4431
91.0000 1.5429
92.0000 1.6355
93.0000 1.7058
94.0000 1.7958
95.0000 1.8950
96.0000 1.9948
97.0000 1.9831
98.0000 1.9991
99.0000 1.9184
100.0000 1.8902
101.0000 1.9257
102.0000 1.8664
103.0000 1.7918
104.0000 1.6920
105.0000 1.7571
106.0000 1.8494
107.0000 1.8675
108.0000 1.7785
109.0000 1.6794
110.0000 1.6144
111.0000 1.5358
112.0000 1.5281
113.0000 1.5169
114.0000 1.5153
115.0000 1.4462
116.0000 1.3510
117.0000 1.2758
118.0000 1.1783
119.0000 1.1119
120.0000 1.0850
121.0000 0.9976
122.0000 0.9119
123.0000 0.8546
124.0000 0.9445
125.0000 0.9234
126.0000 0.8298
127.0000 0.8089
128.0000 0.7901
129.0000 0.8739
130.0000 0.8952
131.0000 0.9172
132.0000 0.8537
133.0000 0.8699
134.0000 0.9110
135.0000 0.9600
136.0000 1.0581
137.0000 1.1516
138.0000 1.2257
139.0000 1.2278
140.0000 1.2604
141.0000 1.2652
142.0000 1.2571
143.0000 1.2024
144.0000 1.1389
145.0000 1.0402
146.0000 0.9493
147.0000 0.9572
148.0000 0.9942
149.0000 1.0591
150.0000 1.1138
