1.0000 2.1388
2.0000 2.0547
3.0000 1.9691
4.0000 1.9739
5.0000 1.8811
6.0000 1.8110
7.0000 1.7138
8.0000 1.7466
9.0000 1.6944
10.0000 1.6431
11.0000 1.5431
12.0000 1.4652
13.0000 1.3688
14.0000 1.3165
15.0000 1.2300
16.0000 1.1481
17.0000 1.0994
18.0000 1.0867
19.0000 1.0252
20.0000 0.9583
21.0000 0.8812
22.0000 0.7819
23.0000 0.7240
24.0000 0.6860
25.0000 0.5865
26.0000 0.5289
27.0000 0.4397
28.0000 0.3448
29.0000 0.2484
30.0000 0.1484
31.0000 0.0705
32.0000 0.1463
33.0000 0.2462
34.0000 0.2684
35.0000 0.2641
36.0000 0.3486
37.0000 0.3442
38.0000 0.4405
39.0000 0.5088
40.0000 0.4884
41.0000 0.5846
42.0000 0.5415
43.0000 0.4808
44.0000 0.4535
45.0000 0.4580
46.0000 0.5504
47.0000 0.6346
48.0000 0.7289
49.0000 0.8265
50.0000 0.9244
51.0000 1.0221
52.0000 1.0447
53.0000 1.0193
54.0000 0.9529
55.0000 0.8747
56.0000 0.8541
57.0000 0.8333
58.0000 0.8800
59.0000 0.9176
60.0000 1.0161
61.0000 1.1160
62.0000 1.1864
63.0000 1.1261
64.0000 1.0424
65.0000 0.9891
66.0000 0.8939
67.0000 0.9790
68.0000 1.0477
69.0000 1.1130
70.0000 1.1272
71.0000 1.1644
72.0000 1.2622
73.0000 1.3597
74.0000 1.4535
75.0000 1.5285
76.0000 1.6139
77.0000 1.6888
78.0000 1.7328
79.0000 1.8251
80.0000 1.9233
81.0000 1.9775
82.0000 2.0772
83.0000 2.0606
84.0000 2.0598
85.0000 2.0097
86.0000 2.0060
87.0000 1.9632
88.0000 1.9093
89.0000 1.8216
90.0000 1.7545
91.0000 1.7304
92.0000 1.7433
93.0000 1.8303
94.0000 1.9208
95.0000 2.0137
96.0000 1.9180
97.0000 1.8260
98.0000 1.7287
99.0000 1.6537
100.0000 1.5682
101.0000 1.5158
102.0000 1.6132
103.0000 1.6848
104.0000 1.7832
105.0000 1.8751
106.0000 1.9749
107.0000 1.9915
108.0000 1.9163
109.0000 1.8425
110.0000 1.7519
111.0000 1.7722
112.0000 1.8036
113.0000 1.8518
114.0000 1.9261
115.0000 1.9895
116.0000 1.9075
117.0000 1.8275
118.0000 1.7296
119.0000 1.6453
120.0000 1.5471
121.0000 1.5323
122.0000 1.4949
123.0000 1.5557
124.0000 1.6452
125.0000 1.7426
126.0000 1.6833
127.0000 1.5839
128.0000 1.5025
129.0000 1.4949
130.0000 1.4318
131.0000 1.3329
132.0000 1.2341
133.0000 1.1819
134.0000 1.1172
135.0000 1.0748
136.0000 1.0103
137.0000 1.0117
138.0000 1.0602
139.0000 1.1573
140.0000 1.2452
141.0000 1.3452
142.0000 1.4449
143.0000 1.5350
144.0000 1.6306
145.0000 1.6950
146.0000 1.7590
147.0000 1.7837
148.0000 1.7975
149.0000 1.8035
150.0000 1.7187
