1.0000 2.1368
2.0000 2.0498
3.0000 1.9638
4.0000 1.8805
5.0000 1.7808
6.0000 1.7449
7.0000 1.7779
8.0000 1.7702
9.0000 1.7148
10.0000 1.6308
11.0000 1.5744
12.0000 1.4910
13.0000 1.4618
14.0000 1.3683
15.0000 1.2933
16.0000 1.3375
17.0000 1.3737
18.0000 1.4111
19.0000 1.4969
20.0000 1.5969
21.0000 1.6691
22.0000 1.7497
23.0000 1.8492
24.0000 1.9490
25.0000 2.0210
26.0000 2.0003
27.0000 2.0287
28.0000 1.9712
29.0000 1.9736
30.0000 2.0520
31.0000 2.1508
32.0000 2.1337
33.0000 2.0901
34.0000 2.0808
35.0000 2.1563
36.0000 2.2556
37.0000 2.3420
38.0000 2.3822
39.0000 2.4175
40.0000 2.3514
41.0000 2.2583
42.0000 2.1894
43.0000 2.1331
44.0000 2.1740
45.0000 2.2428
46.0000 2.3422
47.0000 2.2530
48.0000 2.1786
49.0000 2.1179
50.0000 2.1243
51.0000 2.1570
52.0000 2.0831
53.0000 1.9950
54.0000 1.9147
55.0000 1.8153
56.0000 1.7477
57.0000 1.6769
58.0000 1.5930
59.0000 1.4930
60.0000 1.4017
61.0000 1.3563
62.0000 1.2863
63.0000 1.1960
64.0000 1.1337
65.0000 1.0772
66.0000 1.0639
67.0000 1.1152
68.0000 1.0262
69.0000 0.9385
70.0000 0.9161
71.0000 0.8270
72.0000 0.8189
73.0000 0.8947
74.0000 0.8430
75.0000 0.8559
76.0000 0.9556
77.0000 1.0260
78.0000 1.0460
79.0000 0.9859
80.0000 0.9566
81.0000 0.9401
82.0000 0.9565
83.0000 1.0333
84.0000 1.0152
85.0000 0.9639
86.0000 0.9617
87.0000 0.9992
88.0000 1.0536
89.0000 1.1449
90.0000 1.2420
91.0000 1.3223
92.0000 1.3155
93.0000 1.4119
94.0000 1.5016
95.0000 1.5093
96.0000 1.6074
97.0000 1.6986
98.0000 1.7607
99.0000 1.7289
100.0000 1.6315
101.0000 1.5343
102.0000 1.4349
103.0000 1.3443
104.0000 1.2465
105.0000 1.1535
106.0000 1.1150
107.0000 1.0371
108.0000 0.9411
109.0000 0.8953
110.0000 0.9419
111.0000 1.0089
112.0000 0.9522
113.0000 0.8806
114.0000 0.8071
115.0000 0.7445
116.0000 0.6761
117.0000 0.6040
118.0000 0.5576
119.0000 0.5177
120.0000 0.6170
121.0000 0.7000
122.0000 0.7016
123.0000 0.7478
124.0000 0.7227
125.0000 0.7512
126.0000 0.8287
127.0000 0.9133
128.0000 0.9770
129.0000 1.0759
130.0000 1.1704
131.0000 1.2679
132.0000 1.3549
133.0000 1.4391
134.0000 1.4095
135.0000 1.3878
136.0000 1.3661
137.0000 1.4067
138.0000 1.4643
139.0000 1.4004
140.0000 1.3080
141.0000 1.2107
142.0000 1.2074
143.0000 1.1339
144.0000 1.0339
145.0000 0.9685
146.0000 1.0036
147.0000 1.0283
148.0000 1.1259
149.0000 1.2251
150.0000 1.3250
