1.0000 2.2385
2.0000 2.1964
3.0000 2.1733
4.0000 2.0745
5.0000 1.9771
6.0000 2.0046
7.0000 2.0293
8.0000 2.0629
9.0000 2.1626
10.0000 2.1936
11.0000 2.1679
12.0000 2.1413
13.0000 2.1985
14.0000 2.1217
15.0000 2.0220
16.0000 2.0434
17.0000 2.1373
18.0000 2.2289
19.0000 2.2730
20.0000 2.1974
21.0000 2.1819
22.0000 2.1386
23.0000 2.0979
24.0000 2.0451
25.0000 2.0391
26.0000 2.0039
27.0000 1.9065
28.0000 1.8678
29.0000 1.8341
30.0000 1.9302
31.0000 1.9872
32.0000 1.9231
33.0000 1.8231
34.0000 1.7883
35.0000 1.7164
36.0000 1.7187
37.0000 1.6246
38.0000 1.5588
39.0000 1.6382
40.0000 1.7307
41.0000 1.8099
42.0000 1.8670
43.0000 1.8681
44.0000 1.8813
45.0000 1.8831
46.0000 1.8391
47.0000 1.7398
48.0000 1.6422
49.0000 1.6744
50.0000 1.7034
51.0000 1.6790
52.0000 1.7713
53.0000 1.8332
54.0000 1.8891
55.0000 1.8757
56.0000 1.8808
57.0000 1.9806
58.0000 2.0229
59.0000 1.9852
60.0000 1.9124
61.0000 1.8908
62.0000 1.8056
63.0000 1.7246
64.0000 1.6247
65.0000 1.5315
66.0000 1.5670
67.0000 1.5919
68.0000 1.6439
69.0000 1.7434
70.0000 1.8164
71.0000 1.8709
72.0000 1.9555
73.0000 2.0546
74.0000 2.1271
75.0000 2.0364
76.0000 1.9493
77.0000 1.8529
78.0000 1.9069
79.0000 1.9146
80.0000 1.8162
81.0000 1.7798
82.0000 1.7915
83.0000 1.8915
84.0000 1.9892
85.0000 2.0871
86.0000 2.1771
87.0000 2.2761
88.0000 2.2031
89.0000 2.1613
90.0000 2.1222
91.0000 2.1867
92.0000 2.2218
93.0000 2.1526
94.0000 2.1680
95.0000 2.1944
96.0000 2.2913
97.0000 2.3694
98.0000 2.3477
99.0000 2.2482
100.0000 2.2265
101.0000 2.1313
102.0000 2.1076
103.0000 2.1091
104.0000 2.0141
105.0000 2.0802
106.0000 2.1793
107.0000 2.2483
108.0000 2.2332
109.0000 2.1372
110.0000 2.1047
111.0000 2.0612
112.0000 2.0621
113.0000 2.0927
114.0000 2.0818
115.0000 2.0834
116.0000 2.1814
117.0000 2.2263
118.0000 2.3231
119.0000 2.4021
120.0000 2.4965
121.0000 2.5890
122.0000 2.5627
123.0000 2.4825
124.0000 2.4522
125.0000 2.4894
126.0000 2.5458
127.0000 2.5652
128.0000 2.5452
129.0000 2.5425
130.0000 2.4430
131.0000 2.4061
132.0000 2.3111
133.0000 2.2166
134.0000 2.1587
135.0000 2.1134
136.0000 2.0140
137.0000 2.0148
138.0000 2.0823
139.0000 2.1663
140.0000 2.2576
141.0000 2.2916
142.0000 2.1973
143.0000 2.0992
144.0000 2.0072
145.0000 1.9473
146.0000 1.9889
147.0000 2.0346
148.0000 2.1175
149.0000 2.0766
150.0000 1.9806
