1.0000 2.1361
2.0000 2.0656
3.0000 2.0187
4.0000 2.0911
5.0000 2.0856
6.0000 2.0581
7.0000 1.9694
8.0000 1.9582
9.0000 1.8727
10.0000 1.8379
11.0000 1.7544
12.0000 1.7157
13.0000 1.7912
14.0000 1.7537
15.0000 1.7600
16.0000 1.8149
17.0000 1.9074
18.0000 1.9650
19.0000 2.0329
20.0000 2.0143
21.0000 1.9750
22.0000 1.9626
23.0000 2.0554
24.0000 2.1237
25.0000 2.0809
26.0000 2.0024
27.0000 1.9888
28.0000 1.8983
29.0000 1.8206
30.0000 1.7276
31.0000 1.6308
32.0000 1.5398
33.0000 1.4806
34.0000 1.4357
35.0000 1.5250
36.0000 1.6002
37.0000 1.6747
38.0000 1.7565
39.0000 1.8562
40.0000 1.9281
41.0000 1.9960
42.0000 2.0332
43.0000 2.0059
44.0000 2.0581
45.0000 2.1549
46.0000 2.1714
47.0000 2.1053
48.0000 2.0259
49.0000 1.9311
50.0000 1.9073
51.0000 1.8425
52.0000 1.8752
53.0000 1.9188
54.0000 1.9178
55.0000 1.9663
56.0000 1.9695
57.0000 1.8888
58.0000 1.8037
59.0000 1.7167
60.0000 1.6383
61.0000 1.6055
62.0000 1.5500
63.0000 1.5955
64.0000 1.6905
65.0000 1.7904
66.0000 1.8814
67.0000 1.8170
68.0000 1.8168
69.0000 1.8529
70.0000 1.7558
71.0000 1.7913
72.0000 1.8894
73.0000 1.9888
74.0000 2.0600
75.0000 2.1299
76.0000 2.2280
77.0000 2.2559
78.0000 2.3268
79.0000 2.3055
80.0000 2.2065
81.0000 2.1325
82.0000 2.0962
83.0000 2.0389
84.0000 2.0278
85.0000 1.9404
86.0000 1.9186
87.0000 1.9282
88.0000 1.8619
89.0000 1.9247
90.0000 1.9785
91.0000 2.0659
92.0000 2.1641
93.0000 2.2565
94.0000 2.3561
95.0000 2.3843
96.0000 2.4071
97.0000 2.4993
98.0000 2.5422
99.0000 2.6014
100.0000 2.6939
101.0000 2.7720
102.0000 2.8338
103.0000 2.7815
104.0000 2.6815
105.0000 2.6562
106.0000 2.7514
107.0000 2.7892
108.0000 2.8136
109.0000 2.7418
110.0000 2.6800
111.0000 2.7005
112.0000 2.6061
113.0000 2.5164
114.0000 2.4320
115.0000 2.4361
116.0000 2.4366
117.0000 2.3669
118.0000 2.4206
119.0000 2.4814
120.0000 2.5711
121.0000 2.5511
122.0000 2.4651
123.0000 2.5065
124.0000 2.6061
125.0000 2.5866
126.0000 2.5953
127.0000 2.5251
128.0000 2.4969
129.0000 2.4499
130.0000 2.4007
131.0000 2.3663
132.0000 2.3730
133.0000 2.3169
134.0000 2.2916
135.0000 2.2380
136.0000 2.1612
137.0000 2.1016
138.0000 2.0670
139.0000 2.1516
140.0000 2.1958
141.0000 2.1044
142.0000 2.1187
143.0000 2.1771
144.0000 2.1377
145.0000 2.1453
146.0000 2.1056
147.0000 2.0468
148.0000 1.9880
149.0000 2.0196
150.0000 1.9642
