1.0000 2.1404
2.0000 2.1623
3.0000 2.2101
4.0000 2.2518
5.0000 2.3034
6.0000 2.3828
7.0000 2.4175
8.0000 2.4901
9.0000 2.4418
10.0000 2.4716
11.0000 2.4500
12.0000 2.4558
13.0000 2.3785
14.0000 2.3106
15.0000 2.3098
16.0000 2.2794
17.0000 2.3438
18.0000 2.3814
19.0000 2.3666
20.0000 2.2672
21.0000 2.2719
22.0000 2.2034
23.0000 2.1112
24.0000 2.0269
25.0000 1.9275
26.0000 1.8703
27.0000 1.7715
28.0000 1.6715
29.0000 1.5797
30.0000 1.4797
31.0000 1.4520
32.0000 1.5269
33.0000 1.6167
34.0000 1.6847
35.0000 1.7847
36.0000 1.8427
37.0000 1.9192
38.0000 1.9848
39.0000 2.0616
40.0000 2.1168
41.0000 2.1987
42.0000 2.2134
43.0000 2.1230
44.0000 2.1150
45.0000 2.1773
46.0000 2.1344
47.0000 2.2344
48.0000 2.3240
49.0000 2.4210
50.0000 2.4830
51.0000 2.4532
52.0000 2.4352
53.0000 2.5162
54.0000 2.5733
55.0000 2.6690
56.0000 2.7687
57.0000 2.7945
58.0000 2.7411
59.0000 2.7969
60.0000 2.7011
61.0000 2.6014
62.0000 2.5045
63.0000 2.4176
64.0000 2.3292
65.0000 2.2733
66.0000 2.1742
67.0000 2.1848
68.0000 2.2297
69.0000 2.2978
70.0000 2.3850
71.0000 2.4151
72.0000 2.5141
73.0000 2.6060
74.0000 2.7055
75.0000 2.7918
76.0000 2.6945
77.0000 2.6922
78.0000 2.6147
79.0000 2.5524
80.0000 2.4838
81.0000 2.4683
82.0000 2.5268
83.0000 2.4561
84.0000 2.4077
85.0000 2.4684
86.0000 2.5270
87.0000 2.6129
88.0000 2.6960
89.0000 2.7820
90.0000 2.8755
91.0000 2.8663
92.0000 2.8982
93.0000 2.8256
94.0000 2.7293
95.0000 2.6293
96.0000 2.5363
97.0000 2.4367
98.0000 2.3504
99.0000 2.2671
100.0000 2.3283
101.0000 2.3603
102.0000 2.3838
103.0000 2.2996
104.0000 2.2855
105.0000 2.3645
106.0000 2.3631
107.0000 2.2645
108.0000 2.2851
109.0000 2.3478
110.0000 2.4262
111.0000 2.3599
112.0000 2.2704
113.0000 2.1773
114.0000 2.1391
115.0000 2.0984
116.0000 2.1491
117.0000 2.1288
118.0000 2.0982
119.0000 1.9985
120.0000 1.9006
121.0000 1.8110
122.0000 1.8253
123.0000 1.9145
124.0000 1.9717
125.0000 2.0676
126.0000 2.0787
127.0000 2.0473
128.0000 1.9635
129.0000 1.9374
130.0000 1.9237
131.0000 1.9694
132.0000 2.0659
133.0000 2.1657
134.0000 2.2240
135.0000 2.1564
136.0000 2.0614
137.0000 2.0601
138.0000 1.9612
139.0000 1.8612
140.0000 1.7615
141.0000 1.6615
142.0000 1.5886
143.0000 1.5671
144.0000 1.4959
145.0000 1.4045
146.0000 1.4447
147.0000 1.4226
148.0000 1.5168
149.0000 1.6137
150.0000 1.6993
