1.0000 2.1968
2.0000 2.1611
3.0000 2.0617
4.0000 1.9717
5.0000 1.9532
6.0000 1.9918
7.0000 1.9742
8.0000 2.0276
9.0000 1.9840
10.0000 1.8875
11.0000 1.8774
12.0000 1.8177
13.0000 1.8650
14.0000 1.8902
15.0000 1.8391
16.0000 1.8675
17.0000 1.8644
18.0000 1.8970
19.0000 1.9481
20.0000 1.9924
21.0000 1.9974
22.0000 2.0605
23.0000 2.0214
24.0000 1.9633
25.0000 1.9337
26.0000 1.9239
27.0000 2.0089
28.0000 1.9090
29.0000 1.8352
30.0000 1.7546
31.0000 1.6592
32.0000 1.5611
33.0000 1.5242
34.0000 1.4442
35.0000 1.3464
36.0000 1.3070
37.0000 1.3975
38.0000 1.4887
39.0000 1.5885
40.0000 1.6775
41.0000 1.7705
42.0000 1.7745
43.0000 1.6751
44.0000 1.5752
45.0000 1.5329
46.0000 1.4408
47.0000 1.3730
48.0000 1.3437
49.0000 1.2791
50.0000 1.2755
51.0000 1.1807
52.0000 1.1140
53.0000 1.0146
54.0000 0.9600
55.0000 0.8889
56.0000 0.8250
57.0000 0.7538
58.0000 0.6563
59.0000 0.5820
60.0000 0.5531
61.0000 0.4602
62.0000 0.4054
63.0000 0.4076
64.0000 0.4755
65.0000 0.5415
66.0000 0.5975
67.0000 0.5050
68.0000 0.4323
69.0000 0.3408
70.0000 0.2655
71.0000 0.3463
72.0000 0.3940
73.0000 0.4180
74.0000 0.4822
75.0000 0.5626
76.0000 0.6575
77.0000 0.7539
78.0000 0.8531
79.0000 0.9511
80.0000 1.0385
81.0000 1.1004
82.0000 1.1718
83.0000 1.2102
84.0000 1.2466
85.0000 1.2952
86.0000 1.3290
87.0000 1.4113
88.0000 1.5061
89.0000 1.5012
90.0000 1.4775
91.0000 1.5452
92.0000 1.5485
93.0000 1.4754
94.0000 1.5278
95.0000 1.5547
96.0000 1.6546
97.0000 1.7247
98.0000 1.6407
99.0000 1.5444
100.0000 1.5575
101.0000 1.6389
102.0000 1.6659
103.0000 1.7373
104.0000 1.8184
105.0000 1.8719
106.0000 1.8375
107.0000 1.7618
108.0000 1.8096
109.0000 1.9015
110.0000 1.9981
111.0000 2.0862
112.0000 2.1277
113.0000 2.0334
114.0000 2.0400
115.0000 2.0364
116.0000 1.9700
117.0000 1.9624
118.0000 1.9017
119.0000 2.0015
120.0000 1.9792
121.0000 1.8845
122.0000 1.8080
123.0000 1.7130
124.0000 1.6937
125.0000 1.6445
126.0000 1.5528
127.0000 1.5463
128.0000 1.5702
129.0000 1.6479
130.0000 1.7430
131.0000 1.8300
132.0000 1.8740
133.0000 1.8846
134.0000 1.8049
135.0000 1.7658
136.0000 1.8507
137.0000 1.9479
138.0000 2.0105
139.0000 1.9863
140.0000 1.9670
141.0000 1.8671
142.0000 1.7682
143.0000 1.6996
144.0000 1.5997
145.0000 1.5389
146.0000 1.6067
147.0000 1.5302
148.0000 1.5264
149.0000 1.5442
150.0000 1.4803
