1.0000 2.1361
2.0000 2.0531
3.0000 1.9536
4.0000 1.8538
5.0000 1.7538
6.0000 1.6538
7.0000 1.6187
8.0000 1.6287
9.0000 1.5291
10.0000 1.4331
11.0000 1.4662
12.0000 1.5653
13.0000 1.6548
14.0000 1.7539
15.0000 1.8019
16.0000 1.8428
17.0000 1.9033
18.0000 1.8496
19.0000 1.7896
20.0000 1.7480
21.0000 1.7020
22.0000 1.6021
23.0000 1.5022
24.0000 1.4627
25.0000 1.4133
26.0000 1.3918
27.0000 1.2977
28.0000 1.1988
29.0000 1.2372
30.0000 1.2518
31.0000 1.2321
32.0000 1.1750
33.0000 1.0769
34.0000 0.9831
35.0000 0.8850
36.0000 0.7914
37.0000 0.7129
38.0000 0.6329
39.0000 0.6201
40.0000 0.6710
41.0000 0.7573
42.0000 0.7564
43.0000 0.7676
44.0000 0.6768
45.0000 0.6234
46.0000 0.5283
47.0000 0.4316
48.0000 0.3562
49.0000 0.3472
50.0000 0.3187
51.0000 0.4170
52.0000 0.3578
53.0000 0.2626
54.0000 0.2314
55.0000 0.2321
56.0000 0.2150
57.0000 0.2722
58.0000 0.3571
59.0000 0.4417
60.0000 0.5406
61.0000 0.6405
62.0000 0.7204
63.0000 0.6293
64.0000 0.5493
65.0000 0.6007
66.0000 0.6768
67.0000 0.7183
68.0000 0.8026
69.0000 0.8591
70.0000 0.9132
71.0000 0.8555
72.0000 0.8388
73.0000 0.7442
74.0000 0.6811
75.0000 0.6127
76.0000 0.7007
77.0000 0.7878
78.0000 0.8643
79.0000 0.9639
80.0000 1.0581
81.0000 1.1573
82.0000 1.2530
83.0000 1.3530
84.0000 1.4436
85.0000 1.5436
86.0000 1.6210
87.0000 1.6701
88.0000 1.7106
89.0000 1.7130
90.0000 1.6481
91.0000 1.5483
92.0000 1.5155
93.0000 1.5871
94.0000 1.6816
95.0000 1.5849
96.0000 1.4864
97.0000 1.4452
98.0000 1.4055
99.0000 1.3501
100.0000 1.2521
101.0000 1.1914
102.0000 1.2435
103.0000 1.3118
104.0000 1.3465
105.0000 1.4245
106.0000 1.5195
107.0000 1.6194
108.0000 1.5955
109.0000 1.6949
110.0000 1.6836
111.0000 1.6977
112.0000 1.6387
113.0000 1.6201
114.0000 1.6082
115.0000 1.5253
116.0000 1.6047
117.0000 1.6564
118.0000 1.7533
119.0000 1.8352
120.0000 1.9136
121.0000 1.9012
122.0000 1.8895
123.0000 1.8855
124.0000 1.8916
125.0000 1.8423
126.0000 1.7935
127.0000 1.8891
128.0000 1.8902
129.0000 1.9067
130.0000 1.9272
131.0000 1.9999
132.0000 2.0112
133.0000 2.0836
134.0000 2.1836
135.0000 2.2836
136.0000 2.3835
137.0000 2.3840
138.0000 2.3808
139.0000 2.4576
140.0000 2.5485
141.0000 2.4758
142.0000 2.3790
143.0000 2.3042
144.0000 2.3083
145.0000 2.3304
146.0000 2.4221
147.0000 2.5123
148.0000 2.5933
149.0000 2.6249
150.0000 2.5989
