1.0000 2.1696
2.0000 2.1444
3.0000 2.0626
4.0000 2.1004
5.0000 2.0183
6.0000 1.9190
7.0000 1.8874
8.0000 1.7946
9.0000 1.6952
10.0000 1.6388
11.0000 1.6192
12.0000 1.7150
13.0000 1.7263
14.0000 1.6758
15.0000 1.6408
16.0000 1.5908
17.0000 1.5410
18.0000 1.4417
19.0000 1.3570
20.0000 1.2873
21.0000 1.2547
22.0000 1.3415
23.0000 1.2810
24.0000 1.2277
25.0000 1.3214
26.0000 1.4154
27.0000 1.5104
28.0000 1.5270
29.0000 1.4817
30.0000 1.5417
31.0000 1.6373
32.0000 1.6979
33.0000 1.7775
34.0000 1.7491
35.0000 1.6887
36.0000 1.7886
37.0000 1.8886
38.0000 1.9881
39.0000 2.0863
40.0000 2.0391
41.0000 2.0353
42.0000 1.9749
43.0000 1.9564
44.0000 2.0384
45.0000 2.0902
46.0000 2.1033
47.0000 2.0526
48.0000 2.0533
49.0000 2.1529
50.0000 2.1111
51.0000 2.1216
52.0000 2.1630
53.0000 2.2570
54.0000 2.2497
55.0000 2.1811
56.0000 2.2350
57.0000 2.3097
58.0000 2.4093
59.0000 2.3768
60.0000 2.4168
61.0000 2.4960
62.0000 2.4531
63.0000 2.4924
64.0000 2.4741
65.0000 2.5350
66.0000 2.4852
67.0000 2.4004
68.0000 2.3410
69.0000 2.3416
70.0000 2.4037
71.0000 2.5004
72.0000 2.5827
73.0000 2.5360
74.0000 2.4386
75.0000 2.4219
76.0000 2.3402
77.0000 2.2550
78.0000 2.1922
79.0000 2.0949
80.0000 2.0768
81.0000 2.1177
82.0000 2.1852
83.0000 2.2010
84.0000 2.2497
85.0000 2.3203
86.0000 2.3050
87.0000 2.2624
88.0000 2.2514
89.0000 2.2726
90.0000 2.3687
91.0000 2.4669
92.0000 2.4923
93.0000 2.5269
94.0000 2.5109
95.0000 2.5379
96.0000 2.5689
97.0000 2.6048
98.0000 2.5654
99.0000 2.6278
100.0000 2.5482
101.0000 2.4765
102.0000 2.3877
103.0000 2.2981
104.0000 2.2101
105.0000 2.1156
106.0000 2.0210
107.0000 1.9238
108.0000 1.8341
109.0000 1.7815
110.0000 1.6816
111.0000 1.5911
112.0000 1.5953
113.0000 1.5090
114.0000 1.4364
115.0000 1.3994
116.0000 1.4289
117.0000 1.3334
118.0000 1.2751
119.0000 1.1766
120.0000 1.0783
121.0000 0.9982
122.0000 1.0604
123.0000 1.0987
124.0000 1.1629
125.0000 1.0194
126.0000 0.9337
127.0000 0.8339
128.0000 0.7374
129.0000 0.7105
130.0000 0.7280
131.0000 0.6811
132.0000 0.6461
133.0000 0.6112
134.0000 0.7047
135.0000 0.7705
136.0000 0.8704
137.0000 0.9701
138.0000 1.0644
139.0000 1.0761
140.0000 1.0117
141.0000 1.0961
142.0000 1.0586
143.0000 1.1043
144.0000 1.1995
145.0000 1.2958
146.0000 1.2020
147.0000 1.1237
148.0000 1.0687
149.0000 1.0643
150.0000 1.0187
