1.0000 2.1532
2.0000 2.1822
3.0000 2.1527
4.0000 2.0530
5.0000 2.0089
6.0000 2.1035
7.0000 2.1685
8.0000 2.2305
9.0000 2.2802
10.0000 2.2741
11.0000 2.1941
12.0000 2.1920
13.0000 2.1747
14.0000 2.2593
15.0000 2.3075
16.0000 2.3942
17.0000 2.4639
18.0000 2.5595
19.0000 2.6284
20.0000 2.7021
21.0000 2.6471
22.0000 2.5510
23.0000 2.4901
24.0000 2.4863
25.0000 2.4325
26.0000 2.5045
27.0000 2.4878
28.0000 2.4406
29.0000 2.3428
30.0000 2.2797
31.0000 2.2249
32.0000 2.1285
33.0000 2.0329
34.0000 1.9398
35.0000 1.8863
36.0000 1.8192
37.0000 1.8583
38.0000 1.9431
39.0000 2.0088
40.0000 2.0287
41.0000 2.1240
42.0000 2.1241
43.0000 2.1603
44.0000 2.1946
45.0000 2.1916
46.0000 2.1327
47.0000 2.1623
48.0000 2.2514
49.0000 2.3508
50.0000 2.4508
51.0000 2.5498
52.0000 2.6142
53.0000 2.7137
54.0000 2.7568
55.0000 2.7927
56.0000 2.7261
57.0000 2.6274
58.0000 2.5549
59.0000 2.6031
60.0000 2.6505
61.0000 2.6346
62.0000 2.6249
63.0000 2.7086
64.0000 2.7624
65.0000 2.7813
66.0000 2.7886
67.0000 2.8053
68.0000 2.7346
69.0000 2.6822
70.0000 2.6550
71.0000 2.6636
72.0000 2.5742
73.0000 2.4773
74.0000 2.3898
75.0000 2.3849
76.0000 2.4006
77.0000 2.4838
78.0000 2.5198
79.0000 2.6198
80.0000 2.6782
81.0000 2.7133
82.0000 2.6452
83.0000 2.5523
84.0000 2.5476
85.0000 2.6237
86.0000 2.6277
87.0000 2.5990
88.0000 2.6320
89.0000 2.7320
90.0000 2.8089
91.0000 2.7557
92.0000 2.6781
93.0000 2.6403
94.0000 2.5765
95.0000 2.4846
96.0000 2.4334
97.0000 2.5102
98.0000 2.6100
99.0000 2.7062
100.0000 2.6306
101.0000 2.6535
102.0000 2.7159
103.0000 2.7567
104.0000 2.6785
105.0000 2.5815
106.0000 2.4907
107.0000 2.5576
108.0000 2.6517
109.0000 2.7361
110.0000 2.7024
111.0000 2.6876
112.0000 2.7555
113.0000 2.8497
114.0000 2.8888
115.0000 2.8250
116.0000 2.7711
117.0000 2.6991
118.0000 2.5998
119.0000 2.5045
120.0000 2.4045
121.0000 2.3821
122.0000 2.2978
123.0000 2.3419
124.0000 2.4415
125.0000 2.5409
126.0000 2.6318
127.0000 2.7307
128.0000 2.8191
129.0000 2.8662
130.0000 2.8632
131.0000 2.8383
132.0000 2.7608
133.0000 2.6840
134.0000 2.6241
135.0000 2.5960
136.0000 2.6880
137.0000 2.7347
138.0000 2.8142
139.0000 2.7298
140.0000 2.6932
141.0000 2.6497
142.0000 2.7334
143.0000 2.7415
144.0000 2.8187
145.0000 2.8397
146.0000 2.8808
147.0000 2.8657
148.0000 2.7915
149.0000 2.7804
150.0000 2.6886
