1.0000 2.2440
2.0000 2.2228
3.0000 2.1849
4.0000 2.1800
5.0000 2.2124
6.0000 2.2102
7.0000 2.2506
8.0000 2.2204
9.0000 2.2590
10.0000 2.2554
11.0000 2.2961
12.0000 2.3912
13.0000 2.4780
14.0000 2.5759
15.0000 2.6383
16.0000 2.7168
17.0000 2.6584
18.0000 2.5662
19.0000 2.5253
20.0000 2.5803
21.0000 2.6796
22.0000 2.6991
23.0000 2.6040
24.0000 2.5077
25.0000 2.4242
26.0000 2.3278
27.0000 2.2411
28.0000 2.1654
29.0000 2.1177
30.0000 2.0519
31.0000 1.9865
32.0000 1.9974
33.0000 1.9633
34.0000 1.9210
35.0000 1.9122
36.0000 1.9344
37.0000 1.9549
38.0000 2.0026
39.0000 2.0833
40.0000 2.1812
41.0000 2.2762
42.0000 2.2706
43.0000 2.2228
44.0000 2.2483
45.0000 2.2103
46.0000 2.1900
47.0000 2.2700
48.0000 2.3388
49.0000 2.3244
50.0000 2.3425
51.0000 2.4324
52.0000 2.5321
53.0000 2.5759
54.0000 2.5832
55.0000 2.5751
56.0000 2.4779
57.0000 2.3916
58.0000 2.3125
59.0000 2.2500
60.0000 2.2650
61.0000 2.2787
62.0000 2.3351
63.0000 2.2768
64.0000 2.2400
65.0000 2.1993
66.0000 2.2409
67.0000 2.2636
68.0000 2.3505
69.0000 2.2672
70.0000 2.2419
71.0000 2.3397
72.0000 2.4339
73.0000 2.5339
74.0000 2.6307
75.0000 2.6960
76.0000 2.7008
77.0000 2.6641
78.0000 2.6687
79.0000 2.5865
80.0000 2.6024
81.0000 2.5760
82.0000 2.5362
83.0000 2.4362
84.0000 2.4260
85.0000 2.5259
86.0000 2.4627
87.0000 2.4429
88.0000 2.3429
89.0000 2.2452
90.0000 2.1467
91.0000 2.0545
92.0000 1.9840
93.0000 1.8841
94.0000 1.7987
95.0000 1.7068
96.0000 1.6221
97.0000 1.5749
98.0000 1.6378
99.0000 1.6149
100.0000 1.6289
101.0000 1.6077
102.0000 1.5096
103.0000 1.4387
104.0000 1.3960
105.0000 1.3698
106.0000 1.2740
107.0000 1.1748
108.0000 1.0807
109.0000 1.0792
110.0000 1.1624
111.0000 1.1306
112.0000 1.0327
113.0000 0.9843
114.0000 0.9302
115.0000 0.8906
116.0000 0.8098
117.0000 0.8570
118.0000 0.7611
119.0000 0.6653
120.0000 0.5663
121.0000 0.4970
122.0000 0.4116
123.0000 0.4962
124.0000 0.4994
125.0000 0.5933
126.0000 0.6640
127.0000 0.6222
128.0000 0.7094
129.0000 0.7585
130.0000 0.7926
131.0000 0.7327
132.0000 0.6327
133.0000 0.5358
134.0000 0.4741
135.0000 0.4310
136.0000 0.4437
137.0000 0.5363
138.0000 0.6295
139.0000 0.7230
140.0000 0.8057
141.0000 0.7681
142.0000 0.7337
143.0000 0.7962
144.0000 0.8959
145.0000 0.9689
146.0000 0.9355
147.0000 0.9114
148.0000 0.8348
149.0000 0.7350
150.0000 0.6840
