1.0000 2.1364
2.0000 2.0853
3.0000 2.1665
4.0000 2.2227
5.0000 2.3050
6.0000 2.3886
7.0000 2.4056
8.0000 2.3486
9.0000 2.2779
10.0000 2.1849
11.0000 2.0857
12.0000 1.9858
13.0000 1.9247
14.0000 1.8248
15.0000 1.7682
16.0000 1.7090
17.0000 1.6109
18.0000 1.5592
19.0000 1.5360
20.0000 1.5395
21.0000 1.6372
22.0000 1.6675
23.0000 1.6451
24.0000 1.7398
25.0000 1.8226
26.0000 1.8957
27.0000 1.9057
28.0000 1.8766
29.0000 1.8275
30.0000 1.7639
31.0000 1.7928
32.0000 1.8172
33.0000 1.7182
34.0000 1.7197
35.0000 1.7133
36.0000 1.7128
37.0000 1.6445
38.0000 1.6602
39.0000 1.5900
40.0000 1.5462
41.0000 1.4472
42.0000 1.4763
43.0000 1.5689
44.0000 1.5951
45.0000 1.6089
46.0000 1.5501
47.0000 1.4963
48.0000 1.5424
49.0000 1.6239
50.0000 1.7089
51.0000 1.6971
52.0000 1.6538
53.0000 1.6163
54.0000 1.5441
55.0000 1.4752
56.0000 1.5274
57.0000 1.6034
58.0000 1.7016
59.0000 1.7602
60.0000 1.8578
61.0000 1.9563
62.0000 2.0191
63.0000 1.9917
64.0000 1.9456
65.0000 1.8883
66.0000 1.8997
67.0000 1.8821
68.0000 1.7890
69.0000 1.7624
70.0000 1.7687
71.0000 1.7677
72.0000 1.8161
73.0000 1.7406
74.0000 1.6849
75.0000 1.5903
76.0000 1.5044
77.0000 1.4849
78.0000 1.5172
79.0000 1.5258
80.0000 1.4784
81.0000 1.4018
82.0000 1.3018
83.0000 1.2093
84.0000 1.1353
85.0000 1.1736
86.0000 1.1768
87.0000 1.1968
88.0000 1.1867
89.0000 1.2035
90.0000 1.1534
91.0000 1.0797
92.0000 1.1158
93.0000 1.0304
94.0000 0.9353
95.0000 0.8603
96.0000 0.7610
97.0000 0.6613
98.0000 0.5996
99.0000 0.5365
100.0000 0.5221
101.0000 0.5531
102.0000 0.6512
103.0000 0.7357
104.0000 0.8215
105.0000 0.9206
106.0000 1.0199
107.0000 1.1189
108.0000 1.2176
109.0000 1.3135
110.0000 1.4120
111.0000 1.4522
112.0000 1.4644
113.0000 1.4612
114.0000 1.5170
115.0000 1.5605
116.0000 1.6447
117.0000 1.7418
118.0000 1.8270
119.0000 1.9092
120.0000 2.0071
121.0000 2.0292
122.0000 1.9468
123.0000 1.9273
124.0000 2.0212
125.0000 2.0299
126.0000 1.9311
127.0000 1.8360
128.0000 1.7447
129.0000 1.6916
130.0000 1.6995
131.0000 1.6234
132.0000 1.5251
133.0000 1.4404
134.0000 1.3404
135.0000 1.2591
136.0000 1.1914
137.0000 1.1253
138.0000 1.0259
139.0000 0.9337
140.0000 0.8357
141.0000 0.8123
142.0000 0.7701
143.0000 0.7502
144.0000 0.6764
145.0000 0.7462
146.0000 0.7909
147.0000 0.8047
148.0000 0.7881
149.0000 0.8470
150.0000 0.8562
