1.0000 2.2741
2.0000 2.2931
3.0000 2.2041
4.0000 2.1083
5.0000 2.0158
6.0000 1.9227
7.0000 1.8739
8.0000 1.8670
9.0000 1.8836
10.0000 1.9455
11.0000 2.0455
12.0000 2.1146
13.0000 2.1949
14.0000 2.2392
15.0000 2.1415
16.0000 2.0415
17.0000 1.9960
18.0000 2.0268
19.0000 1.9885
20.0000 1.8900
21.0000 1.8091
22.0000 1.8113
23.0000 1.8105
24.0000 1.8704
25.0000 1.9326
26.0000 1.9974
27.0000 2.0768
28.0000 2.1737
29.0000 2.2644
30.0000 2.2815
31.0000 2.3798
32.0000 2.4538
33.0000 2.5534
34.0000 2.5964
35.0000 2.6918
36.0000 2.7813
37.0000 2.8425
38.0000 2.7491
39.0000 2.6524
40.0000 2.5539
41.0000 2.4539
42.0000 2.5372
43.0000 2.5478
44.0000 2.6455
45.0000 2.6373
46.0000 2.5806
47.0000 2.6159
48.0000 2.5602
49.0000 2.4623
50.0000 2.3623
51.0000 2.2623
52.0000 2.1639
53.0000 2.0642
54.0000 2.0011
55.0000 2.0394
56.0000 1.9644
57.0000 1.8856
58.0000 1.7856
59.0000 1.6857
60.0000 1.6138
61.0000 1.5648
62.0000 1.4648
63.0000 1.3871
64.0000 1.4301
65.0000 1.5282
66.0000 1.5894
67.0000 1.6659
68.0000 1.7104
69.0000 1.7895
70.0000 1.8673
71.0000 1.9672
72.0000 2.0142
73.0000 1.9770
74.0000 1.8770
75.0000 1.8109
76.0000 1.7390
77.0000 1.6534
78.0000 1.5538
79.0000 1.5044
80.0000 1.4084
81.0000 1.3461
82.0000 1.2466
83.0000 1.1775
84.0000 1.1378
85.0000 1.1236
86.0000 1.1628
87.0000 1.2433
88.0000 1.3199
89.0000 1.4069
90.0000 1.4983
91.0000 1.5955
92.0000 1.6887
93.0000 1.7742
94.0000 1.8642
95.0000 1.9506
96.0000 2.0490
97.0000 2.0463
98.0000 2.1322
99.0000 2.1294
100.0000 2.0336
101.0000 1.9341
102.0000 1.8456
103.0000 1.7603
104.0000 1.6825
105.0000 1.6159
106.0000 1.5454
107.0000 1.4722
108.0000 1.5107
109.0000 1.4263
110.0000 1.3974
111.0000 1.3500
112.0000 1.3906
113.0000 1.4771
114.0000 1.5540
115.0000 1.6299
116.0000 1.7298
117.0000 1.8271
118.0000 1.9258
119.0000 1.9917
120.0000 2.0439
121.0000 2.1200
122.0000 2.0785
123.0000 1.9789
124.0000 1.9329
125.0000 1.9558
126.0000 2.0541
127.0000 2.0622
128.0000 1.9810
129.0000 1.9785
130.0000 1.9229
131.0000 1.8269
132.0000 1.9142
133.0000 2.0043
134.0000 2.0995
135.0000 2.0602
136.0000 1.9796
137.0000 1.9131
138.0000 1.9519
139.0000 2.0232
140.0000 2.0031
141.0000 2.0227
142.0000 1.9433
143.0000 1.8444
144.0000 1.8171
145.0000 1.7901
146.0000 1.8099
147.0000 1.7197
148.0000 1.6517
149.0000 1.6885
150.0000 1.7408
