1.0000 2.1711
2.0000 2.2586
3.0000 2.2587
4.0000 2.2222
5.0000 2.1922
6.0000 2.1895
7.0000 2.2697
8.0000 2.3571
9.0000 2.3980
10.0000 2.4877
11.0000 2.5714
12.0000 2.6221
13.0000 2.6783
14.0000 2.6965
15.0000 2.6305
16.0000 2.5328
17.0000 2.4358
18.0000 2.3389
19.0000 2.2959
20.0000 2.2630
21.0000 2.2586
22.0000 2.2082
23.0000 2.2419
24.0000 2.2897
25.0000 2.2886
26.0000 2.1957
27.0000 2.0962
28.0000 2.1056
29.0000 2.0790
30.0000 2.0807
31.0000 2.1731
32.0000 2.2643
33.0000 2.3376
34.0000 2.4371
35.0000 2.5124
36.0000 2.5552
37.0000 2.4730
38.0000 2.3752
39.0000 2.2875
40.0000 2.1894
41.0000 2.0996
42.0000 2.0026
43.0000 1.9147
44.0000 1.8911
45.0000 1.9672
46.0000 2.0200
47.0000 2.0846
48.0000 2.1030
49.0000 2.1909
50.0000 2.2051
51.0000 2.2893
52.0000 2.2946
53.0000 2.2477
54.0000 2.2004
55.0000 2.2207
56.0000 2.2741
57.0000 2.3381
58.0000 2.4078
59.0000 2.4343
60.0000 2.5053
61.0000 2.5773
62.0000 2.5810
63.0000 2.6611
64.0000 2.7015
65.0000 2.6569
66.0000 2.5583
67.0000 2.5978
68.0000 2.5069
69.0000 2.4276
70.0000 2.3643
71.0000 2.3407
72.0000 2.3686
73.0000 2.2757
74.0000 2.1802
75.0000 2.0822
76.0000 2.0275
77.0000 1.9429
78.0000 1.9020
79.0000 1.9991
80.0000 1.9247
81.0000 1.8268
82.0000 1.7269
83.0000 1.6639
84.0000 1.5648
85.0000 1.5524
86.0000 1.4874
87.0000 1.4916
88.0000 1.5486
89.0000 1.5535
90.0000 1.6449
91.0000 1.7403
92.0000 1.8010
93.0000 1.8543
94.0000 1.8349
95.0000 1.8750
96.0000 1.7811
97.0000 1.6940
98.0000 1.5942
99.0000 1.5341
100.0000 1.4344
101.0000 1.3598
102.0000 1.3634
103.0000 1.4367
104.0000 1.5358
105.0000 1.5524
106.0000 1.5633
107.0000 1.6433
108.0000 1.7012
109.0000 1.8000
110.0000 1.8911
111.0000 1.9630
112.0000 1.9562
113.0000 1.9375
114.0000 2.0101
115.0000 2.0646
116.0000 2.1546
117.0000 2.1973
118.0000 2.0982
119.0000 2.0745
120.0000 2.0356
121.0000 2.0379
122.0000 1.9382
123.0000 1.8474
124.0000 1.7569
125.0000 1.6726
126.0000 1.5776
127.0000 1.5064
128.0000 1.5309
129.0000 1.5495
130.0000 1.5007
131.0000 1.4228
132.0000 1.3231
133.0000 1.2947
134.0000 1.3638
135.0000 1.4536
136.0000 1.5513
137.0000 1.6363
138.0000 1.7208
139.0000 1.8174
140.0000 1.9015
141.0000 1.9863
142.0000 2.0653
143.0000 2.1653
144.0000 2.2472
145.0000 2.3319
146.0000 2.3881
147.0000 2.4881
148.0000 2.4766
149.0000 2.4241
150.0000 2.5118
