1.0000 2.1700
2.0000 2.1117
3.0000 2.1235
4.0000 2.0504
5.0000 1.9505
6.0000 1.8792
7.0000 1.8150
8.0000 1.7618
9.0000 1.8336
10.0000 1.8653
11.0000 1.9596
12.0000 1.9809
13.0000 1.9215
14.0000 1.8364
15.0000 1.9037
16.0000 1.9287
17.0000 1.9786
18.0000 2.0051
19.0000 2.0143
20.0000 1.9690
21.0000 1.9089
22.0000 1.8321
23.0000 1.7328
24.0000 1.6426
25.0000 1.5474
26.0000 1.4720
27.0000 1.4625
28.0000 1.3963
29.0000 1.3641
30.0000 1.3564
31.0000 1.2612
32.0000 1.2833
33.0000 1.2591
34.0000 1.2442
35.0000 1.1546
36.0000 1.0575
37.0000 0.9870
38.0000 0.9525
39.0000 0.8541
40.0000 0.7754
41.0000 0.8303
42.0000 0.9239
43.0000 1.0154
44.0000 1.1116
45.0000 1.2001
46.0000 1.2828
47.0000 1.3436
48.0000 1.4339
49.0000 1.4772
50.0000 1.5758
51.0000 1.6317
52.0000 1.6726
53.0000 1.7713
54.0000 1.8585
55.0000 1.9132
56.0000 1.9985
57.0000 1.9627
58.0000 1.8632
59.0000 1.8363
60.0000 1.9076
61.0000 1.9473
62.0000 1.9823
63.0000 1.8847
64.0000 1.8000
65.0000 1.7031
66.0000 1.6205
67.0000 1.5549
68.0000 1.5164
69.0000 1.5443
70.0000 1.6383
71.0000 1.7188
72.0000 1.8054
73.0000 1.8583
74.0000 1.9530
75.0000 2.0106
76.0000 1.9548
77.0000 1.8927
78.0000 1.7997
79.0000 1.8517
80.0000 1.9462
81.0000 2.0122
82.0000 2.0039
83.0000 1.9044
84.0000 1.8789
85.0000 1.8208
86.0000 1.7531
87.0000 1.7489
88.0000 1.6580
89.0000 1.5580
90.0000 1.4784
91.0000 1.3795
92.0000 1.2940
93.0000 1.1999
94.0000 1.1075
95.0000 1.0630
96.0000 1.0088
97.0000 1.0418
98.0000 1.0823
99.0000 1.1798
100.0000 1.2494
101.0000 1.3353
102.0000 1.4121
103.0000 1.4978
104.0000 1.5904
105.0000 1.6862
106.0000 1.6711
107.0000 1.7056
108.0000 1.6058
109.0000 1.5284
110.0000 1.4354
111.0000 1.3446
112.0000 1.2453
113.0000 1.1575
114.0000 1.0938
115.0000 1.0239
116.0000 1.0802
117.0000 1.1371
118.0000 1.2136
119.0000 1.1946
120.0000 1.0953
121.0000 0.9972
122.0000 0.9828
123.0000 0.9730
124.0000 1.0045
125.0000 0.9467
126.0000 0.9189
127.0000 0.8245
128.0000 0.7478
129.0000 0.6696
130.0000 0.6935
131.0000 0.7734
132.0000 0.8665
133.0000 0.9649
134.0000 1.0569
135.0000 1.1421
136.0000 1.0826
137.0000 0.9827
138.0000 0.9418
139.0000 0.8810
140.0000 0.7981
141.0000 0.7426
142.0000 0.7983
143.0000 0.7587
144.0000 0.7387
145.0000 0.8066
146.0000 0.8965
147.0000 0.9585
148.0000 1.0585
149.0000 1.1226
150.0000 1.1143
