1.0000 2.2590
2.0000 2.3236
3.0000 2.3470
4.0000 2.4151
5.0000 2.4540
6.0000 2.5034
7.0000 2.4670
8.0000 2.4469
9.0000 2.4512
10.0000 2.3905
11.0000 2.3221
12.0000 2.2223
13.0000 2.1230
14.0000 2.0483
15.0000 2.0128
16.0000 1.9209
17.0000 1.8342
18.0000 1.7754
19.0000 1.7045
20.0000 1.6088
21.0000 1.5383
22.0000 1.5098
23.0000 1.6083
24.0000 1.6833
25.0000 1.7765
26.0000 1.7071
27.0000 1.6086
28.0000 1.5114
29.0000 1.5058
30.0000 1.5517
31.0000 1.6169
32.0000 1.5662
33.0000 1.4878
34.0000 1.4706
35.0000 1.3742
36.0000 1.3145
37.0000 1.3038
38.0000 1.2195
39.0000 1.1419
40.0000 1.0830
41.0000 1.0676
42.0000 1.0163
43.0000 1.0287
44.0000 1.1287
45.0000 1.2215
46.0000 1.2858
47.0000 1.3678
48.0000 1.4398
49.0000 1.5016
50.0000 1.5011
51.0000 1.5294
52.0000 1.4601
53.0000 1.4263
54.0000 1.4262
55.0000 1.4516
56.0000 1.3815
57.0000 1.4120
58.0000 1.3127
59.0000 1.2148
60.0000 1.1181
61.0000 1.0218
62.0000 0.9384
63.0000 0.8399
64.0000 0.7400
65.0000 0.6885
66.0000 0.7503
67.0000 0.8466
68.0000 0.8939
69.0000 0.9917
70.0000 1.0131
71.0000 1.1086
72.0000 1.1235
73.0000 1.1507
74.0000 1.1515
75.0000 1.2102
76.0000 1.2900
77.0000 1.3883
78.0000 1.4385
79.0000 1.4676
80.0000 1.5639
81.0000 1.6639
82.0000 1.7406
83.0000 1.8172
84.0000 1.8820
85.0000 1.9353
86.0000 2.0301
87.0000 2.1278
88.0000 2.1991
89.0000 2.2932
90.0000 2.3930
91.0000 2.4728
92.0000 2.5515
93.0000 2.5231
94.0000 2.4455
95.0000 2.5448
96.0000 2.6389
97.0000 2.7003
98.0000 2.7318
99.0000 2.8242
100.0000 2.8688
101.0000 2.9113
102.0000 2.9694
103.0000 3.0653
104.0000 3.1503
105.0000 3.1540
106.0000 3.1551
107.0000 3.2536
108.0000 3.2269
109.0000 3.1444
110.0000 3.2022
111.0000 2.3767
112.0000 2.2922
113.0000 2.3005
114.0000 3.1185
115.0000 3.0927
116.0000 3.0794
117.0000 2.9874
118.0000 2.9091
119.0000 2.8093
120.0000 2.7278
121.0000 2.6795
122.0000 2.6202
123.0000 2.6460
124.0000 2.5463
125.0000 2.4525
126.0000 2.3572
127.0000 2.2794
128.0000 2.2340
129.0000 2.3207
130.0000 2.4182
131.0000 2.5180
132.0000 2.5953
133.0000 2.6884
134.0000 2.6579
135.0000 2.5579
136.0000 2.4616
137.0000 2.3869
138.0000 2.3365
139.0000 2.2604
140.0000 2.1691
141.0000 2.1088
142.0000 2.0179
143.0000 1.9868
144.0000 1.8871
145.0000 1.7886
146.0000 1.7874
147.0000 1.8437
148.0000 1.9252
149.0000 2.0133
150.0000 2.0245
