1.0000 2.2577
2.0000 2.3262
3.0000 2.3519
4.0000 2.2619
5.0000 2.1965
6.0000 2.1559
7.0000 2.1660
8.0000 2.1629
9.0000 2.0675
10.0000 2.1149
11.0000 2.1231
12.0000 2.0291
13.0000 1.9441
14.0000 1.8726
15.0000 1.7850
16.0000 1.7186
17.0000 1.6377
18.0000 1.5891
19.0000 1.5280
20.0000 1.5190
21.0000 1.5217
22.0000 1.5659
23.0000 1.6659
24.0000 1.6118
25.0000 1.5241
26.0000 1.4312
27.0000 1.4494
28.0000 1.4116
29.0000 1.3697
30.0000 1.3281
31.0000 1.2302
32.0000 1.1311
33.0000 1.1360
34.0000 1.0414
35.0000 0.9993
36.0000 0.9585
37.0000 0.8589
38.0000 0.8245
39.0000 0.8481
40.0000 0.8292
41.0000 0.9078
42.0000 0.9926
43.0000 1.0240
44.0000 1.0236
45.0000 1.0619
46.0000 1.1170
47.0000 1.0968
48.0000 1.0860
49.0000 1.0495
50.0000 1.1261
51.0000 1.2158
52.0000 1.3158
53.0000 1.3614
54.0000 1.4544
55.0000 1.5332
56.0000 1.5627
57.0000 1.5465
58.0000 1.6319
59.0000 1.5377
60.0000 1.4501
61.0000 1.3534
62.0000 1.2885
63.0000 1.1967
64.0000 1.1738
65.0000 1.0758
66.0000 0.9819
67.0000 0.8837
68.0000 0.7879
69.0000 0.7058
70.0000 0.6061
71.0000 0.5235
72.0000 0.4597
73.0000 0.4638
74.0000 0.4389
75.0000 0.5218
76.0000 0.4432
77.0000 0.3826
78.0000 0.2874
79.0000 0.1882
80.0000 0.2173
81.0000 0.3132
82.0000 0.2896
83.0000 0.2132
84.0000 0.1154
85.0000 0.1490
86.0000 0.2391
87.0000 0.3378
88.0000 0.4158
89.0000 0.5155
90.0000 0.5974
91.0000 0.5216
92.0000 0.5500
93.0000 0.4595
94.0000 0.4498
95.0000 0.4822
96.0000 0.5454
97.0000 0.5808
98.0000 0.6235
99.0000 0.7212
100.0000 0.8195
101.0000 0.8668
102.0000 0.8963
103.0000 0.9703
104.0000 1.0090
105.0000 0.9621
106.0000 0.8820
107.0000 0.8716
108.0000 0.9574
109.0000 1.0105
110.0000 0.9127
111.0000 0.8163
112.0000 0.7603
113.0000 0.7470
114.0000 0.7527
115.0000 0.8455
116.0000 0.8257
117.0000 0.7635
118.0000 0.6869
119.0000 0.6812
120.0000 0.6212
121.0000 0.6382
122.0000 0.5934
123.0000 0.6578
124.0000 0.6333
125.0000 0.5866
126.0000 0.6310
127.0000 0.6818
128.0000 0.7295
129.0000 0.7800
130.0000 0.7973
131.0000 0.7975
132.0000 0.7234
133.0000 0.7106
134.0000 0.7538
135.0000 0.8184
136.0000 0.9057
137.0000 0.8454
138.0000 0.7488
139.0000 0.6563
140.0000 0.5571
141.0000 0.5494
142.0000 0.5432
143.0000 0.6297
144.0000 0.7187
145.0000 0.8184
146.0000 0.9132
147.0000 0.9461
148.0000 0.9302
149.0000 1.0278
150.0000 1.1276
