1.0000 2.2487
2.0000 2.2758
3.0000 2.2157
4.0000 2.2601
5.0000 2.3076
6.0000 2.2598
7.0000 2.2761
8.0000 2.2459
9.0000 2.2029
10.0000 2.2088
11.0000 2.2449
12.0000 2.2211
13.0000 2.1211
14.0000 2.0230
15.0000 1.9977
16.0000 1.9139
17.0000 1.8140
18.0000 1.7781
19.0000 1.7750
20.0000 1.6758
21.0000 1.7262
22.0000 1.7647
23.0000 1.8588
24.0000 1.9568
25.0000 2.0097
26.0000 2.0617
27.0000 2.1454
28.0000 2.2454
29.0000 2.3232
30.0000 2.4155
31.0000 2.4649
32.0000 2.5590
33.0000 2.6338
34.0000 2.6470
35.0000 2.6395
36.0000 2.5567
37.0000 2.4569
38.0000 2.3569
39.0000 2.2888
40.0000 2.1942
41.0000 2.1008
42.0000 2.0015
43.0000 1.9360
44.0000 1.8505
45.0000 1.7505
46.0000 1.6765
47.0000 1.5881
48.0000 1.6231
49.0000 1.6859
50.0000 1.7717
51.0000 1.8355
52.0000 1.8823
53.0000 1.9478
54.0000 1.9613
55.0000 1.8910
56.0000 1.7917
57.0000 1.7072
58.0000 1.6469
59.0000 1.5526
60.0000 1.4538
61.0000 1.3575
62.0000 1.2649
63.0000 1.1653
64.0000 1.0976
65.0000 0.9998
66.0000 0.9308
67.0000 0.8583
68.0000 0.7583
69.0000 0.6820
70.0000 0.6335
71.0000 0.7232
72.0000 0.7739
73.0000 0.8376
74.0000 0.9182
75.0000 0.9918
76.0000 1.0690
77.0000 1.1554
78.0000 1.1368
79.0000 1.2238
80.0000 1.3228
81.0000 1.4135
82.0000 1.4977
83.0000 1.5404
84.0000 1.6300
85.0000 1.7146
86.0000 1.8138
87.0000 1.9081
88.0000 1.9521
89.0000 2.0521
90.0000 2.1513
91.0000 2.1933
92.0000 2.2861
93.0000 2.3770
94.0000 2.4604
95.0000 2.4698
96.0000 2.5567
97.0000 2.5898
98.0000 2.5338
99.0000 2.5497
100.0000 2.6386
101.0000 2.7106
102.0000 2.8105
103.0000 2.8528
104.0000 2.8817
105.0000 2.8058
106.0000 2.7466
107.0000 2.6680
108.0000 2.5869
109.0000 2.4869
110.0000 2.4588
111.0000 2.4778
112.0000 2.5126
113.0000 2.5070
114.0000 2.4530
115.0000 2.4146
116.0000 2.3358
117.0000 2.2523
118.0000 2.3138
119.0000 2.3010
120.0000 2.3188
121.0000 2.2265
122.0000 2.1284
123.0000 2.0952
124.0000 2.0111
125.0000 1.9555
126.0000 1.8632
127.0000 1.7854
128.0000 1.6875
129.0000 1.6320
130.0000 1.7231
131.0000 1.8197
132.0000 1.9195
133.0000 2.0165
134.0000 2.0770
135.0000 2.1713
136.0000 2.2364
137.0000 2.2936
138.0000 2.2646
139.0000 2.3299
140.0000 2.4005
141.0000 2.4527
142.0000 2.5156
143.0000 2.4164
144.0000 2.3875
145.0000 2.2977
146.0000 2.1985
147.0000 2.1214
148.0000 2.1537
149.0000 2.1572
150.0000 2.2457
