1.0000 2.1671
2.0000 2.0978
3.0000 2.0831
4.0000 2.0107
5.0000 2.0343
6.0000 2.0428
7.0000 1.9545
8.0000 1.9018
9.0000 1.8644
10.0000 1.8806
11.0000 1.8458
12.0000 1.7713
13.0000 1.6798
14.0000 1.5800
15.0000 1.5090
16.0000 1.4098
17.0000 1.3431
18.0000 1.2457
19.0000 1.1457
20.0000 1.1779
21.0000 1.1260
22.0000 1.0966
23.0000 1.1051
24.0000 1.2006
25.0000 1.1840
26.0000 1.1046
27.0000 1.1015
28.0000 1.0044
29.0000 0.9047
30.0000 0.8248
31.0000 0.8349
32.0000 0.7535
33.0000 0.8276
34.0000 0.8106
35.0000 0.7819
36.0000 0.7945
37.0000 0.8454
38.0000 0.8809
39.0000 0.8811
40.0000 0.8955
41.0000 0.9362
42.0000 0.9079
43.0000 0.8612
44.0000 0.7996
45.0000 0.7225
46.0000 0.6301
47.0000 0.5841
48.0000 0.6833
49.0000 0.7785
50.0000 0.7235
51.0000 0.7473
52.0000 0.6500
53.0000 0.5553
54.0000 0.4597
55.0000 0.3640
56.0000 0.2805
57.0000 0.2249
58.0000 0.1386
59.0000 0.2064
60.0000 0.2439
61.0000 0.2108
62.0000 0.1111
63.0000 0.0130
64.0000 0.0931
65.0000 0.1806
66.0000 0.2730
67.0000 0.3650
68.0000 0.4645
69.0000 0.5490
70.0000 0.6263
71.0000 0.7169
72.0000 0.8101
73.0000 0.9093
74.0000 1.0064
75.0000 1.0409
76.0000 1.0473
77.0000 1.0815
78.0000 1.0209
79.0000 0.9209
80.0000 0.8498
81.0000 0.7513
82.0000 0.6515
83.0000 0.5572
84.0000 0.4572
85.0000 0.3619
86.0000 0.3112
87.0000 0.3633
88.0000 0.3189
89.0000 0.2240
90.0000 0.1544
91.0000 0.2375
92.0000 0.3205
93.0000 0.3179
94.0000 0.3854
95.0000 0.4797
96.0000 0.5787
97.0000 0.6677
98.0000 0.7280
99.0000 0.7796
100.0000 0.6860
101.0000 0.6016
102.0000 0.5046
103.0000 0.4989
104.0000 0.4695
105.0000 0.4992
106.0000 0.5967
107.0000 0.6896
108.0000 0.7787
109.0000 0.8787
110.0000 0.9338
111.0000 0.9786
112.0000 1.0603
113.0000 1.1436
114.0000 1.1242
115.0000 1.0252
116.0000 1.0657
117.0000 1.1438
118.0000 1.0645
119.0000 1.1104
120.0000 1.1534
121.0000 1.2290
122.0000 1.2992
123.0000 1.3765
124.0000 1.4495
125.0000 1.4649
126.0000 1.5287
127.0000 1.6269
128.0000 1.7222
129.0000 1.7444
130.0000 1.8444
131.0000 1.9402
132.0000 1.9872
133.0000 1.9780
134.0000 1.8868
135.0000 1.8630
136.0000 1.8235
137.0000 1.7265
138.0000 1.7129
139.0000 1.7433
140.0000 1.7257
141.0000 1.7448
142.0000 1.7631
143.0000 1.7062
144.0000 1.7281
145.0000 1.6763
146.0000 1.5853
147.0000 1.5401
148.0000 1.4798
149.0000 1.5650
150.0000 1.6178
