1.0000 2.1712
2.0000 2.0725
3.0000 1.9807
4.0000 1.9090
5.0000 1.8542
6.0000 1.8753
7.0000 1.7970
8.0000 1.8211
9.0000 1.8864
10.0000 1.9796
11.0000 2.0793
12.0000 2.1721
13.0000 2.2559
14.0000 2.1956
15.0000 2.1185
16.0000 2.0284
17.0000 1.9472
18.0000 1.8567
19.0000 1.8044
20.0000 1.7342
21.0000 1.6371
22.0000 1.5458
23.0000 1.4498
24.0000 1.3985
25.0000 1.2987
26.0000 1.2262
27.0000 1.1786
28.0000 1.2563
29.0000 1.2076
30.0000 1.2391
31.0000 1.3366
32.0000 1.4224
33.0000 1.4994
34.0000 1.5320
35.0000 1.5946
36.0000 1.5139
37.0000 1.4529
38.0000 1.4241
39.0000 1.3304
40.0000 1.2332
41.0000 1.1344
42.0000 1.0431
43.0000 1.0413
44.0000 0.9589
45.0000 0.9087
46.0000 0.8131
47.0000 0.7844
48.0000 0.6845
49.0000 0.6627
50.0000 0.5725
51.0000 0.4939
52.0000 0.4169
53.0000 0.3903
54.0000 0.4820
55.0000 0.5411
56.0000 0.6225
57.0000 0.7209
58.0000 0.8207
59.0000 0.8886
60.0000 0.9050
61.0000 0.9940
62.0000 1.0307
63.0000 1.0154
64.0000 1.0244
65.0000 1.0221
66.0000 0.9493
67.0000 1.0139
68.0000 1.0270
69.0000 1.1116
70.0000 1.2106
71.0000 1.3076
72.0000 1.4056
73.0000 1.4965
74.0000 1.4759
75.0000 1.4202
76.0000 1.4070
77.0000 1.4930
78.0000 1.4697
79.0000 1.4098
80.0000 1.3544
81.0000 1.2641
82.0000 1.1713
83.0000 1.0715
84.0000 0.9725
85.0000 0.8904
86.0000 0.8075
87.0000 0.7076
88.0000 0.6365
89.0000 0.5391
90.0000 0.4519
91.0000 0.4436
92.0000 0.5327
93.0000 0.6283
94.0000 0.7247
95.0000 0.7963
96.0000 0.8751
97.0000 0.9577
98.0000 1.0404
99.0000 1.0730
100.0000 1.0709
101.0000 1.1639
102.0000 1.2016
103.0000 1.2879
104.0000 1.3772
105.0000 1.4764
106.0000 1.4958
107.0000 1.5949
108.0000 1.6576
109.0000 1.7410
110.0000 1.7824
111.0000 1.8525
112.0000 1.9470
113.0000 1.9976
114.0000 1.9310
115.0000 1.8424
116.0000 1.7485
117.0000 1.7376
118.0000 1.7015
119.0000 1.7113
120.0000 1.7243
121.0000 1.6495
122.0000 1.5630
123.0000 1.5115
124.0000 1.4137
125.0000 1.3205
126.0000 1.2205
127.0000 1.1444
128.0000 1.0811
129.0000 1.1530
130.0000 1.1394
131.0000 1.0769
132.0000 1.0851
133.0000 1.1830
134.0000 1.2827
135.0000 1.3811
136.0000 1.4807
137.0000 1.5012
138.0000 1.5183
139.0000 1.5211
140.0000 1.4451
141.0000 1.4593
142.0000 1.5196
143.0000 1.4956
144.0000 1.4066
145.0000 1.3417
146.0000 1.2687
147.0000 1.1825
148.0000 1.1161
149.0000 1.0749
150.0000 1.0072
