1.0000 2.1385
2.0000 2.0571
3.0000 2.0022
4.0000 1.9087
5.0000 1.9231
6.0000 1.8253
7.0000 1.7296
8.0000 1.6338
9.0000 1.5339
10.0000 1.4342
11.0000 1.3365
12.0000 1.2399
13.0000 1.1786
14.0000 1.1423
15.0000 1.0427
16.0000 0.9450
17.0000 0.8656
18.0000 0.7749
19.0000 0.6876
20.0000 0.6010
21.0000 0.5323
22.0000 0.4389
23.0000 0.3849
24.0000 0.4199
25.0000 0.3887
26.0000 0.4132
27.0000 0.4100
28.0000 0.4824
29.0000 0.5766
30.0000 0.6129
31.0000 0.6080
32.0000 0.6731
33.0000 0.7719
34.0000 0.8711
35.0000 0.8830
36.0000 0.9038
37.0000 0.8422
38.0000 0.9070
39.0000 0.8826
40.0000 0.7870
41.0000 0.6978
42.0000 0.6180
43.0000 0.5983
44.0000 0.5568
45.0000 0.5270
46.0000 0.4574
47.0000 0.3576
48.0000 0.3026
49.0000 0.2297
50.0000 0.1353
51.0000 0.1904
52.0000 0.2765
53.0000 0.3755
54.0000 0.4335
55.0000 0.5226
56.0000 0.5588
57.0000 0.6587
58.0000 0.7359
59.0000 0.7917
60.0000 0.8610
61.0000 0.9605
62.0000 1.0536
63.0000 1.0869
64.0000 1.0018
65.0000 1.0208
66.0000 0.9546
67.0000 0.9130
68.0000 0.8887
69.0000 0.7928
70.0000 0.6941
71.0000 0.6110
72.0000 0.6522
73.0000 0.7508
74.0000 0.8508
75.0000 0.9411
76.0000 1.0411
77.0000 1.1400
78.0000 1.2380
79.0000 1.2652
80.0000 1.3633
81.0000 1.4550
82.0000 1.5404
83.0000 1.5937
84.0000 1.5919
85.0000 1.6762
86.0000 1.7518
87.0000 1.8444
88.0000 1.9384
89.0000 2.0369
90.0000 2.1368
91.0000 2.1892
92.0000 2.2275
93.0000 2.1893
94.0000 2.1240
95.0000 2.1220
96.0000 2.1289
97.0000 2.2264
98.0000 2.3205
99.0000 2.3652
100.0000 2.3629
101.0000 2.4254
102.0000 2.5246
103.0000 2.6227
104.0000 2.6232
105.0000 2.6251
106.0000 2.6275
107.0000 2.5295
108.0000 2.4813
109.0000 2.3816
110.0000 2.2972
111.0000 2.2099
112.0000 2.3072
113.0000 2.4052
114.0000 2.4911
115.0000 2.5635
116.0000 2.6635
117.0000 2.7136
118.0000 2.7603
119.0000 2.8602
120.0000 2.9498
121.0000 3.0438
122.0000 3.1331
123.0000 3.2271
124.0000 3.3200
125.0000 3.3303
126.0000 3.2406
127.0000 3.1449
128.0000 3.1522
129.0000 3.1146
130.0000 3.0202
131.0000 2.9612
132.0000 2.9775
133.0000 2.9902
134.0000 2.9357
135.0000 2.8361
136.0000 2.7417
137.0000 2.6475
138.0000 2.5491
139.0000 2.4629
140.0000 2.5629
141.0000 2.6180
142.0000 2.6286
143.0000 2.5982
144.0000 2.6220
145.0000 2.5627
146.0000 2.4729
147.0000 2.3786
148.0000 2.3221
149.0000 2.3614
150.0000 2.4408
