1.0000 2.1463
2.0000 2.1058
3.0000 2.1237
4.0000 2.0241
5.0000 1.9266
6.0000 1.8286
7.0000 1.7589
8.0000 1.7901
9.0000 1.7780
10.0000 1.7392
11.0000 1.6563
12.0000 1.5588
13.0000 1.6049
14.0000 1.6073
15.0000 1.6970
16.0000 1.6948
17.0000 1.6452
18.0000 1.7346
19.0000 1.6879
20.0000 1.7389
21.0000 1.7790
22.0000 1.8702
23.0000 1.8740
24.0000 1.8245
25.0000 1.7632
26.0000 1.6767
27.0000 1.7630
28.0000 1.8162
29.0000 1.9159
30.0000 1.9882
31.0000 2.0597
32.0000 2.1525
33.0000 2.2347
34.0000 2.2170
35.0000 2.1882
36.0000 2.2002
37.0000 2.2198
38.0000 2.3029
39.0000 2.4018
40.0000 2.4906
41.0000 2.4671
42.0000 2.4400
43.0000 2.3400
44.0000 2.2448
45.0000 2.1670
46.0000 2.0674
47.0000 1.9677
48.0000 1.8744
49.0000 1.7775
50.0000 1.7012
51.0000 1.6978
52.0000 1.6235
53.0000 1.5347
54.0000 1.5386
55.0000 1.6367
56.0000 1.7367
57.0000 1.8254
58.0000 1.9225
59.0000 1.9934
60.0000 2.0934
61.0000 2.1193
62.0000 2.1781
63.0000 2.2440
64.0000 2.3434
65.0000 2.4379
66.0000 2.4651
67.0000 2.5080
68.0000 2.5526
69.0000 2.5208
70.0000 2.4233
71.0000 2.4366
72.0000 2.3369
73.0000 2.2496
74.0000 2.1503
75.0000 2.1316
76.0000 2.1515
77.0000 2.1366
78.0000 2.0725
79.0000 1.9738
80.0000 1.9685
81.0000 1.9038
82.0000 1.8270
83.0000 1.7988
84.0000 1.7553
85.0000 1.7174
86.0000 1.6276
87.0000 1.5276
88.0000 1.4326
89.0000 1.3675
90.0000 1.3315
91.0000 1.3262
92.0000 1.2275
93.0000 1.1922
94.0000 1.1067
95.0000 1.0162
96.0000 0.9954
97.0000 0.9533
98.0000 0.9946
99.0000 1.0944
100.0000 1.1847
101.0000 1.0904
102.0000 0.9909
103.0000 0.9023
104.0000 0.8462
105.0000 0.7474
106.0000 0.6481
107.0000 0.6123
108.0000 0.6965
109.0000 0.7280
110.0000 0.7924
111.0000 0.8916
112.0000 0.9889
113.0000 1.0704
114.0000 1.1608
115.0000 1.2544
116.0000 1.3352
117.0000 1.4348
118.0000 1.5074
119.0000 1.4817
120.0000 1.5418
121.0000 1.4808
122.0000 1.4277
123.0000 1.5277
124.0000 1.5815
125.0000 1.6748
126.0000 1.7202
127.0000 1.7200
128.0000 1.7195
129.0000 1.6435
130.0000 1.5726
131.0000 1.5095
132.0000 1.5053
133.0000 1.5858
134.0000 1.6467
135.0000 1.7045
136.0000 1.7663
137.0000 1.7999
138.0000 1.8566
139.0000 1.9514
140.0000 2.0261
141.0000 1.9933
142.0000 1.9555
143.0000 1.8557
144.0000 1.8116
145.0000 1.7194
146.0000 1.6198
147.0000 1.5624
148.0000 1.4922
149.0000 1.5015
150.0000 1.4822
