1.0000 2.2446
2.0000 2.1901
3.0000 2.2722
4.0000 2.3437
5.0000 2.3297
6.0000 2.2787
7.0000 2.1813
8.0000 2.2012
9.0000 2.2090
10.0000 2.1938
11.0000 2.2026
12.0000 2.1799
13.0000 2.1533
14.0000 2.0695
15.0000 1.9863
16.0000 1.8918
17.0000 1.8167
18.0000 1.7173
19.0000 1.7809
20.0000 1.8683
21.0000 1.9533
22.0000 2.0523
23.0000 2.0708
24.0000 1.9923
25.0000 1.9252
26.0000 1.8612
27.0000 1.7774
28.0000 1.7068
29.0000 1.6554
30.0000 1.5773
31.0000 1.4864
32.0000 1.3928
33.0000 1.4109
34.0000 1.5000
35.0000 1.5615
36.0000 1.5644
37.0000 1.5504
38.0000 1.5960
39.0000 1.6422
40.0000 1.6731
41.0000 1.7652
42.0000 1.7207
43.0000 1.8023
44.0000 1.8040
45.0000 1.8319
46.0000 1.7595
47.0000 1.6755
48.0000 1.6005
49.0000 1.5335
50.0000 1.4335
51.0000 1.3523
52.0000 1.2524
53.0000 1.1583
54.0000 1.1184
55.0000 1.0228
56.0000 0.9265
57.0000 0.8908
58.0000 0.7909
59.0000 0.7765
60.0000 0.8747
61.0000 0.9745
62.0000 1.0740
63.0000 1.1623
64.0000 1.2222
65.0000 1.1507
66.0000 1.1507
67.0000 1.1740
68.0000 1.2648
69.0000 1.3646
70.0000 1.4259
71.0000 1.4724
72.0000 1.5539
73.0000 1.5284
74.0000 1.6150
75.0000 1.6947
76.0000 1.7222
77.0000 1.7795
78.0000 1.7535
79.0000 1.7398
80.0000 1.6849
81.0000 1.6375
82.0000 1.6855
83.0000 1.7224
84.0000 1.7167
85.0000 1.7771
86.0000 1.7286
87.0000 1.6895
88.0000 1.6906
89.0000 1.6309
90.0000 1.6104
91.0000 1.5212
92.0000 1.4214
93.0000 1.3224
94.0000 1.2321
95.0000 1.1582
96.0000 1.0858
97.0000 1.1209
98.0000 1.0379
99.0000 0.9509
100.0000 0.8801
101.0000 0.7875
102.0000 0.7113
103.0000 0.6362
104.0000 0.6827
105.0000 0.7398
106.0000 0.7982
107.0000 0.8981
108.0000 0.9979
109.0000 1.0975
110.0000 1.1908
111.0000 1.2659
112.0000 1.3579
113.0000 1.4261
114.0000 1.5053
115.0000 1.5537
116.0000 1.6352
117.0000 1.7191
118.0000 1.8182
119.0000 1.8915
120.0000 1.9664
121.0000 1.9032
122.0000 1.8645
123.0000 1.8397
124.0000 1.7690
125.0000 1.6881
126.0000 1.5962
127.0000 1.5014
128.0000 1.4545
129.0000 1.3705
130.0000 1.2780
131.0000 1.1828
132.0000 1.0841
133.0000 0.9925
134.0000 0.9114
135.0000 0.8237
136.0000 0.7269
137.0000 0.6376
138.0000 0.6874
139.0000 0.7565
140.0000 0.8465
141.0000 0.9250
142.0000 1.0224
143.0000 1.1198
144.0000 1.2198
145.0000 1.2882
146.0000 1.3305
147.0000 1.3978
148.0000 1.4484
149.0000 1.5362
150.0000 1.5845
