1.0000 2.1508
2.0000 2.1767
3.0000 2.0794
4.0000 1.9955
5.0000 1.9003
6.0000 1.8060
7.0000 1.7062
8.0000 1.6940
9.0000 1.7608
10.0000 1.7106
11.0000 1.6131
12.0000 1.5297
13.0000 1.4644
14.0000 1.5336
15.0000 1.6171
16.0000 1.7150
17.0000 1.8141
18.0000 1.9141
19.0000 1.8741
20.0000 1.8368
21.0000 1.8396
22.0000 1.7618
23.0000 1.7581
24.0000 1.6582
25.0000 1.5901
26.0000 1.5906
27.0000 1.5954
28.0000 1.6711
29.0000 1.6826
30.0000 1.7824
31.0000 1.8381
32.0000 1.7992
33.0000 1.7804
34.0000 1.7607
35.0000 1.7646
36.0000 1.8492
37.0000 1.9485
38.0000 2.0482
39.0000 2.1383
40.0000 2.2343
41.0000 2.3343
42.0000 2.4090
43.0000 2.4721
44.0000 2.4987
45.0000 2.4720
46.0000 2.5497
47.0000 2.6475
48.0000 2.7349
49.0000 2.8313
50.0000 2.8561
51.0000 2.8499
52.0000 2.8114
53.0000 2.7497
54.0000 2.6536
55.0000 2.6192
56.0000 2.5488
57.0000 2.4919
58.0000 2.4065
59.0000 2.3331
60.0000 2.2587
61.0000 2.1588
62.0000 2.0675
63.0000 2.0714
64.0000 2.0013
65.0000 1.9719
66.0000 1.9078
67.0000 1.8731
68.0000 1.7785
69.0000 1.6882
70.0000 1.5944
71.0000 1.4966
72.0000 1.4192
73.0000 1.3194
74.0000 1.2305
75.0000 1.2038
76.0000 1.1401
77.0000 1.1098
78.0000 1.1788
79.0000 1.2662
80.0000 1.3646
81.0000 1.4372
82.0000 1.5372
83.0000 1.6326
84.0000 1.7125
85.0000 1.7634
86.0000 1.7796
87.0000 1.8057
88.0000 1.7380
89.0000 1.6410
90.0000 1.5860
91.0000 1.5363
92.0000 1.5417
93.0000 1.5888
94.0000 1.4888
95.0000 1.4514
96.0000 1.3536
97.0000 1.2800
98.0000 1.2950
99.0000 1.3149
100.0000 1.3080
101.0000 1.2195
102.0000 1.2505
103.0000 1.1632
104.0000 1.0720
105.0000 1.0153
106.0000 0.9154
107.0000 0.8156
108.0000 0.7732
109.0000 0.7082
110.0000 0.6535
111.0000 0.5997
112.0000 0.5763
113.0000 0.5811
114.0000 0.6407
115.0000 0.7392
116.0000 0.8375
117.0000 0.9075
118.0000 0.9936
119.0000 1.0911
120.0000 1.1227
121.0000 1.2206
122.0000 1.2760
123.0000 1.2858
124.0000 1.2605
125.0000 1.3486
126.0000 1.4480
127.0000 1.5012
128.0000 1.4774
129.0000 1.3859
130.0000 1.2962
131.0000 1.1998
132.0000 1.2033
133.0000 1.1035
134.0000 1.0392
135.0000 1.1327
136.0000 1.1399
137.0000 1.1059
138.0000 1.0700
139.0000 1.0810
140.0000 1.0678
141.0000 1.0351
142.0000 0.9876
143.0000 1.0800
144.0000 1.1763
145.0000 1.2631
146.0000 1.3283
147.0000 1.3265
148.0000 1.3448
149.0000 1.3704
150.0000 1.4576
