1.0000 2.1362
2.0000 2.0539
3.0000 2.0450
4.0000 1.9731
5.0000 1.8774
6.0000 1.8354
7.0000 1.8934
8.0000 1.8051
9.0000 1.7547
10.0000 1.6818
11.0000 1.6274
12.0000 1.5602
13.0000 1.4688
14.0000 1.3688
15.0000 1.3290
16.0000 1.2290
17.0000 1.1399
18.0000 1.0400
19.0000 0.9472
20.0000 0.9755
21.0000 1.0550
22.0000 1.0382
23.0000 0.9811
24.0000 0.9003
25.0000 0.8016
26.0000 0.7019
27.0000 0.6025
28.0000 0.5034
29.0000 0.4132
30.0000 0.3475
31.0000 0.3741
32.0000 0.4299
33.0000 0.4658
34.0000 0.5639
35.0000 0.5802
36.0000 0.6017
37.0000 0.6599
38.0000 0.7431
39.0000 0.8081
40.0000 0.7613
41.0000 0.7023
42.0000 0.6153
43.0000 0.6504
44.0000 0.7058
45.0000 0.7939
46.0000 0.8904
47.0000 0.9901
48.0000 1.0435
49.0000 1.1341
50.0000 1.1959
51.0000 1.2429
52.0000 1.2920
53.0000 1.3096
54.0000 1.3219
55.0000 1.3606
56.0000 1.4351
57.0000 1.5112
58.0000 1.5074
59.0000 1.5151
60.0000 1.5073
61.0000 1.5784
62.0000 1.5952
63.0000 1.6471
64.0000 1.6902
65.0000 1.6806
66.0000 1.7449
67.0000 1.8406
68.0000 1.8475
69.0000 1.9408
70.0000 2.0081
71.0000 2.0265
72.0000 2.0029
73.0000 2.1011
74.0000 2.1935
75.0000 2.2636
76.0000 2.3293
77.0000 2.3359
78.0000 2.2425
79.0000 2.2313
80.0000 2.2196
81.0000 2.1458
82.0000 2.0898
83.0000 1.9929
84.0000 1.9041
85.0000 1.8877
86.0000 1.8363
87.0000 1.7733
88.0000 1.7864
89.0000 1.7769
90.0000 1.6919
91.0000 1.7335
92.0000 1.7982
93.0000 1.7613
94.0000 1.8175
95.0000 1.9131
96.0000 1.9328
97.0000 1.9385
98.0000 1.9891
99.0000 2.0629
100.0000 2.1616
101.0000 2.2317
102.0000 2.3249
103.0000 2.4202
104.0000 2.4250
105.0000 2.4922
106.0000 2.4465
107.0000 2.4999
108.0000 2.5223
109.0000 2.5265
110.0000 2.4682
111.0000 2.4070
112.0000 2.3908
113.0000 2.3281
114.0000 2.2525
115.0000 2.1645
116.0000 2.0921
117.0000 1.9921
118.0000 1.8926
119.0000 1.8042
120.0000 1.7080
121.0000 1.6155
122.0000 1.5163
123.0000 1.5022
124.0000 1.5410
125.0000 1.4918
126.0000 1.4257
127.0000 1.3965
128.0000 1.3208
129.0000 1.2324
130.0000 1.1365
131.0000 1.0440
132.0000 0.9496
133.0000 0.8605
134.0000 0.7738
135.0000 0.6739
136.0000 0.5788
137.0000 0.4788
138.0000 0.5476
139.0000 0.5943
140.0000 0.6739
141.0000 0.7476
142.0000 0.7530
143.0000 0.6606
144.0000 0.5742
145.0000 0.5036
146.0000 0.4536
147.0000 0.4146
148.0000 0.3849
149.0000 0.4848
150.0000 0.5630
