1.0000 2.1453
2.0000 2.0566
3.0000 1.9794
4.0000 1.8967
5.0000 1.7975
6.0000 1.7014
7.0000 1.6202
8.0000 1.6154
9.0000 1.6900
10.0000 1.7735
11.0000 1.8258
12.0000 1.9143
13.0000 1.9974
14.0000 1.9884
15.0000 1.8984
16.0000 1.8096
17.0000 1.7289
18.0000 1.6979
19.0000 1.6467
20.0000 1.5909
21.0000 1.5518
22.0000 1.4855
23.0000 1.4197
24.0000 1.3978
25.0000 1.3466
26.0000 1.2476
27.0000 1.2001
28.0000 1.1090
29.0000 1.0094
30.0000 0.9094
31.0000 0.8559
32.0000 0.7905
33.0000 0.8209
34.0000 0.9019
35.0000 0.9975
36.0000 1.0974
37.0000 1.1448
38.0000 1.2035
39.0000 1.2067
40.0000 1.2063
41.0000 1.1600
42.0000 1.1243
43.0000 1.0889
44.0000 1.0820
45.0000 1.1806
46.0000 1.2698
47.0000 1.3555
48.0000 1.4554
49.0000 1.5276
50.0000 1.6015
51.0000 1.6976
52.0000 1.7292
53.0000 1.6597
54.0000 1.5799
55.0000 1.4805
56.0000 1.3933
57.0000 1.3942
58.0000 1.4232
59.0000 1.5221
60.0000 1.5782
61.0000 1.6412
62.0000 1.7052
63.0000 1.6665
64.0000 1.6971
65.0000 1.7425
66.0000 1.7995
67.0000 1.7315
68.0000 1.8009
69.0000 1.8778
70.0000 1.8411
71.0000 1.7476
72.0000 1.6511
73.0000 1.5528
74.0000 1.4649
75.0000 1.3833
76.0000 1.3429
77.0000 1.2531
78.0000 1.2571
79.0000 1.3331
80.0000 1.4211
81.0000 1.5202
82.0000 1.4695
83.0000 1.5193
84.0000 1.6121
85.0000 1.7032
86.0000 1.7660
87.0000 1.8244
88.0000 1.9090
89.0000 2.0000
90.0000 1.9766
91.0000 1.8874
92.0000 1.9179
93.0000 1.8808
94.0000 1.8969
95.0000 1.9969
96.0000 1.9041
97.0000 1.8261
98.0000 1.7494
99.0000 1.7339
100.0000 1.7700
101.0000 1.7316
102.0000 1.8315
103.0000 1.8603
104.0000 1.8760
105.0000 1.8343
106.0000 1.8280
107.0000 1.9208
108.0000 1.9873
109.0000 1.9152
110.0000 1.8182
111.0000 1.7440
112.0000 1.6477
113.0000 1.5645
114.0000 1.5131
115.0000 1.4305
116.0000 1.4037
117.0000 1.5015
118.0000 1.5999
119.0000 1.6999
120.0000 1.7386
121.0000 1.8039
122.0000 1.8586
123.0000 1.7684
124.0000 1.6815
125.0000 1.6323
126.0000 1.6572
127.0000 1.6706
128.0000 1.7653
129.0000 1.8573
130.0000 1.9561
131.0000 2.0397
132.0000 2.0856
133.0000 2.0855
134.0000 2.0521
135.0000 1.9650
136.0000 1.8914
137.0000 1.9130
138.0000 1.9369
139.0000 2.0191
140.0000 2.1016
141.0000 2.1788
142.0000 2.2700
143.0000 2.2841
144.0000 2.1885
145.0000 2.0889
146.0000 2.0678
147.0000 2.1349
148.0000 2.2316
149.0000 2.2382
150.0000 2.1937
