1.0000 2.1532
2.0000 2.1223
3.0000 2.1047
4.0000 2.0480
5.0000 1.9496
6.0000 1.8871
7.0000 1.8458
8.0000 1.8455
9.0000 1.9059
10.0000 2.0044
11.0000 2.1004
12.0000 2.1937
13.0000 2.2703
14.0000 2.3629
15.0000 2.4190
16.0000 2.4753
17.0000 2.4928
18.0000 2.5503
19.0000 2.6031
20.0000 2.5145
21.0000 2.5438
22.0000 2.6275
23.0000 2.7275
24.0000 2.7457
25.0000 2.6804
26.0000 2.6554
27.0000 2.7467
28.0000 2.7703
29.0000 2.6723
30.0000 2.6458
31.0000 2.6174
32.0000 2.5345
33.0000 2.5856
34.0000 2.6275
35.0000 2.6904
36.0000 2.6859
37.0000 2.7607
38.0000 2.8536
39.0000 2.8939
40.0000 2.8168
41.0000 2.7591
42.0000 2.7442
43.0000 2.7153
44.0000 2.6274
45.0000 2.5300
46.0000 2.4314
47.0000 2.3597
48.0000 2.3047
49.0000 2.2390
50.0000 2.2161
51.0000 2.1220
52.0000 2.0740
53.0000 1.9862
54.0000 1.8964
55.0000 1.8539
56.0000 1.7599
57.0000 1.6987
58.0000 1.5990
59.0000 1.5634
60.0000 1.6248
61.0000 1.6922
62.0000 1.7183
63.0000 1.7057
64.0000 1.6195
65.0000 1.5210
66.0000 1.5148
67.0000 1.4164
68.0000 1.3301
69.0000 1.2303
70.0000 1.1396
71.0000 1.0397
72.0000 0.9866
73.0000 0.9547
74.0000 0.9448
75.0000 0.9017
76.0000 0.8986
77.0000 0.9960
78.0000 1.0749
79.0000 1.1683
80.0000 1.2484
81.0000 1.3115
82.0000 1.2334
83.0000 1.2067
84.0000 1.3043
85.0000 1.3972
86.0000 1.3754
87.0000 1.4398
88.0000 1.5219
89.0000 1.5939
90.0000 1.6907
91.0000 1.7863
92.0000 1.8554
93.0000 1.9334
94.0000 2.0308
95.0000 2.1141
96.0000 2.1752
97.0000 2.2223
98.0000 2.1529
99.0000 2.0553
100.0000 2.0670
101.0000 2.1438
102.0000 2.2346
103.0000 2.2893
104.0000 2.3120
105.0000 2.3441
106.0000 2.2949
107.0000 2.2250
108.0000 2.2960
109.0000 2.3850
110.0000 2.4289
111.0000 2.3686
112.0000 2.3329
113.0000 2.2410
114.0000 2.1449
115.0000 2.0681
116.0000 1.9931
117.0000 1.9442
118.0000 1.9853
119.0000 2.0011
120.0000 1.9721
121.0000 1.9063
122.0000 1.9274
123.0000 1.9540
124.0000 1.8967
125.0000 1.7989
126.0000 1.7488
127.0000 1.7829
128.0000 1.8678
129.0000 1.9342
130.0000 2.0337
131.0000 2.1264
132.0000 2.2248
133.0000 2.3012
134.0000 2.3009
135.0000 2.3120
136.0000 2.3823
137.0000 2.4785
138.0000 2.4576
139.0000 2.3804
140.0000 2.3460
141.0000 2.2470
142.0000 2.2789
143.0000 2.3078
144.0000 2.3793
145.0000 2.4766
146.0000 2.5534
147.0000 2.6352
148.0000 2.6782
149.0000 2.6939
150.0000 2.7018
