1.0000 2.2800
2.0000 2.2103
3.0000 2.1277
4.0000 2.0324
5.0000 1.9360
6.0000 1.8381
7.0000 1.7932
8.0000 1.8555
9.0000 1.8501
10.0000 1.7868
11.0000 1.7655
12.0000 1.7387
13.0000 1.6736
14.0000 1.5791
15.0000 1.5809
16.0000 1.5627
17.0000 1.5053
18.0000 1.4290
19.0000 1.3724
20.0000 1.2936
21.0000 1.2053
22.0000 1.3007
23.0000 1.3957
24.0000 1.4667
25.0000 1.5665
26.0000 1.5931
27.0000 1.6023
28.0000 1.6423
29.0000 1.7077
30.0000 1.6741
31.0000 1.6356
32.0000 1.5356
33.0000 1.4567
34.0000 1.3586
35.0000 1.2701
36.0000 1.3433
37.0000 1.4219
38.0000 1.5003
39.0000 1.5042
40.0000 1.4781
41.0000 1.4996
42.0000 1.5847
43.0000 1.6774
44.0000 1.7402
45.0000 1.7443
46.0000 1.7710
47.0000 1.8042
48.0000 1.7974
49.0000 1.8223
50.0000 1.8166
51.0000 1.8204
52.0000 1.8347
53.0000 1.8128
54.0000 1.7237
55.0000 1.7379
56.0000 1.8234
57.0000 1.8874
58.0000 1.7882
59.0000 1.7692
60.0000 1.7403
61.0000 1.6927
62.0000 1.6030
63.0000 1.5192
64.0000 1.4282
65.0000 1.3346
66.0000 1.2514
67.0000 1.2125
68.0000 1.2181
69.0000 1.3181
70.0000 1.4181
71.0000 1.5177
72.0000 1.5688
73.0000 1.6688
74.0000 1.7369
75.0000 1.6976
76.0000 1.5985
77.0000 1.5095
78.0000 1.4171
79.0000 1.3843
80.0000 1.3705
81.0000 1.3930
82.0000 1.2987
83.0000 1.2104
84.0000 1.1478
85.0000 1.0554
86.0000 0.9710
87.0000 0.8855
88.0000 0.7863
89.0000 0.7136
90.0000 0.6203
91.0000 0.5274
92.0000 0.4589
93.0000 0.3915
94.0000 0.2928
95.0000 0.1928
96.0000 0.1846
97.0000 0.2571
98.0000 0.3186
99.0000 0.4054
100.0000 0.4425
101.0000 0.5222
102.0000 0.5592
103.0000 0.5645
104.0000 0.6454
105.0000 0.5622
106.0000 0.4992
107.0000 0.4780
108.0000 0.5757
109.0000 0.6607
110.0000 0.7607
111.0000 0.8084
112.0000 0.9067
113.0000 1.0064
114.0000 1.1036
115.0000 1.1694
116.0000 1.2681
117.0000 1.3502
118.0000 1.4172
119.0000 1.4602
120.0000 1.5428
121.0000 1.6353
122.0000 1.7257
123.0000 1.7917
124.0000 1.8508
125.0000 1.9302
126.0000 2.0301
127.0000 2.1227
128.0000 2.1626
129.0000 2.2548
130.0000 2.1592
131.0000 2.0598
132.0000 1.9961
133.0000 1.8963
134.0000 1.8620
135.0000 1.8548
136.0000 1.9172
137.0000 1.8709
138.0000 1.8771
139.0000 1.9759
140.0000 2.0607
141.0000 2.0810
142.0000 2.0800
143.0000 1.9862
144.0000 2.0438
145.0000 2.1438
146.0000 2.2081
147.0000 2.2185
148.0000 2.2384
149.0000 2.2970
150.0000 2.2179
