1.0000 2.1706
2.0000 2.1462
3.0000 2.0487
4.0000 1.9517
5.0000 1.8641
6.0000 1.7755
7.0000 1.6756
8.0000 1.5791
9.0000 1.4833
10.0000 1.4009
11.0000 1.3149
12.0000 1.2890
13.0000 1.1965
14.0000 1.1884
15.0000 1.0996
16.0000 1.0350
17.0000 0.9411
18.0000 0.8423
19.0000 0.7506
20.0000 0.6512
21.0000 0.5590
22.0000 0.5462
23.0000 0.5983
24.0000 0.6967
25.0000 0.7962
26.0000 0.8868
27.0000 0.9858
28.0000 1.0844
29.0000 1.1807
30.0000 1.2722
31.0000 1.3628
32.0000 1.4104
33.0000 1.4977
34.0000 1.5632
35.0000 1.6602
36.0000 1.7378
37.0000 1.8303
38.0000 1.8504
39.0000 1.8521
40.0000 1.7528
41.0000 1.6564
42.0000 1.5886
43.0000 1.5186
44.0000 1.4390
45.0000 1.4533
46.0000 1.4515
47.0000 1.3787
48.0000 1.2866
49.0000 1.2487
50.0000 1.2909
51.0000 1.2693
52.0000 1.3627
53.0000 1.2750
54.0000 1.3554
55.0000 1.3724
56.0000 1.4716
57.0000 1.5699
58.0000 1.5488
59.0000 1.4496
60.0000 1.4436
61.0000 1.4105
62.0000 1.3333
63.0000 1.2399
64.0000 1.2340
65.0000 1.2641
66.0000 1.3280
67.0000 1.3818
68.0000 1.2821
69.0000 1.1946
70.0000 1.1255
71.0000 1.1363
72.0000 1.0583
73.0000 1.0333
74.0000 1.0365
75.0000 1.0649
76.0000 1.1254
77.0000 1.1973
78.0000 1.2702
79.0000 1.3554
80.0000 1.4408
81.0000 1.5311
82.0000 1.6299
83.0000 1.6664
84.0000 1.7622
85.0000 1.8495
86.0000 1.8337
87.0000 1.7361
88.0000 1.6519
89.0000 1.5519
90.0000 1.5264
91.0000 1.4301
92.0000 1.3608
93.0000 1.2632
94.0000 1.1776
95.0000 1.2210
96.0000 1.3183
97.0000 1.4181
98.0000 1.5157
99.0000 1.5917
100.0000 1.6887
101.0000 1.7724
102.0000 1.7618
103.0000 1.7355
104.0000 1.6453
105.0000 1.5647
106.0000 1.4765
107.0000 1.4780
108.0000 1.5566
109.0000 1.6199
110.0000 1.7121
111.0000 1.8120
112.0000 1.8823
113.0000 1.9765
114.0000 1.9984
115.0000 1.9314
116.0000 1.8704
117.0000 1.7921
118.0000 1.7296
119.0000 1.7269
120.0000 1.8240
121.0000 1.9239
122.0000 1.9641
123.0000 1.9581
124.0000 1.8800
125.0000 1.7967
126.0000 1.7243
127.0000 1.7301
128.0000 1.7655
129.0000 1.8617
130.0000 1.9430
131.0000 2.0429
132.0000 2.1425
133.0000 2.1953
134.0000 2.2666
135.0000 2.1796
136.0000 2.1487
137.0000 2.0796
138.0000 2.0845
139.0000 2.1528
140.0000 2.0930
141.0000 1.9986
142.0000 1.9319
143.0000 1.9504
144.0000 1.8808
145.0000 1.8549
146.0000 1.7868
147.0000 1.6909
148.0000 1.5919
149.0000 1.5135
150.0000 1.4140
