1.0000 2.1376
2.0000 2.2262
3.0000 2.1332
4.0000 2.0969
5.0000 2.0015
6.0000 1.9031
7.0000 1.8832
8.0000 1.8034
9.0000 1.7137
10.0000 1.6253
11.0000 1.5566
12.0000 1.6110
13.0000 1.6960
14.0000 1.7769
15.0000 1.7763
16.0000 1.7605
17.0000 1.7878
18.0000 1.7387
19.0000 1.6435
20.0000 1.5502
21.0000 1.5227
22.0000 1.4464
23.0000 1.3874
24.0000 1.4850
25.0000 1.5802
26.0000 1.6798
27.0000 1.7683
28.0000 1.8476
29.0000 1.9315
30.0000 1.8496
31.0000 1.7679
32.0000 1.7504
33.0000 1.7552
34.0000 1.6556
35.0000 1.5656
36.0000 1.5522
37.0000 1.5790
38.0000 1.6474
39.0000 1.6987
40.0000 1.6252
41.0000 1.5542
42.0000 1.5203
43.0000 1.5309
44.0000 1.6286
45.0000 1.7082
46.0000 1.7218
47.0000 1.6573
48.0000 1.5889
49.0000 1.5337
50.0000 1.4389
51.0000 1.3565
52.0000 1.2583
53.0000 1.1804
54.0000 1.2039
55.0000 1.3029
56.0000 1.3299
57.0000 1.3621
58.0000 1.3577
59.0000 1.4462
60.0000 1.4804
61.0000 1.4151
62.0000 1.4239
63.0000 1.4227
64.0000 1.4064
65.0000 1.3068
66.0000 1.2194
67.0000 1.2596
68.0000 1.3572
69.0000 1.4515
70.0000 1.5355
71.0000 1.5339
72.0000 1.4928
73.0000 1.4418
74.0000 1.4961
75.0000 1.5554
76.0000 1.5337
77.0000 1.4351
78.0000 1.3768
79.0000 1.2984
80.0000 1.2091
81.0000 1.1124
82.0000 1.0374
83.0000 0.9736
84.0000 0.8998
85.0000 0.8824
86.0000 0.8301
87.0000 0.9058
88.0000 1.0054
89.0000 1.0600
90.0000 1.0422
91.0000 1.1240
92.0000 1.2214
93.0000 1.2837
94.0000 1.3798
95.0000 1.4441
96.0000 1.4988
97.0000 1.5964
98.0000 1.6366
99.0000 1.6247
100.0000 1.7000
101.0000 1.7039
102.0000 1.7858
103.0000 1.8847
104.0000 1.8454
105.0000 1.9122
106.0000 2.0062
107.0000 2.0127
108.0000 2.0724
109.0000 2.0711
110.0000 2.1420
111.0000 2.0652
112.0000 2.0180
113.0000 2.0169
114.0000 2.0750
115.0000 2.0840
116.0000 2.1251
117.0000 2.1293
118.0000 2.0442
119.0000 2.0321
120.0000 2.0918
121.0000 2.1681
122.0000 2.2666
123.0000 2.3309
124.0000 2.2589
125.0000 2.2558
126.0000 2.2079
127.0000 2.1139
128.0000 2.0898
129.0000 2.1362
130.0000 2.1117
131.0000 2.1540
132.0000 2.2483
133.0000 2.2375
134.0000 2.2292
135.0000 2.2138
136.0000 2.1313
137.0000 2.1059
138.0000 2.1500
139.0000 2.1924
140.0000 2.2682
141.0000 2.2628
142.0000 2.1823
143.0000 2.0987
144.0000 2.0365
145.0000 1.9727
146.0000 1.8810
147.0000 1.8845
148.0000 1.9821
149.0000 2.0473
150.0000 2.0892
