1.0000 2.2686
2.0000 2.2455
3.0000 2.2680
4.0000 2.1816
5.0000 2.1115
6.0000 2.2103
7.0000 2.3020
8.0000 2.3147
9.0000 2.2513
10.0000 2.3345
11.0000 2.4134
12.0000 2.4219
13.0000 2.3827
14.0000 2.4112
15.0000 2.3119
16.0000 2.2151
17.0000 2.1232
18.0000 2.1209
19.0000 2.1569
20.0000 2.1949
21.0000 2.1641
22.0000 2.1003
23.0000 2.0033
24.0000 1.9789
25.0000 2.0265
26.0000 1.9444
27.0000 1.8566
28.0000 1.8718
29.0000 1.9059
30.0000 1.9966
31.0000 2.0308
32.0000 1.9466
33.0000 1.8600
34.0000 1.7775
35.0000 1.8058
36.0000 1.9011
37.0000 1.9770
38.0000 1.9876
39.0000 1.9933
40.0000 2.0885
41.0000 2.1529
42.0000 2.2526
43.0000 2.3308
44.0000 2.2842
45.0000 2.3835
46.0000 2.4274
47.0000 2.4707
48.0000 2.3707
49.0000 2.3203
50.0000 2.2259
51.0000 2.1298
52.0000 2.1825
53.0000 2.1804
54.0000 2.0810
55.0000 1.9859
56.0000 1.9770
57.0000 1.9562
58.0000 2.0432
59.0000 2.0532
60.0000 2.1240
61.0000 2.1953
62.0000 2.2230
63.0000 2.2978
64.0000 2.2877
65.0000 2.2037
66.0000 2.1343
67.0000 2.0537
68.0000 1.9595
69.0000 1.9000
70.0000 1.9336
71.0000 1.9216
72.0000 2.0116
73.0000 2.0790
74.0000 1.9814
75.0000 1.9106
76.0000 1.8114
77.0000 1.7228
78.0000 1.6376
79.0000 1.6590
80.0000 1.7568
81.0000 1.8338
82.0000 1.9267
83.0000 1.9246
84.0000 1.8249
85.0000 1.7264
86.0000 1.6394
87.0000 1.5394
88.0000 1.4418
89.0000 1.3450
90.0000 1.3309
91.0000 1.2757
92.0000 1.2326
93.0000 1.1464
94.0000 1.1518
95.0000 1.2161
96.0000 1.2771
97.0000 1.3576
98.0000 1.2945
99.0000 1.2081
100.0000 1.1339
101.0000 1.1349
102.0000 1.2338
103.0000 1.2847
104.0000 1.3744
105.0000 1.3822
106.0000 1.3942
107.0000 1.4453
108.0000 1.5064
109.0000 1.5804
110.0000 1.6470
111.0000 1.6077
112.0000 1.5940
113.0000 1.6307
114.0000 1.7241
115.0000 1.8114
116.0000 1.9067
117.0000 1.9693
118.0000 2.0639
119.0000 2.1634
120.0000 2.2616
121.0000 2.2932
122.0000 2.2381
123.0000 2.1431
124.0000 2.1227
125.0000 2.0295
126.0000 2.0756
127.0000 2.1047
128.0000 2.2003
129.0000 2.2464
130.0000 2.2162
131.0000 2.1392
132.0000 2.1551
133.0000 2.0708
134.0000 2.0203
135.0000 2.0129
136.0000 1.9704
137.0000 1.9721
138.0000 1.9204
139.0000 1.8228
140.0000 1.7254
141.0000 1.6389
142.0000 1.5406
143.0000 1.4682
144.0000 1.4681
145.0000 1.5415
146.0000 1.5942
147.0000 1.6930
148.0000 1.6603
149.0000 1.7346
150.0000 1.8197
