1.0000 2.1362
2.0000 2.0594
3.0000 1.9667
4.0000 1.8714
5.0000 1.7751
6.0000 1.7023
7.0000 1.6397
8.0000 1.6164
9.0000 1.6526
10.0000 1.6626
11.0000 1.6279
12.0000 1.5374
13.0000 1.4374
14.0000 1.3835
15.0000 1.3021
16.0000 1.2029
17.0000 1.1258
18.0000 1.0476
19.0000 0.9820
20.0000 0.9779
21.0000 1.0248
22.0000 1.1053
23.0000 1.0747
24.0000 1.0470
25.0000 0.9604
26.0000 0.8707
27.0000 0.7712
28.0000 0.6757
29.0000 0.6469
30.0000 0.5900
31.0000 0.5591
32.0000 0.5524
33.0000 0.5577
34.0000 0.5105
35.0000 0.5081
36.0000 0.4685
37.0000 0.4480
38.0000 0.3794
39.0000 0.4132
40.0000 0.4417
41.0000 0.4715
42.0000 0.5398
43.0000 0.5997
44.0000 0.6773
45.0000 0.7389
46.0000 0.6971
47.0000 0.7268
48.0000 0.7433
49.0000 0.6822
50.0000 0.5823
51.0000 0.5010
52.0000 0.4048
53.0000 0.3511
54.0000 0.4510
55.0000 0.5483
56.0000 0.6074
57.0000 0.6992
58.0000 0.7506
59.0000 0.8319
60.0000 0.9289
61.0000 0.9997
62.0000 0.9702
63.0000 0.9549
64.0000 0.9811
65.0000 1.0807
66.0000 1.1609
67.0000 1.2211
68.0000 1.3194
69.0000 1.4127
70.0000 1.5111
71.0000 1.4719
72.0000 1.3940
73.0000 1.3143
74.0000 1.2200
75.0000 1.1552
76.0000 1.0594
77.0000 0.9951
78.0000 1.0050
79.0000 1.0709
80.0000 1.1689
81.0000 1.2273
82.0000 1.3245
83.0000 1.4244
84.0000 1.5230
85.0000 1.5414
86.0000 1.4431
87.0000 1.3450
88.0000 1.3177
89.0000 1.3542
90.0000 1.3729
91.0000 1.3066
92.0000 1.3009
93.0000 1.4009
94.0000 1.4961
95.0000 1.5916
96.0000 1.6568
97.0000 1.6359
98.0000 1.6157
99.0000 1.5172
100.0000 1.4388
101.0000 1.3958
102.0000 1.3201
103.0000 1.2253
104.0000 1.1303
105.0000 1.0470
106.0000 0.9874
107.0000 1.0570
108.0000 1.1417
109.0000 1.1833
110.0000 1.2425
111.0000 1.3327
112.0000 1.3095
113.0000 1.3732
114.0000 1.4490
115.0000 1.5488
116.0000 1.6289
117.0000 1.6661
118.0000 1.6239
119.0000 1.5539
120.0000 1.4542
121.0000 1.3639
122.0000 1.3024
123.0000 1.3037
124.0000 1.3267
125.0000 1.3789
126.0000 1.4631
127.0000 1.5571
128.0000 1.5800
129.0000 1.5828
130.0000 1.6764
131.0000 1.6859
132.0000 1.7217
133.0000 1.6978
134.0000 1.7244
135.0000 1.6909
136.0000 1.6186
137.0000 1.5192
138.0000 1.4444
139.0000 1.3622
140.0000 1.2963
141.0000 1.3603
142.0000 1.3385
143.0000 1.4360
144.0000 1.5218
145.0000 1.5746
146.0000 1.6453
147.0000 1.6394
148.0000 1.7055
149.0000 1.7820
150.0000 1.8427
