1.0000 2.1872
2.0000 2.0954
3.0000 2.0726
4.0000 2.0982
5.0000 2.0112
6.0000 1.9869
7.0000 1.9392
8.0000 1.8578
9.0000 1.8573
10.0000 1.8065
11.0000 1.7988
12.0000 1.7138
13.0000 1.6296
14.0000 1.5433
15.0000 1.4541
16.0000 1.4540
17.0000 1.5276
18.0000 1.5424
19.0000 1.5979
20.0000 1.6928
21.0000 1.7183
22.0000 1.6434
23.0000 1.5787
24.0000 1.4902
25.0000 1.4414
26.0000 1.5341
27.0000 1.6197
28.0000 1.6902
29.0000 1.7346
30.0000 1.7836
31.0000 1.8492
32.0000 1.8628
33.0000 1.7637
34.0000 1.6665
35.0000 1.5677
36.0000 1.4677
37.0000 1.3746
38.0000 1.2890
39.0000 1.2026
40.0000 1.1867
41.0000 1.0976
42.0000 1.0232
43.0000 0.9362
44.0000 0.9196
45.0000 0.8348
46.0000 0.7620
47.0000 0.7065
48.0000 0.6065
49.0000 0.5118
50.0000 0.4159
51.0000 0.3250
52.0000 0.2255
53.0000 0.1355
54.0000 0.0358
55.0000 0.0812
56.0000 0.1601
57.0000 0.2421
58.0000 0.3212
59.0000 0.3940
60.0000 0.3873
61.0000 0.3514
62.0000 0.4109
63.0000 0.4542
64.0000 0.4176
65.0000 0.3558
66.0000 0.4267
67.0000 0.4832
68.0000 0.5403
69.0000 0.6359
70.0000 0.7347
71.0000 0.7319
72.0000 0.7370
73.0000 0.7626
74.0000 0.8486
75.0000 0.9430
76.0000 1.0247
77.0000 1.0809
78.0000 1.0426
79.0000 0.9704
80.0000 0.9525
81.0000 1.0519
82.0000 1.1070
83.0000 1.1630
84.0000 1.1753
85.0000 1.0964
86.0000 1.0103
87.0000 1.0137
88.0000 1.0759
89.0000 1.1734
90.0000 1.2212
91.0000 1.1706
92.0000 1.2532
93.0000 1.3531
94.0000 1.4488
95.0000 1.4589
96.0000 1.4640
97.0000 1.4011
98.0000 1.3060
99.0000 1.2309
100.0000 1.1343
101.0000 1.0684
102.0000 0.9808
103.0000 0.8846
104.0000 0.7846
105.0000 0.7870
106.0000 0.8791
107.0000 0.9582
108.0000 0.9492
109.0000 1.0433
110.0000 1.1276
111.0000 1.2273
112.0000 1.3271
113.0000 1.4001
114.0000 1.4017
115.0000 1.3377
116.0000 1.2604
117.0000 1.2595
118.0000 1.2116
119.0000 1.1180
120.0000 1.0183
121.0000 0.9195
122.0000 0.8309
123.0000 0.7595
124.0000 0.6852
125.0000 0.7527
126.0000 0.7474
127.0000 0.6515
128.0000 0.5682
129.0000 0.4727
130.0000 0.3804
131.0000 0.2864
132.0000 0.2615
133.0000 0.2254
134.0000 0.3133
135.0000 0.4132
136.0000 0.5121
137.0000 0.5336
138.0000 0.4391
139.0000 0.4644
140.0000 0.5592
141.0000 0.6476
142.0000 0.7463
143.0000 0.8456
144.0000 0.9356
145.0000 0.9487
146.0000 0.8490
147.0000 0.7597
148.0000 0.6670
149.0000 0.5717
150.0000 0.5622
