1.0000 2.2742
2.0000 2.1909
3.0000 2.0923
4.0000 2.0119
5.0000 1.9128
6.0000 1.8728
7.0000 1.8175
8.0000 1.7476
9.0000 1.6836
10.0000 1.5986
11.0000 1.5152
12.0000 1.4208
13.0000 1.3317
14.0000 1.2853
15.0000 1.2590
16.0000 1.3125
17.0000 1.3518
18.0000 1.4459
19.0000 1.5459
20.0000 1.6459
21.0000 1.7459
22.0000 1.8273
23.0000 1.9059
24.0000 1.9469
25.0000 2.0469
26.0000 2.0993
27.0000 2.0312
28.0000 1.9429
29.0000 1.8493
30.0000 1.7533
31.0000 1.6852
32.0000 1.6034
33.0000 1.5088
34.0000 1.4226
35.0000 1.3247
36.0000 1.2869
37.0000 1.2011
38.0000 1.1477
39.0000 1.0650
40.0000 1.0135
41.0000 0.9268
42.0000 0.9183
43.0000 0.8598
44.0000 0.7997
45.0000 0.7558
46.0000 0.6977
47.0000 0.7076
48.0000 0.7941
49.0000 0.8915
50.0000 0.9893
51.0000 1.0475
52.0000 1.0813
53.0000 1.1812
54.0000 1.2678
55.0000 1.3605
56.0000 1.4539
57.0000 1.5531
58.0000 1.6310
59.0000 1.6828
60.0000 1.7789
61.0000 1.8747
62.0000 1.9634
63.0000 1.9934
64.0000 1.9915
65.0000 1.9354
66.0000 1.8354
67.0000 1.7405
68.0000 1.6730
69.0000 1.5731
70.0000 1.5088
71.0000 1.4252
72.0000 1.4388
73.0000 1.5162
74.0000 1.6118
75.0000 1.7101
76.0000 1.8100
77.0000 1.9079
78.0000 1.9943
79.0000 1.9009
80.0000 1.8027
81.0000 1.7700
82.0000 1.6959
83.0000 1.6211
84.0000 1.6313
85.0000 1.6813
86.0000 1.6954
87.0000 1.5964
88.0000 1.5298
89.0000 1.4298
90.0000 1.3673
91.0000 1.3069
92.0000 1.2202
93.0000 1.2549
94.0000 1.3374
95.0000 1.4075
96.0000 1.5075
97.0000 1.5986
98.0000 1.6845
99.0000 1.7771
100.0000 1.8768
101.0000 1.9560
102.0000 1.9453
103.0000 1.8453
104.0000 1.7899
105.0000 1.7674
106.0000 1.7264
107.0000 1.7871
108.0000 1.8248
109.0000 1.7256
110.0000 1.6542
111.0000 1.5648
112.0000 1.4684
113.0000 1.3766
114.0000 1.3380
115.0000 1.4043
116.0000 1.4658
117.0000 1.5180
118.0000 1.6095
119.0000 1.7036
120.0000 1.7556
121.0000 1.7369
122.0000 1.6964
123.0000 1.6416
124.0000 1.7382
125.0000 1.6940
126.0000 1.6618
127.0000 1.5883
128.0000 1.5761
129.0000 1.6486
130.0000 1.6652
131.0000 1.6320
132.0000 1.6834
133.0000 1.7764
134.0000 1.8730
135.0000 1.9669
136.0000 2.0321
137.0000 2.0483
138.0000 1.9905
139.0000 1.9320
140.0000 1.8779
141.0000 1.7869
142.0000 1.8045
143.0000 1.7813
144.0000 1.8081
145.0000 1.9078
146.0000 1.9647
147.0000 1.9716
148.0000 1.9146
149.0000 1.8165
150.0000 1.7245
