1.0000 2.1464
2.0000 2.0533
3.0000 1.9839
4.0000 1.9018
5.0000 1.8176
6.0000 1.7184
7.0000 1.6531
8.0000 1.5584
9.0000 1.5486
10.0000 1.5023
11.0000 1.5761
12.0000 1.6491
13.0000 1.6597
14.0000 1.6594
15.0000 1.6453
16.0000 1.7289
17.0000 1.6377
18.0000 1.5742
19.0000 1.5494
20.0000 1.5084
21.0000 1.5964
22.0000 1.5449
23.0000 1.4493
24.0000 1.3644
25.0000 1.3675
26.0000 1.3142
27.0000 1.3741
28.0000 1.4170
29.0000 1.4906
30.0000 1.5699
31.0000 1.6559
32.0000 1.7551
33.0000 1.8205
34.0000 1.9047
35.0000 1.8902
36.0000 1.8590
37.0000 1.8109
38.0000 1.7718
39.0000 1.7728
40.0000 1.7898
41.0000 1.8683
42.0000 1.9024
43.0000 1.9938
44.0000 2.0110
45.0000 1.9112
46.0000 1.8176
47.0000 1.7365
48.0000 1.7906
49.0000 1.8400
50.0000 1.8706
51.0000 1.8867
52.0000 1.9842
53.0000 1.9882
54.0000 1.9519
55.0000 1.8520
56.0000 1.7691
57.0000 1.7604
58.0000 1.7058
59.0000 1.6711
60.0000 1.6168
61.0000 1.5404
62.0000 1.4415
63.0000 1.5021
64.0000 1.4185
65.0000 1.3590
66.0000 1.4399
67.0000 1.5348
68.0000 1.6200
69.0000 1.5855
70.0000 1.6396
71.0000 1.6675
72.0000 1.7078
73.0000 1.7143
74.0000 1.6956
75.0000 1.6169
76.0000 1.6812
77.0000 1.6034
78.0000 1.5041
79.0000 1.4456
80.0000 1.5147
81.0000 1.5847
82.0000 1.6365
83.0000 1.7150
84.0000 1.7165
85.0000 1.6262
86.0000 1.6453
87.0000 1.7418
88.0000 1.7239
89.0000 1.7095
90.0000 1.6901
91.0000 1.7880
92.0000 1.8461
93.0000 1.9045
94.0000 2.0045
95.0000 2.0750
96.0000 2.1600
97.0000 2.1995
98.0000 2.1370
99.0000 2.1930
100.0000 2.0933
101.0000 2.0003
102.0000 1.9349
103.0000 1.9094
104.0000 1.9303
105.0000 2.0033
106.0000 2.0587
107.0000 2.1191
108.0000 2.0997
109.0000 2.1992
110.0000 2.1804
111.0000 2.1794
112.0000 2.0833
113.0000 1.9860
114.0000 1.8867
115.0000 1.7923
116.0000 1.7289
117.0000 1.7369
118.0000 1.6893
119.0000 1.6988
120.0000 1.6238
121.0000 1.5238
122.0000 1.4927
123.0000 1.5401
124.0000 1.4417
125.0000 1.4323
126.0000 1.4595
127.0000 1.5277
128.0000 1.5400
129.0000 1.4852
130.0000 1.3853
131.0000 1.3938
132.0000 1.4765
133.0000 1.5435
134.0000 1.6241
135.0000 1.6579
136.0000 1.6710
137.0000 1.6485
138.0000 1.6966
139.0000 1.7361
140.0000 1.6554
141.0000 1.6092
142.0000 1.6989
143.0000 1.7473
144.0000 1.8266
145.0000 1.9266
146.0000 2.0265
147.0000 2.1260
148.0000 2.1325
149.0000 2.1645
150.0000 2.0646
