1.0000 2.1368
2.0000 2.0369
3.0000 1.9610
4.0000 1.8655
5.0000 1.7767
6.0000 1.6784
7.0000 1.6205
8.0000 1.5449
9.0000 1.5571
10.0000 1.5825
11.0000 1.5185
12.0000 1.4880
13.0000 1.4316
14.0000 1.4580
15.0000 1.3673
16.0000 1.2807
17.0000 1.1882
18.0000 1.0986
19.0000 1.0133
20.0000 0.9848
21.0000 0.9977
22.0000 1.0060
23.0000 0.9961
24.0000 0.9087
25.0000 0.8346
26.0000 0.8833
27.0000 0.9705
28.0000 0.9407
29.0000 1.0009
30.0000 1.0983
31.0000 1.1586
32.0000 1.2409
33.0000 1.2650
34.0000 1.3334
35.0000 1.4248
36.0000 1.4320
37.0000 1.4962
38.0000 1.5103
39.0000 1.4107
40.0000 1.3985
41.0000 1.4982
42.0000 1.5970
43.0000 1.5502
44.0000 1.4504
45.0000 1.3794
46.0000 1.3253
47.0000 1.4079
48.0000 1.4825
49.0000 1.5711
50.0000 1.6084
51.0000 1.5247
52.0000 1.5424
53.0000 1.6278
54.0000 1.5793
55.0000 1.6501
56.0000 1.7030
57.0000 1.7477
58.0000 1.7247
59.0000 1.7234
60.0000 1.6343
61.0000 1.5592
62.0000 1.4594
63.0000 1.3725
64.0000 1.2799
65.0000 1.1994
66.0000 1.1054
67.0000 1.1300
68.0000 1.1900
69.0000 1.1813
70.0000 1.1632
71.0000 1.2136
72.0000 1.2169
73.0000 1.3031
74.0000 1.3792
75.0000 1.4087
76.0000 1.4441
77.0000 1.3997
78.0000 1.3221
79.0000 1.2944
80.0000 1.3142
81.0000 1.2697
82.0000 1.2880
83.0000 1.3473
84.0000 1.3092
85.0000 1.2302
86.0000 1.2187
87.0000 1.1389
88.0000 1.0483
89.0000 0.9759
90.0000 0.8808
91.0000 0.8046
92.0000 0.7178
93.0000 0.7324
94.0000 0.7304
95.0000 0.7821
96.0000 0.8726
97.0000 0.9721
98.0000 0.9615
99.0000 0.9248
100.0000 0.8311
101.0000 0.7390
102.0000 0.6623
103.0000 0.6283
104.0000 0.6216
105.0000 0.6850
106.0000 0.7846
107.0000 0.8797
108.0000 0.9361
109.0000 1.0270
110.0000 1.1205
111.0000 1.1667
112.0000 1.0667
113.0000 1.0056
114.0000 0.9786
115.0000 1.0213
116.0000 1.1105
117.0000 1.1157
118.0000 1.1948
119.0000 1.2886
120.0000 1.3582
121.0000 1.2748
122.0000 1.3350
123.0000 1.3963
124.0000 1.3256
125.0000 1.2256
126.0000 1.1357
127.0000 1.0361
128.0000 0.9388
129.0000 0.8549
130.0000 0.7854
131.0000 0.7143
132.0000 0.6179
133.0000 0.5261
134.0000 0.4262
135.0000 0.3453
136.0000 0.2453
137.0000 0.2267
138.0000 0.3266
139.0000 0.3048
140.0000 0.2643
141.0000 0.1806
142.0000 0.1865
143.0000 0.1974
144.0000 0.2302
145.0000 0.2394
146.0000 0.3046
147.0000 0.3840
148.0000 0.4840
149.0000 0.5764
150.0000 0.6648
