1.0000 2.1701
2.0000 2.0755
3.0000 1.9876
4.0000 1.9319
5.0000 1.9146
6.0000 1.9334
7.0000 1.8998
8.0000 1.9923
9.0000 2.0869
10.0000 2.1119
11.0000 2.1304
12.0000 2.0634
13.0000 2.0942
14.0000 2.1162
15.0000 2.2162
16.0000 2.2842
17.0000 2.3825
18.0000 2.4461
19.0000 2.4251
20.0000 2.4848
21.0000 2.5417
22.0000 2.5486
23.0000 2.4612
24.0000 2.3652
25.0000 2.2654
26.0000 2.1663
27.0000 2.1003
28.0000 2.0427
29.0000 1.9668
30.0000 1.9059
31.0000 1.9550
32.0000 2.0002
33.0000 2.0079
34.0000 1.9805
35.0000 1.9574
36.0000 1.9511
37.0000 1.9076
38.0000 1.8257
39.0000 1.7306
40.0000 1.6505
41.0000 1.5665
42.0000 1.4970
43.0000 1.3977
44.0000 1.3009
45.0000 1.2469
46.0000 1.1626
47.0000 1.1392
48.0000 1.0973
49.0000 1.0282
50.0000 0.9730
51.0000 0.8743
52.0000 0.7757
53.0000 0.6851
54.0000 0.6136
55.0000 0.5463
56.0000 0.4863
57.0000 0.4493
58.0000 0.3557
59.0000 0.2611
60.0000 0.1625
61.0000 0.1106
62.0000 0.1853
63.0000 0.2414
64.0000 0.3301
65.0000 0.3626
66.0000 0.4481
67.0000 0.4606
68.0000 0.4522
69.0000 0.4902
70.0000 0.5851
71.0000 0.6248
72.0000 0.7245
73.0000 0.8111
74.0000 0.9109
75.0000 1.0055
76.0000 1.0981
77.0000 1.1905
78.0000 1.2338
79.0000 1.2651
80.0000 1.2923
81.0000 1.3110
82.0000 1.3663
83.0000 1.4479
84.0000 1.4813
85.0000 1.3856
86.0000 1.3698
87.0000 1.4169
88.0000 1.4936
89.0000 1.4909
90.0000 1.5383
91.0000 1.4971
92.0000 1.4319
93.0000 1.4386
94.0000 1.3418
95.0000 1.3303
96.0000 1.3020
97.0000 1.2829
98.0000 1.2463
99.0000 1.2521
100.0000 1.2350
101.0000 1.1975
102.0000 1.2696
103.0000 1.3476
104.0000 1.4170
105.0000 1.4631
106.0000 1.5604
107.0000 1.6183
108.0000 1.6361
109.0000 1.6989
110.0000 1.7942
111.0000 1.8873
112.0000 1.9487
113.0000 1.9838
114.0000 1.9496
115.0000 1.8655
116.0000 1.8338
117.0000 1.8387
118.0000 1.7658
119.0000 1.7837
120.0000 1.8005
121.0000 1.8859
122.0000 1.9843
123.0000 2.0525
124.0000 2.1513
125.0000 2.2249
126.0000 2.3200
127.0000 2.2877
128.0000 2.2463
129.0000 2.3357
130.0000 2.2483
131.0000 2.2278
132.0000 2.2095
133.0000 2.1890
134.0000 2.2887
135.0000 2.2350
136.0000 2.1538
137.0000 2.0651
138.0000 2.0952
139.0000 2.0780
140.0000 2.1778
141.0000 2.2597
142.0000 2.3592
143.0000 2.4095
144.0000 2.3676
145.0000 2.4449
146.0000 2.5279
147.0000 2.6253
148.0000 2.7205
149.0000 2.8178
150.0000 2.9130
