1.0000 2.1391
2.0000 2.0585
3.0000 1.9586
4.0000 1.8608
5.0000 1.7631
6.0000 1.8051
7.0000 1.8974
8.0000 1.9879
9.0000 2.0457
10.0000 2.1402
11.0000 2.2315
12.0000 2.3264
13.0000 2.2997
14.0000 2.3031
15.0000 2.3982
16.0000 2.4727
17.0000 2.5349
18.0000 2.6266
19.0000 2.6448
20.0000 2.6704
21.0000 2.7626
22.0000 2.8060
23.0000 2.7416
24.0000 2.7329
25.0000 2.7669
26.0000 2.7652
27.0000 2.7627
28.0000 2.7381
29.0000 2.6396
30.0000 2.5398
31.0000 2.5276
32.0000 2.6245
33.0000 2.6918
34.0000 2.6910
35.0000 2.6719
36.0000 2.7196
37.0000 2.8004
38.0000 2.8959
39.0000 2.8232
40.0000 2.7527
41.0000 2.6529
42.0000 2.7231
43.0000 2.6802
44.0000 2.6153
45.0000 2.5154
46.0000 2.4166
47.0000 2.4110
48.0000 2.4741
49.0000 2.5686
50.0000 2.5645
51.0000 2.4978
52.0000 2.5579
53.0000 2.6299
54.0000 2.5449
55.0000 2.6149
56.0000 2.6013
57.0000 2.5895
58.0000 2.5876
59.0000 2.5049
60.0000 2.5008
61.0000 2.5120
62.0000 2.5825
63.0000 2.5859
64.0000 2.5170
65.0000 2.5170
66.0000 2.5626
67.0000 2.4872
68.0000 2.4654
69.0000 2.4509
70.0000 2.4522
71.0000 2.3777
72.0000 2.3601
73.0000 2.2661
74.0000 2.2028
75.0000 2.1634
76.0000 2.1908
77.0000 2.1975
78.0000 2.2708
79.0000 2.2470
80.0000 2.1761
81.0000 2.0763
82.0000 2.0352
83.0000 1.9692
84.0000 2.0263
85.0000 2.1130
86.0000 2.1619
87.0000 2.1665
88.0000 2.1236
89.0000 2.1077
90.0000 2.0529
91.0000 2.0447
92.0000 1.9777
93.0000 1.8809
94.0000 1.7815
95.0000 1.6822
96.0000 1.6180
97.0000 1.5245
98.0000 1.4708
99.0000 1.4350
100.0000 1.3355
101.0000 1.2355
102.0000 1.1911
103.0000 1.1270
104.0000 1.0648
105.0000 1.0403
106.0000 1.1388
107.0000 1.2375
108.0000 1.3363
109.0000 1.4329
110.0000 1.3905
111.0000 1.3023
112.0000 1.2127
113.0000 1.1449
114.0000 1.0795
115.0000 1.1350
116.0000 1.1469
117.0000 1.0688
118.0000 1.0713
119.0000 1.0796
120.0000 0.9812
121.0000 0.8850
122.0000 0.8898
123.0000 0.9354
124.0000 1.0100
125.0000 1.0337
126.0000 1.0927
127.0000 0.9976
128.0000 0.8976
129.0000 0.8499
130.0000 0.7797
131.0000 0.6966
132.0000 0.6073
133.0000 0.5262
134.0000 0.5628
135.0000 0.6492
136.0000 0.7470
137.0000 0.7225
138.0000 0.8157
139.0000 0.8753
140.0000 0.8366
141.0000 0.7366
142.0000 0.6418
143.0000 0.6973
144.0000 0.7232
145.0000 0.6289
146.0000 0.6710
147.0000 0.6887
148.0000 0.6563
149.0000 0.6520
150.0000 0.7455
