1.0000 2.1475
2.0000 2.1531
3.0000 2.0965
4.0000 2.0734
5.0000 1.9938
6.0000 1.9602
7.0000 2.0570
8.0000 2.1557
9.0000 2.0802
10.0000 1.9904
11.0000 1.9012
12.0000 1.8775
13.0000 1.7794
14.0000 1.7156
15.0000 1.6716
16.0000 1.5722
17.0000 1.4723
18.0000 1.4639
19.0000 1.4005
20.0000 1.4309
21.0000 1.4013
22.0000 1.3592
23.0000 1.3872
24.0000 1.4868
25.0000 1.5309
26.0000 1.5484
27.0000 1.4654
28.0000 1.3869
29.0000 1.2938
30.0000 1.3716
31.0000 1.4287
32.0000 1.4090
33.0000 1.3314
34.0000 1.2354
35.0000 1.2225
36.0000 1.1902
37.0000 1.1927
38.0000 1.1173
39.0000 1.0372
40.0000 1.0207
41.0000 0.9925
42.0000 0.9564
43.0000 0.8730
44.0000 0.9294
45.0000 0.9392
46.0000 0.8419
47.0000 0.7575
48.0000 0.7216
49.0000 0.6253
50.0000 0.5377
51.0000 0.4961
52.0000 0.4700
53.0000 0.3828
54.0000 0.3243
55.0000 0.4040
56.0000 0.4084
57.0000 0.3555
58.0000 0.2990
59.0000 0.3841
60.0000 0.4799
61.0000 0.5797
62.0000 0.6785
63.0000 0.6786
64.0000 0.7129
65.0000 0.7993
66.0000 0.8754
67.0000 0.9169
68.0000 0.9348
69.0000 0.9964
70.0000 1.0264
71.0000 1.0278
72.0000 0.9361
73.0000 0.8819
74.0000 0.8517
75.0000 0.8011
76.0000 0.7779
77.0000 0.7265
78.0000 0.6353
79.0000 0.6112
80.0000 0.7006
81.0000 0.7365
82.0000 0.8197
83.0000 0.8740
84.0000 0.9493
85.0000 1.0389
86.0000 1.1323
87.0000 1.2314
88.0000 1.2290
89.0000 1.2672
90.0000 1.3077
91.0000 1.2304
92.0000 1.2629
93.0000 1.1730
94.0000 1.0758
95.0000 0.9849
96.0000 0.8849
97.0000 0.7941
98.0000 0.7883
99.0000 0.8096
100.0000 0.7820
101.0000 0.8054
102.0000 0.7074
103.0000 0.6106
104.0000 0.5455
105.0000 0.6445
106.0000 0.5941
107.0000 0.6100
108.0000 0.6177
109.0000 0.5605
110.0000 0.5812
111.0000 0.6685
112.0000 0.6745
113.0000 0.7559
114.0000 0.7562
115.0000 0.8012
116.0000 0.9010
117.0000 0.9593
118.0000 1.0240
119.0000 1.1109
120.0000 1.2073
121.0000 1.1083
122.0000 1.0089
123.0000 0.9416
124.0000 0.9108
125.0000 0.8317
126.0000 0.7590
127.0000 0.6593
128.0000 0.6625
129.0000 0.6417
130.0000 0.5917
131.0000 0.4969
132.0000 0.5053
133.0000 0.5893
134.0000 0.5977
135.0000 0.4982
136.0000 0.4174
137.0000 0.3724
138.0000 0.3181
139.0000 0.2182
140.0000 0.1194
141.0000 0.1563
142.0000 0.2266
143.0000 0.3265
144.0000 0.4259
145.0000 0.5205
146.0000 0.6030
147.0000 0.6536
148.0000 0.7024
149.0000 0.7821
150.0000 0.8460
