1.0000 2.1505
2.0000 2.0650
3.0000 2.0252
4.0000 1.9938
5.0000 1.9488
6.0000 1.8530
7.0000 1.7532
8.0000 1.7695
9.0000 1.8251
10.0000 1.9242
11.0000 1.9788
12.0000 2.0235
13.0000 1.9857
14.0000 1.9229
15.0000 1.8479
16.0000 1.7623
17.0000 1.7523
18.0000 1.8351
19.0000 1.9126
20.0000 1.9839
21.0000 1.9175
22.0000 1.8422
23.0000 1.7599
24.0000 1.6617
25.0000 1.6640
26.0000 1.7036
27.0000 1.6820
28.0000 1.7175
29.0000 1.6902
30.0000 1.6339
31.0000 1.6110
32.0000 1.6642
33.0000 1.7635
34.0000 1.8349
35.0000 1.8262
36.0000 1.8841
37.0000 1.8961
38.0000 1.9055
39.0000 1.9229
40.0000 1.9997
41.0000 1.9551
42.0000 1.8630
43.0000 1.8210
44.0000 1.8567
45.0000 1.9432
46.0000 1.9305
47.0000 1.8563
48.0000 1.7651
49.0000 1.6697
50.0000 1.6115
51.0000 1.5201
52.0000 1.4417
53.0000 1.4741
54.0000 1.5162
55.0000 1.6129
56.0000 1.7086
57.0000 1.7807
58.0000 1.8759
59.0000 1.9758
60.0000 2.0575
61.0000 2.1514
62.0000 2.2504
63.0000 2.3478
64.0000 2.3155
65.0000 2.2912
66.0000 2.2140
67.0000 2.1230
68.0000 2.0464
69.0000 1.9494
70.0000 1.9668
71.0000 2.0230
72.0000 2.0634
73.0000 2.1326
74.0000 2.2304
75.0000 2.3016
76.0000 2.3765
77.0000 2.3118
78.0000 2.2151
79.0000 2.1307
80.0000 2.0339
81.0000 1.9490
82.0000 1.8783
83.0000 1.9763
84.0000 2.0414
85.0000 1.9416
86.0000 1.9192
87.0000 1.8203
88.0000 1.8021
89.0000 1.8035
90.0000 1.7319
91.0000 1.6424
92.0000 1.5442
93.0000 1.4668
94.0000 1.3908
95.0000 1.3478
96.0000 1.2638
97.0000 1.2293
98.0000 1.3068
99.0000 1.3795
100.0000 1.4761
101.0000 1.5600
102.0000 1.6597
103.0000 1.7595
104.0000 1.7817
105.0000 1.7816
106.0000 1.8812
107.0000 1.9810
108.0000 2.0616
109.0000 2.0180
110.0000 1.9287
111.0000 1.8729
112.0000 1.8827
113.0000 1.9114
114.0000 2.0080
115.0000 2.1080
116.0000 2.1010
117.0000 2.0366
118.0000 1.9729
119.0000 2.0333
120.0000 2.0769
121.0000 2.1247
122.0000 2.0286
123.0000 2.0500
124.0000 2.1128
125.0000 2.0363
126.0000 2.1209
127.0000 2.2024
128.0000 2.1425
129.0000 2.0716
130.0000 2.1403
131.0000 2.1962
132.0000 2.1710
133.0000 2.1605
134.0000 2.1355
135.0000 2.0449
136.0000 2.0060
137.0000 1.9754
138.0000 2.0146
139.0000 2.0045
140.0000 2.0687
141.0000 2.1434
142.0000 2.1354
143.0000 2.1618
144.0000 2.2566
145.0000 2.2975
146.0000 2.2201
147.0000 2.1867
148.0000 2.0897
149.0000 2.0413
150.0000 2.0382
