1.0000 2.2739
2.0000 2.2505
3.0000 2.2230
4.0000 2.2837
5.0000 2.3309
6.0000 2.4216
7.0000 2.5126
8.0000 2.5978
9.0000 2.6339
10.0000 2.7255
11.0000 2.7422
12.0000 2.6496
13.0000 2.5777
14.0000 2.5369
15.0000 2.4450
16.0000 2.3493
17.0000 2.3073
18.0000 2.3722
19.0000 2.4282
20.0000 2.5189
21.0000 2.5945
22.0000 2.6314
23.0000 2.7269
24.0000 2.8117
25.0000 2.7647
26.0000 2.6719
27.0000 2.6838
28.0000 2.7307
29.0000 2.6485
30.0000 2.6209
31.0000 2.5441
32.0000 2.5060
33.0000 2.4878
34.0000 2.4059
35.0000 2.3124
36.0000 2.2188
37.0000 2.1215
38.0000 2.0648
39.0000 1.9832
40.0000 1.8834
41.0000 1.7882
42.0000 1.7567
43.0000 1.7054
44.0000 1.7415
45.0000 1.8102
46.0000 1.8579
47.0000 1.9514
48.0000 1.9701
49.0000 2.0270
50.0000 1.9985
51.0000 1.8987
52.0000 1.8005
53.0000 1.7491
54.0000 1.8187
55.0000 1.9185
56.0000 1.8847
57.0000 1.8435
58.0000 1.7568
59.0000 1.6581
60.0000 1.5829
61.0000 1.4830
62.0000 1.3830
63.0000 1.3138
64.0000 1.2167
65.0000 1.1936
66.0000 1.2140
67.0000 1.1491
68.0000 1.1246
69.0000 1.1365
70.0000 1.1253
71.0000 1.0820
72.0000 1.0101
73.0000 0.9392
74.0000 0.8601
75.0000 0.7629
76.0000 0.6685
77.0000 0.6023
78.0000 0.6192
79.0000 0.6453
80.0000 0.5942
81.0000 0.5809
82.0000 0.6592
83.0000 0.7401
84.0000 0.7945
85.0000 0.8044
86.0000 0.8023
87.0000 0.8251
88.0000 0.9207
89.0000 1.0204
90.0000 1.0206
91.0000 0.9989
92.0000 1.0900
93.0000 1.1465
94.0000 1.0544
95.0000 0.9955
96.0000 0.9869
97.0000 1.0628
98.0000 1.1623
99.0000 1.2559
100.0000 1.3530
101.0000 1.3742
102.0000 1.3665
103.0000 1.4621
104.0000 1.5052
105.0000 1.5403
106.0000 1.6392
107.0000 1.6870
108.0000 1.7816
109.0000 1.7731
110.0000 1.8403
111.0000 1.9211
112.0000 1.9736
113.0000 1.9706
114.0000 1.9991
115.0000 2.0157
116.0000 2.0438
117.0000 2.0658
118.0000 2.1634
119.0000 2.1739
120.0000 2.2437
121.0000 2.3429
122.0000 2.3659
123.0000 2.3813
124.0000 2.3411
125.0000 2.2411
126.0000 2.1575
127.0000 2.0846
128.0000 2.1799
129.0000 2.2600
130.0000 2.3139
131.0000 2.2666
132.0000 2.1846
133.0000 2.1059
134.0000 2.0061
135.0000 1.9154
136.0000 1.8328
137.0000 1.8897
138.0000 1.9344
139.0000 1.9008
140.0000 1.8207
141.0000 1.7647
142.0000 1.8077
143.0000 1.7397
144.0000 1.8242
145.0000 1.9019
146.0000 1.9889
147.0000 2.0576
148.0000 2.0008
149.0000 1.9028
150.0000 1.8210
