1.0000 2.1361
2.0000 2.0569
3.0000 2.0620
4.0000 2.0609
5.0000 2.1126
6.0000 2.0550
7.0000 1.9732
8.0000 1.8756
9.0000 1.7797
10.0000 1.6828
11.0000 1.5911
12.0000 1.6823
13.0000 1.7515
14.0000 1.7767
15.0000 1.7082
16.0000 1.6132
17.0000 1.5132
18.0000 1.5197
19.0000 1.4723
20.0000 1.4251
21.0000 1.3946
22.0000 1.3890
23.0000 1.4813
24.0000 1.5770
25.0000 1.6374
26.0000 1.6787
27.0000 1.7772
28.0000 1.8772
29.0000 1.9760
30.0000 2.0707
31.0000 2.1683
32.0000 2.2081
33.0000 2.1954
34.0000 2.1473
35.0000 2.1862
36.0000 2.2612
37.0000 2.3071
38.0000 2.2809
39.0000 2.1810
40.0000 2.1190
41.0000 2.0711
42.0000 1.9988
43.0000 1.9223
44.0000 1.8617
45.0000 1.7626
46.0000 1.7276
47.0000 1.7667
48.0000 1.8103
49.0000 1.8271
50.0000 1.7864
51.0000 1.8193
52.0000 1.9173
53.0000 2.0112
54.0000 2.0976
55.0000 2.1353
56.0000 2.2137
57.0000 2.2171
58.0000 2.3023
59.0000 2.3591
60.0000 2.4039
61.0000 2.3575
62.0000 2.2953
63.0000 2.2313
64.0000 2.1314
65.0000 2.0615
66.0000 1.9800
67.0000 1.9112
68.0000 1.9485
69.0000 2.0388
70.0000 2.0829
71.0000 2.1339
72.0000 2.0692
73.0000 1.9959
74.0000 1.8971
75.0000 1.8463
76.0000 1.7463
77.0000 1.6808
78.0000 1.5851
79.0000 1.4893
80.0000 1.4879
81.0000 1.5256
82.0000 1.5690
83.0000 1.6612
84.0000 1.7333
85.0000 1.7850
86.0000 1.8545
87.0000 1.8967
88.0000 1.9718
89.0000 1.9923
90.0000 1.9906
91.0000 1.9374
92.0000 1.9561
93.0000 1.8894
94.0000 1.9003
95.0000 1.9507
96.0000 1.9678
97.0000 1.9760
98.0000 1.9743
99.0000 1.8825
100.0000 1.8819
101.0000 1.8353
102.0000 1.7556
103.0000 1.6564
104.0000 1.5581
105.0000 1.5045
106.0000 1.4814
107.0000 1.4686
108.0000 1.5105
109.0000 1.5992
110.0000 1.6644
111.0000 1.7138
112.0000 1.7381
113.0000 1.8327
114.0000 1.8402
115.0000 1.8121
116.0000 1.8267
117.0000 1.9184
118.0000 1.9420
119.0000 1.9691
120.0000 1.8848
121.0000 1.7849
122.0000 1.7640
123.0000 1.6714
124.0000 1.6372
125.0000 1.7018
126.0000 1.7952
127.0000 1.8811
128.0000 1.9710
129.0000 2.0560
130.0000 2.1448
131.0000 2.1990
132.0000 2.2141
133.0000 2.1470
134.0000 2.1758
135.0000 2.2288
136.0000 2.2878
137.0000 2.3864
138.0000 2.4083
139.0000 2.3625
140.0000 2.3245
141.0000 2.2518
142.0000 2.1721
143.0000 2.0722
144.0000 1.9756
145.0000 1.8885
146.0000 1.7891
147.0000 1.7706
148.0000 1.7249
149.0000 1.8048
150.0000 1.7125
