1.0000 2.1366
2.0000 2.0537
3.0000 1.9878
4.0000 1.9050
5.0000 1.8470
6.0000 1.7887
7.0000 1.7341
8.0000 1.6856
9.0000 1.5887
10.0000 1.4970
11.0000 1.5283
12.0000 1.5994
13.0000 1.6869
14.0000 1.7541
15.0000 1.8236
16.0000 1.9131
17.0000 2.0129
18.0000 2.0258
19.0000 1.9712
20.0000 1.9028
21.0000 1.8036
22.0000 1.7705
23.0000 1.6935
24.0000 1.6530
25.0000 1.5550
26.0000 1.4594
27.0000 1.3876
28.0000 1.4710
29.0000 1.5710
30.0000 1.6616
31.0000 1.7609
32.0000 1.8601
33.0000 1.9315
34.0000 1.9796
35.0000 2.0200
36.0000 2.0626
37.0000 2.0150
38.0000 1.9518
39.0000 1.8654
40.0000 1.7789
41.0000 1.6789
42.0000 1.6669
43.0000 1.6603
44.0000 1.6153
45.0000 1.6871
46.0000 1.7798
47.0000 1.8767
48.0000 1.9055
49.0000 1.8953
50.0000 1.9388
51.0000 2.0145
52.0000 2.0904
53.0000 2.1902
54.0000 2.2901
55.0000 2.2558
56.0000 2.3203
57.0000 2.4144
58.0000 2.5064
59.0000 2.5662
60.0000 2.5896
61.0000 2.5410
62.0000 2.5160
63.0000 2.4239
64.0000 2.3444
65.0000 2.2772
66.0000 2.2819
67.0000 2.3697
68.0000 2.3877
69.0000 2.3361
70.0000 2.2847
71.0000 2.2185
72.0000 2.3013
73.0000 2.3482
74.0000 2.4307
75.0000 2.5301
76.0000 2.5569
77.0000 2.5479
78.0000 2.6080
79.0000 2.6050
80.0000 2.5254
81.0000 2.4566
82.0000 2.4039
83.0000 2.3071
84.0000 2.2225
85.0000 2.1974
86.0000 2.1229
87.0000 2.0274
88.0000 2.0103
89.0000 1.9656
90.0000 1.8878
91.0000 1.9126
92.0000 1.9544
93.0000 1.9413
94.0000 1.8753
95.0000 1.8074
96.0000 1.8777
97.0000 1.9262
98.0000 1.9889
99.0000 2.0358
100.0000 2.1301
101.0000 2.1731
102.0000 2.0835
103.0000 1.9836
104.0000 1.9286
105.0000 1.8348
106.0000 1.8046
107.0000 1.8775
108.0000 1.8422
109.0000 1.8446
110.0000 1.8744
111.0000 1.8238
112.0000 1.8402
113.0000 1.8439
114.0000 1.9003
115.0000 1.8407
116.0000 1.8158
117.0000 1.8534
118.0000 1.9288
119.0000 1.9996
120.0000 1.9093
121.0000 1.8302
122.0000 1.7694
123.0000 1.7807
124.0000 1.8716
125.0000 1.9386
126.0000 1.9338
127.0000 1.9121
128.0000 1.9619
129.0000 1.9445
130.0000 1.8494
131.0000 1.7590
132.0000 1.6767
133.0000 1.6935
134.0000 1.7761
135.0000 1.8713
136.0000 1.9633
137.0000 2.0408
138.0000 2.1250
139.0000 2.2145
140.0000 2.2381
141.0000 2.3264
142.0000 2.4256
143.0000 2.5241
144.0000 2.5764
145.0000 2.6075
146.0000 2.5333
147.0000 2.4475
148.0000 2.3831
149.0000 2.3030
150.0000 2.2122
