1.0000 2.2117
2.0000 2.1124
3.0000 2.0941
4.0000 2.0997
5.0000 2.0157
6.0000 1.9207
7.0000 1.9010
8.0000 1.8999
9.0000 1.9442
10.0000 1.8891
11.0000 1.8273
12.0000 1.8390
13.0000 1.9196
14.0000 1.9471
15.0000 1.9145
16.0000 1.9914
17.0000 1.9331
18.0000 1.8824
19.0000 1.7830
20.0000 1.7130
21.0000 1.6282
22.0000 1.5577
23.0000 1.4772
24.0000 1.3782
25.0000 1.4123
26.0000 1.5024
27.0000 1.5829
28.0000 1.6326
29.0000 1.6318
30.0000 1.5987
31.0000 1.5689
32.0000 1.5135
33.0000 1.4307
34.0000 1.5149
35.0000 1.5667
36.0000 1.6367
37.0000 1.6720
38.0000 1.6769
39.0000 1.6105
40.0000 1.5152
41.0000 1.4153
42.0000 1.3255
43.0000 1.2848
44.0000 1.2291
45.0000 1.2210
46.0000 1.3038
47.0000 1.3570
48.0000 1.4166
49.0000 1.5149
50.0000 1.6149
51.0000 1.7138
52.0000 1.8076
53.0000 1.8995
54.0000 1.9336
55.0000 2.0257
56.0000 2.1242
57.0000 2.2176
58.0000 2.3155
59.0000 2.3441
60.0000 2.3292
61.0000 2.2292
62.0000 2.2118
63.0000 2.2714
64.0000 2.3704
65.0000 2.3118
66.0000 2.3129
67.0000 2.3695
68.0000 2.4295
69.0000 2.4536
70.0000 2.4598
71.0000 2.4289
72.0000 2.3548
73.0000 2.2892
74.0000 2.2349
75.0000 2.2004
76.0000 2.1789
77.0000 2.0796
78.0000 1.9843
79.0000 1.8846
80.0000 1.7947
81.0000 1.7520
82.0000 1.7836
83.0000 1.8137
84.0000 1.8816
85.0000 1.9044
86.0000 2.0034
87.0000 2.0888
88.0000 2.1803
89.0000 2.2708
90.0000 2.3338
91.0000 2.4099
92.0000 2.4973
93.0000 2.5971
94.0000 2.6723
95.0000 2.7514
96.0000 2.8209
97.0000 2.9131
98.0000 2.9679
99.0000 3.0519
100.0000 3.1505
101.0000 3.1261
102.0000 3.1729
103.0000 3.1775
104.0000 3.1228
105.0000 3.0546
106.0000 3.0119
107.0000 2.9119
108.0000 2.8302
109.0000 2.7358
110.0000 2.6537
111.0000 2.5540
112.0000 2.4568
113.0000 2.3836
114.0000 2.4559
115.0000 2.5553
116.0000 2.6166
117.0000 2.6325
118.0000 2.6260
119.0000 2.5268
120.0000 2.4529
121.0000 2.4896
122.0000 2.4718
123.0000 2.5376
124.0000 2.6258
125.0000 2.6444
126.0000 2.7098
127.0000 2.6542
128.0000 2.6849
129.0000 2.7661
130.0000 2.8660
131.0000 2.9491
132.0000 3.0464
133.0000 3.0220
134.0000 2.9975
135.0000 3.0970
136.0000 3.1935
137.0000 3.1081
138.0000 3.0558
139.0000 3.0653
140.0000 3.0296
141.0000 2.9298
142.0000 2.8400
143.0000 2.7545
144.0000 2.8198
145.0000 2.9017
146.0000 2.9013
147.0000 2.9041
148.0000 2.8505
149.0000 2.7836
150.0000 2.7199
