1.0000 2.1880
2.0000 2.1090
3.0000 2.0255
4.0000 1.9326
5.0000 1.8335
6.0000 1.7339
7.0000 1.6454
8.0000 1.5921
9.0000 1.5795
10.0000 1.5686
11.0000 1.6414
12.0000 1.6859
13.0000 1.7284
14.0000 1.7421
15.0000 1.7740
16.0000 1.7666
17.0000 1.8282
18.0000 1.8869
19.0000 1.9775
20.0000 2.0355
21.0000 2.0827
22.0000 2.0705
23.0000 2.0971
24.0000 2.0990
25.0000 2.0021
26.0000 1.9119
27.0000 1.8249
28.0000 1.7311
29.0000 1.6973
30.0000 1.7051
31.0000 1.7097
32.0000 1.7693
33.0000 1.8587
34.0000 1.8999
35.0000 1.9164
36.0000 1.9817
37.0000 1.9170
38.0000 1.8828
39.0000 1.7954
40.0000 1.7447
41.0000 1.6683
42.0000 1.6912
43.0000 1.7818
44.0000 1.8303
45.0000 1.8372
46.0000 1.8995
47.0000 1.9571
48.0000 2.0094
49.0000 2.0228
50.0000 1.9615
51.0000 1.8694
52.0000 1.7729
53.0000 1.6751
54.0000 1.5972
55.0000 1.5195
56.0000 1.4237
57.0000 1.3367
58.0000 1.2613
59.0000 1.1690
60.0000 1.0984
61.0000 1.0077
62.0000 0.9258
63.0000 0.8941
64.0000 0.9211
65.0000 1.0042
66.0000 1.0525
67.0000 1.1484
68.0000 1.2430
69.0000 1.2708
70.0000 1.3705
71.0000 1.4566
72.0000 1.5565
73.0000 1.6313
74.0000 1.7144
75.0000 1.7325
76.0000 1.6934
77.0000 1.6399
78.0000 1.6813
79.0000 1.6964
80.0000 1.7789
81.0000 1.8567
82.0000 1.9409
83.0000 2.0400
84.0000 2.1309
85.0000 2.1861
86.0000 2.2275
87.0000 2.3081
88.0000 2.2512
89.0000 2.2774
90.0000 2.2446
91.0000 2.2390
92.0000 2.1584
93.0000 2.2000
94.0000 2.2997
95.0000 2.3685
96.0000 2.4574
97.0000 2.5569
98.0000 2.6067
99.0000 2.6691
100.0000 2.5692
101.0000 2.5677
102.0000 2.6394
103.0000 2.7159
104.0000 2.7729
105.0000 2.7491
106.0000 2.7034
107.0000 2.6036
108.0000 2.5202
109.0000 2.4217
110.0000 2.3405
111.0000 2.2447
112.0000 2.2482
113.0000 2.3016
114.0000 2.3988
115.0000 2.4415
116.0000 2.5181
117.0000 2.5257
118.0000 2.4730
119.0000 2.3857
120.0000 2.3727
121.0000 2.4332
122.0000 2.4288
123.0000 2.4733
124.0000 2.5025
125.0000 2.4234
126.0000 2.3290
127.0000 2.2619
128.0000 2.1619
129.0000 2.0623
130.0000 1.9623
131.0000 1.9394
132.0000 1.9704
133.0000 2.0187
134.0000 1.9402
135.0000 1.8866
136.0000 1.7891
137.0000 1.7323
138.0000 1.6703
139.0000 1.5727
140.0000 1.5461
141.0000 1.4501
142.0000 1.3588
143.0000 1.2804
144.0000 1.1965
145.0000 1.1001
146.0000 1.0479
147.0000 1.0717
148.0000 1.0300
149.0000 0.9325
150.0000 0.8782
