1.0000 2.1920
2.0000 2.1233
3.0000 2.0567
4.0000 1.9673
5.0000 1.8789
6.0000 1.7886
7.0000 1.7400
8.0000 1.6730
9.0000 1.7214
10.0000 1.7773
11.0000 1.7803
12.0000 1.7056
13.0000 1.6558
14.0000 1.5574
15.0000 1.4822
16.0000 1.3966
17.0000 1.2993
18.0000 1.2095
19.0000 1.1313
20.0000 1.0820
21.0000 1.1469
22.0000 1.1059
23.0000 1.0627
24.0000 1.0683
25.0000 1.1263
26.0000 1.0445
27.0000 1.0466
28.0000 0.9966
29.0000 1.0281
30.0000 1.1153
31.0000 1.1870
32.0000 1.2736
33.0000 1.3728
34.0000 1.4716
35.0000 1.5716
36.0000 1.6040
37.0000 1.5770
38.0000 1.6012
39.0000 1.6897
40.0000 1.5986
41.0000 1.5052
42.0000 1.4471
43.0000 1.5418
44.0000 1.5680
45.0000 1.5233
46.0000 1.4494
47.0000 1.3572
48.0000 1.3828
49.0000 1.3510
50.0000 1.3353
51.0000 1.3600
52.0000 1.4500
53.0000 1.5465
54.0000 1.6401
55.0000 1.7329
56.0000 1.8217
57.0000 1.9211
58.0000 2.0090
59.0000 2.0095
60.0000 2.0101
61.0000 2.0174
62.0000 1.9394
63.0000 1.8431
64.0000 1.8324
65.0000 1.7324
66.0000 1.6327
67.0000 1.5916
68.0000 1.6495
69.0000 1.7104
70.0000 1.8104
71.0000 1.8713
72.0000 1.7804
73.0000 1.7328
74.0000 1.7944
75.0000 1.6993
76.0000 1.6205
77.0000 1.5760
78.0000 1.5670
79.0000 1.6592
80.0000 1.6108
81.0000 1.5119
82.0000 1.4250
83.0000 1.3359
84.0000 1.2648
85.0000 1.2288
86.0000 1.1303
87.0000 1.0374
88.0000 1.0264
89.0000 1.0945
90.0000 1.1524
91.0000 1.1613
92.0000 1.1903
93.0000 1.2099
94.0000 1.2006
95.0000 1.2301
96.0000 1.1391
97.0000 1.0520
98.0000 0.9611
99.0000 0.8854
100.0000 0.8066
101.0000 0.7177
102.0000 0.6180
103.0000 0.5627
104.0000 0.5304
105.0000 0.4512
106.0000 0.4035
107.0000 0.3320
108.0000 0.3888
109.0000 0.4369
110.0000 0.4630
111.0000 0.4076
112.0000 0.3437
113.0000 0.3140
114.0000 0.4035
115.0000 0.4535
116.0000 0.4027
117.0000 0.4207
118.0000 0.4326
119.0000 0.5166
120.0000 0.6133
121.0000 0.7080
122.0000 0.7514
123.0000 0.8063
124.0000 0.9060
125.0000 0.9919
126.0000 1.0249
127.0000 1.0959
128.0000 1.1634
129.0000 1.2343
130.0000 1.1836
131.0000 1.1477
132.0000 1.0917
133.0000 1.0897
134.0000 1.1121
135.0000 1.1292
136.0000 1.2256
137.0000 1.2962
138.0000 1.2654
139.0000 1.3332
140.0000 1.4177
141.0000 1.5018
142.0000 1.4306
143.0000 1.4735
144.0000 1.5392
145.0000 1.6381
146.0000 1.5571
147.0000 1.5815
148.0000 1.5637
149.0000 1.5480
150.0000 1.6467
