1.0000 2.2190
2.0000 2.2140
3.0000 2.2687
4.0000 2.2888
5.0000 2.2587
6.0000 2.3534
7.0000 2.4513
8.0000 2.5451
9.0000 2.6025
10.0000 2.6182
11.0000 2.6967
12.0000 2.6915
13.0000 2.6016
14.0000 2.5853
15.0000 2.6212
16.0000 2.6368
17.0000 2.7297
18.0000 2.7975
19.0000 2.8554
20.0000 2.8685
21.0000 2.9000
22.0000 2.8579
23.0000 2.7749
24.0000 2.7236
25.0000 2.6607
26.0000 2.5694
27.0000 2.5289
28.0000 2.4782
29.0000 2.3886
30.0000 2.3316
31.0000 2.2781
32.0000 2.2137
33.0000 2.1396
34.0000 2.1010
35.0000 2.1889
36.0000 2.2038
37.0000 2.2678
38.0000 2.3645
39.0000 2.3360
40.0000 2.2393
41.0000 2.1510
42.0000 2.0620
43.0000 2.0132
44.0000 2.1112
45.0000 2.1834
46.0000 2.1946
47.0000 2.1037
48.0000 2.0117
49.0000 1.9157
50.0000 1.8208
51.0000 1.7962
52.0000 1.7273
53.0000 1.6307
54.0000 1.5583
55.0000 1.5097
56.0000 1.4107
57.0000 1.3135
58.0000 1.3302
59.0000 1.2302
60.0000 1.1336
61.0000 1.1510
62.0000 1.1571
63.0000 1.1782
64.0000 1.1571
65.0000 1.1357
66.0000 1.0406
67.0000 0.9493
68.0000 0.9215
69.0000 0.8406
70.0000 0.7444
71.0000 0.6445
72.0000 0.5857
73.0000 0.4996
74.0000 0.4101
75.0000 0.3102
76.0000 0.2270
77.0000 0.1397
78.0000 0.0706
79.0000 0.0963
80.0000 0.1894
81.0000 0.2892
82.0000 0.3477
83.0000 0.4444
84.0000 0.5067
85.0000 0.5139
86.0000 0.6052
87.0000 0.7021
88.0000 0.7840
89.0000 0.7446
90.0000 0.7805
91.0000 0.7319
92.0000 0.6727
93.0000 0.5730
94.0000 0.5322
95.0000 0.4487
96.0000 0.3894
97.0000 0.3278
98.0000 0.2299
99.0000 0.1325
100.0000 0.0650
101.0000 0.1490
102.0000 0.2152
103.0000 0.3040
104.0000 0.3962
105.0000 0.4787
106.0000 0.5787
107.0000 0.6520
108.0000 0.6782
109.0000 0.6937
110.0000 0.5945
111.0000 0.5025
112.0000 0.4144
113.0000 0.3345
114.0000 0.2877
115.0000 0.2316
116.0000 0.2045
117.0000 0.1529
118.0000 0.1152
119.0000 0.1065
120.0000 0.2065
121.0000 0.3064
122.0000 0.3817
123.0000 0.4766
124.0000 0.4743
125.0000 0.4238
126.0000 0.3609
127.0000 0.3139
128.0000 0.3525
129.0000 0.3698
130.0000 0.4241
131.0000 0.4246
132.0000 0.3772
133.0000 0.3686
134.0000 0.2811
135.0000 0.2817
136.0000 0.2625
137.0000 0.3420
138.0000 0.3496
139.0000 0.3802
140.0000 0.4482
141.0000 0.5008
142.0000 0.5649
143.0000 0.6609
144.0000 0.7445
145.0000 0.8424
146.0000 0.9422
147.0000 1.0250
148.0000 1.0626
149.0000 1.1476
150.0000 1.2394
