1.0000 2.1363
2.0000 2.0931
3.0000 2.1052
4.0000 2.0954
5.0000 2.0773
6.0000 1.9812
7.0000 1.8817
8.0000 1.8319
9.0000 1.7322
10.0000 1.6410
11.0000 1.5451
12.0000 1.4823
13.0000 1.3841
14.0000 1.2848
15.0000 1.1976
16.0000 1.1217
17.0000 1.0224
18.0000 0.9509
19.0000 0.8514
20.0000 0.7520
21.0000 0.6545
22.0000 0.6907
23.0000 0.7359
24.0000 0.8144
25.0000 0.8143
26.0000 0.8956
27.0000 0.8712
28.0000 0.8521
29.0000 0.9512
30.0000 1.0364
31.0000 1.0077
32.0000 0.9276
33.0000 0.9113
34.0000 0.9749
35.0000 1.0667
36.0000 1.0635
37.0000 0.9882
38.0000 0.8943
39.0000 0.8003
40.0000 0.8041
41.0000 0.8287
42.0000 0.8997
43.0000 0.9579
44.0000 0.9529
45.0000 0.8582
46.0000 0.7725
47.0000 0.6849
48.0000 0.5876
49.0000 0.6440
50.0000 0.6062
51.0000 0.5070
52.0000 0.4106
53.0000 0.3150
54.0000 0.2517
55.0000 0.1779
56.0000 0.1002
57.0000 0.0101
58.0000 0.1002
59.0000 0.1438
60.0000 0.2142
61.0000 0.2647
62.0000 0.3585
63.0000 0.4384
64.0000 0.4236
65.0000 0.4799
66.0000 0.5771
67.0000 0.6698
68.0000 0.7107
69.0000 0.8071
70.0000 0.8691
71.0000 0.9304
72.0000 1.0288
73.0000 1.0405
74.0000 1.0313
75.0000 0.9522
76.0000 0.8522
77.0000 0.7567
78.0000 0.6568
79.0000 0.5626
80.0000 0.4699
81.0000 0.3702
82.0000 0.3651
83.0000 0.4634
84.0000 0.5070
85.0000 0.4963
86.0000 0.4450
87.0000 0.4773
88.0000 0.5746
89.0000 0.6735
90.0000 0.7523
91.0000 0.7952
92.0000 0.7894
93.0000 0.8880
94.0000 0.9880
95.0000 1.0701
96.0000 1.1540
97.0000 1.2235
98.0000 1.3146
99.0000 1.3782
100.0000 1.3861
101.0000 1.2910
102.0000 1.3589
103.0000 1.4582
104.0000 1.5566
105.0000 1.5573
106.0000 1.5296
107.0000 1.4890
108.0000 1.4401
109.0000 1.3413
110.0000 1.2423
111.0000 1.2187
112.0000 1.2114
113.0000 1.1801
114.0000 1.0868
115.0000 0.9903
116.0000 0.9364
117.0000 0.8711
118.0000 0.7803
119.0000 0.6843
120.0000 0.5851
121.0000 0.4852
122.0000 0.4757
123.0000 0.5505
124.0000 0.6084
125.0000 0.6914
126.0000 0.7067
127.0000 0.7979
128.0000 0.8571
129.0000 0.8277
130.0000 0.7747
131.0000 0.8374
132.0000 0.8031
133.0000 0.8319
134.0000 0.9097
135.0000 0.9739
136.0000 1.0735
137.0000 1.1734
138.0000 1.1759
139.0000 1.1403
140.0000 1.2158
141.0000 1.2649
142.0000 1.1995
143.0000 1.1540
144.0000 1.2341
145.0000 1.3333
146.0000 1.4151
147.0000 1.5151
148.0000 1.5470
149.0000 1.4869
150.0000 1.4342
