1.0000 2.2351
2.0000 2.3198
3.0000 2.2235
4.0000 2.1602
5.0000 2.1390
6.0000 2.2299
7.0000 2.2521
8.0000 2.3190
9.0000 2.3039
10.0000 2.3035
11.0000 2.3766
12.0000 2.4760
13.0000 2.5292
14.0000 2.5653
15.0000 2.5052
16.0000 2.4103
17.0000 2.3600
18.0000 2.2608
19.0000 2.2225
20.0000 2.1830
21.0000 2.1854
22.0000 2.2847
23.0000 2.3615
24.0000 2.3328
25.0000 2.2675
26.0000 2.1900
27.0000 2.0908
28.0000 2.0061
29.0000 2.0766
30.0000 2.1746
31.0000 2.2737
32.0000 2.3728
33.0000 2.4708
34.0000 2.5570
35.0000 2.6543
36.0000 2.6823
37.0000 2.6289
38.0000 2.5303
39.0000 2.6139
40.0000 2.6062
41.0000 2.6053
42.0000 2.5383
43.0000 2.4761
44.0000 2.4489
45.0000 2.3968
46.0000 2.3097
47.0000 2.2110
48.0000 2.1501
49.0000 2.1216
50.0000 2.1315
51.0000 2.2315
52.0000 2.3298
53.0000 2.3708
54.0000 2.3833
55.0000 2.3960
56.0000 2.3446
57.0000 2.3107
58.0000 2.2114
59.0000 2.1129
60.0000 2.0532
61.0000 1.9626
62.0000 2.0440
63.0000 2.1137
64.0000 2.0258
65.0000 1.9355
66.0000 1.8497
67.0000 1.7625
68.0000 1.6647
69.0000 1.5652
70.0000 1.4795
71.0000 1.3930
72.0000 1.3574
73.0000 1.4452
74.0000 1.3953
75.0000 1.3462
76.0000 1.2877
77.0000 1.2594
78.0000 1.3498
79.0000 1.4332
80.0000 1.5306
81.0000 1.6303
82.0000 1.7238
83.0000 1.8045
84.0000 1.8219
85.0000 1.9111
86.0000 1.9537
87.0000 2.0461
88.0000 2.1450
89.0000 2.2366
90.0000 2.3237
91.0000 2.2642
92.0000 2.2220
93.0000 2.2602
94.0000 2.2190
95.0000 2.2375
96.0000 2.1928
97.0000 2.1372
98.0000 2.0378
99.0000 1.9678
100.0000 1.9473
101.0000 2.0469
102.0000 2.1010
103.0000 2.1803
104.0000 2.2580
105.0000 2.2293
106.0000 2.2565
107.0000 2.3561
108.0000 2.4025
109.0000 2.4009
110.0000 2.3567
111.0000 2.3498
112.0000 2.3926
113.0000 2.4826
114.0000 2.5577
115.0000 2.5116
116.0000 2.5789
117.0000 2.6653
118.0000 2.6420
119.0000 2.6530
120.0000 2.6861
121.0000 2.6679
122.0000 2.5789
123.0000 2.5535
124.0000 2.5477
125.0000 2.6040
126.0000 2.6382
127.0000 2.5391
128.0000 2.4637
129.0000 2.3939
130.0000 2.3487
131.0000 2.3204
132.0000 2.3646
133.0000 2.4474
134.0000 2.5319
135.0000 2.6141
136.0000 2.5815
137.0000 2.4955
138.0000 2.5503
139.0000 2.4697
140.0000 2.3697
141.0000 2.2779
142.0000 2.3142
143.0000 2.2493
144.0000 2.1650
145.0000 2.0683
146.0000 1.9739
147.0000 1.9447
148.0000 2.0316
149.0000 2.1253
150.0000 2.2172
