1.0000 2.1620
2.0000 2.0623
3.0000 1.9981
4.0000 1.9189
5.0000 1.8199
6.0000 1.7202
7.0000 1.6282
8.0000 1.6142
9.0000 1.5753
10.0000 1.5474
11.0000 1.4520
12.0000 1.3631
13.0000 1.3169
14.0000 1.2419
15.0000 1.2290
16.0000 1.2455
17.0000 1.2708
18.0000 1.3130
19.0000 1.3340
20.0000 1.4293
21.0000 1.5260
22.0000 1.6041
23.0000 1.6837
24.0000 1.7640
25.0000 1.7712
26.0000 1.8707
27.0000 1.9707
28.0000 1.9795
29.0000 1.9354
30.0000 1.8546
31.0000 1.7622
32.0000 1.6837
33.0000 1.5855
34.0000 1.5210
35.0000 1.4657
36.0000 1.4811
37.0000 1.4204
38.0000 1.3506
39.0000 1.3565
40.0000 1.4291
41.0000 1.4708
42.0000 1.5588
43.0000 1.5620
44.0000 1.6441
45.0000 1.7250
46.0000 1.8087
47.0000 1.7995
48.0000 1.8567
49.0000 1.9551
50.0000 2.0090
51.0000 2.0895
52.0000 2.1051
53.0000 2.0518
54.0000 2.0010
55.0000 1.9120
56.0000 1.9184
57.0000 1.8280
58.0000 1.8753
59.0000 1.9200
60.0000 1.9572
61.0000 2.0540
62.0000 2.0817
63.0000 2.0141
64.0000 1.9856
65.0000 2.0847
66.0000 2.1749
67.0000 2.2749
68.0000 2.2232
69.0000 2.1622
70.0000 2.2600
71.0000 2.3532
72.0000 2.4517
73.0000 2.5020
74.0000 2.6018
75.0000 2.6812
76.0000 2.6037
77.0000 2.5660
78.0000 2.6010
79.0000 2.6571
80.0000 2.6633
81.0000 2.7432
82.0000 2.6478
83.0000 2.5481
84.0000 2.4531
85.0000 2.3598
86.0000 2.3031
87.0000 2.2130
88.0000 2.1131
89.0000 2.0131
90.0000 1.9286
91.0000 1.8443
92.0000 1.7471
93.0000 1.7586
94.0000 1.7596
95.0000 1.6701
96.0000 1.6284
97.0000 1.6116
98.0000 1.6284
99.0000 1.6755
100.0000 1.6703
101.0000 1.6169
102.0000 1.5503
103.0000 1.4876
104.0000 1.3891
105.0000 1.3040
106.0000 1.2203
107.0000 1.3137
108.0000 1.3034
109.0000 1.3807
110.0000 1.4745
111.0000 1.5281
112.0000 1.6090
113.0000 1.5567
114.0000 1.5723
115.0000 1.5625
116.0000 1.5912
117.0000 1.4914
118.0000 1.3940
119.0000 1.3304
120.0000 1.2414
121.0000 1.2377
122.0000 1.2261
123.0000 1.2889
124.0000 1.3888
125.0000 1.4376
126.0000 1.5367
127.0000 1.6057
128.0000 1.6990
129.0000 1.7816
130.0000 1.7805
131.0000 1.7624
132.0000 1.7852
133.0000 1.8020
134.0000 1.8070
135.0000 1.7967
136.0000 1.7047
137.0000 1.6104
138.0000 1.5196
139.0000 1.5136
140.0000 1.5863
141.0000 1.6660
142.0000 1.7622
143.0000 1.7345
144.0000 1.7554
145.0000 1.7945
146.0000 1.7872
147.0000 1.8039
148.0000 1.8234
149.0000 1.7489
150.0000 1.7685
