1.0000 2.1469
2.0000 2.0625
3.0000 2.0446
4.0000 2.1434
5.0000 2.1810
6.0000 2.1134
7.0000 2.0210
8.0000 1.9334
9.0000 1.8341
10.0000 1.7341
11.0000 1.6471
12.0000 1.5694
13.0000 1.4697
14.0000 1.3743
15.0000 1.3019
16.0000 1.2659
17.0000 1.3077
18.0000 1.3526
19.0000 1.4344
20.0000 1.4768
21.0000 1.4946
22.0000 1.5722
23.0000 1.6713
24.0000 1.7677
25.0000 1.8566
26.0000 1.8635
27.0000 1.8766
28.0000 1.8986
29.0000 1.8531
30.0000 1.7670
31.0000 1.7285
32.0000 1.6352
33.0000 1.5460
34.0000 1.4879
35.0000 1.4416
36.0000 1.3643
37.0000 1.3287
38.0000 1.4267
39.0000 1.5267
40.0000 1.5829
41.0000 1.5957
42.0000 1.5284
43.0000 1.4471
44.0000 1.3693
45.0000 1.3057
46.0000 1.3620
47.0000 1.4620
48.0000 1.5305
49.0000 1.6302
50.0000 1.7004
51.0000 1.7866
52.0000 1.8340
53.0000 1.7485
54.0000 1.6545
55.0000 1.5679
56.0000 1.4778
57.0000 1.3916
58.0000 1.2927
59.0000 1.2112
60.0000 1.1112
61.0000 1.0395
62.0000 1.0958
63.0000 1.0805
64.0000 1.1697
65.0000 1.1472
66.0000 1.1958
67.0000 1.2950
68.0000 1.3784
69.0000 1.4710
70.0000 1.5425
71.0000 1.4591
72.0000 1.3600
73.0000 1.2712
74.0000 1.2711
75.0000 1.2047
76.0000 1.1057
77.0000 1.1395
78.0000 1.1963
79.0000 1.2289
80.0000 1.3287
81.0000 1.3068
82.0000 1.2416
83.0000 1.1417
84.0000 1.0582
85.0000 1.0222
86.0000 1.0322
87.0000 0.9340
88.0000 0.8343
89.0000 0.7509
90.0000 0.8344
91.0000 0.9338
92.0000 0.8864
93.0000 0.7946
94.0000 0.7985
95.0000 0.8597
96.0000 0.8687
97.0000 0.9386
98.0000 1.0197
99.0000 1.0232
100.0000 1.0967
101.0000 1.1659
102.0000 1.0811
103.0000 1.0835
104.0000 1.0119
105.0000 0.9136
106.0000 0.8170
107.0000 0.7857
108.0000 0.8665
109.0000 0.9211
110.0000 0.9022
111.0000 0.9853
112.0000 1.0680
113.0000 1.1314
114.0000 1.2095
115.0000 1.2645
116.0000 1.2805
117.0000 1.3109
118.0000 1.2958
119.0000 1.2805
120.0000 1.1950
121.0000 1.0970
122.0000 1.0562
123.0000 0.9562
124.0000 0.9670
125.0000 0.8911
126.0000 0.8037
127.0000 0.7040
128.0000 0.6390
129.0000 0.6806
130.0000 0.6848
131.0000 0.5854
132.0000 0.4946
133.0000 0.4274
134.0000 0.5015
135.0000 0.5779
136.0000 0.6773
137.0000 0.7771
138.0000 0.8750
139.0000 0.9601
140.0000 0.8695
141.0000 0.8104
142.0000 0.8087
143.0000 0.8466
144.0000 0.9463
145.0000 0.9464
146.0000 1.0228
147.0000 1.0767
148.0000 1.1437
149.0000 1.2383
150.0000 1.2340
