1.0000 2.1362
2.0000 2.0365
3.0000 1.9650
4.0000 1.8835
5.0000 1.7863
6.0000 1.7062
7.0000 1.6073
8.0000 1.5397
9.0000 1.5016
10.0000 1.5173
11.0000 1.5389
12.0000 1.5663
13.0000 1.5363
14.0000 1.5928
15.0000 1.6784
16.0000 1.6949
17.0000 1.6580
18.0000 1.5916
19.0000 1.5061
20.0000 1.5418
21.0000 1.5734
22.0000 1.6726
23.0000 1.7653
24.0000 1.8393
25.0000 1.8993
26.0000 1.8934
27.0000 1.9442
28.0000 1.9610
29.0000 1.8669
30.0000 1.8846
31.0000 1.9843
32.0000 1.9355
33.0000 1.9418
34.0000 1.9465
35.0000 2.0379
36.0000 1.9772
37.0000 1.9863
38.0000 2.0093
39.0000 2.0273
40.0000 2.0738
41.0000 2.0736
42.0000 1.9990
43.0000 1.9057
44.0000 1.8058
45.0000 1.8275
46.0000 1.8357
47.0000 1.7357
48.0000 1.6357
49.0000 1.5363
50.0000 1.4363
51.0000 1.3649
52.0000 1.2691
53.0000 1.2246
54.0000 1.1444
55.0000 1.0773
56.0000 0.9800
57.0000 0.8974
58.0000 0.8982
59.0000 0.8434
60.0000 0.8198
61.0000 0.8721
62.0000 0.8671
63.0000 0.9111
64.0000 0.9484
65.0000 1.0123
66.0000 1.1087
67.0000 1.1552
68.0000 1.2544
69.0000 1.3414
70.0000 1.4261
71.0000 1.4473
72.0000 1.5324
73.0000 1.5761
74.0000 1.4858
75.0000 1.4629
76.0000 1.3875
77.0000 1.2991
78.0000 1.2908
79.0000 1.2002
80.0000 1.1734
81.0000 1.0924
82.0000 1.1696
83.0000 1.2182
84.0000 1.3060
85.0000 1.3943
86.0000 1.4626
87.0000 1.4133
88.0000 1.3166
89.0000 1.2190
90.0000 1.2060
91.0000 1.2372
92.0000 1.1615
93.0000 1.0633
94.0000 0.9656
95.0000 0.9492
96.0000 1.0415
97.0000 1.1176
98.0000 1.2080
99.0000 1.3060
100.0000 1.3996
101.0000 1.4701
102.0000 1.4775
103.0000 1.4240
104.0000 1.3455
105.0000 1.4049
106.0000 1.4244
107.0000 1.4761
108.0000 1.4953
109.0000 1.5773
110.0000 1.6710
111.0000 1.7680
112.0000 1.7914
113.0000 1.8551
114.0000 1.9347
115.0000 2.0014
116.0000 2.0462
117.0000 2.0877
118.0000 2.0301
119.0000 1.9462
120.0000 1.9759
121.0000 2.0004
122.0000 1.9424
123.0000 1.8663
124.0000 1.7991
125.0000 1.7354
126.0000 1.7029
127.0000 1.6240
128.0000 1.5822
129.0000 1.6307
130.0000 1.6075
131.0000 1.5790
132.0000 1.6767
133.0000 1.7767
134.0000 1.8741
135.0000 1.9741
136.0000 2.0719
137.0000 2.1712
138.0000 2.1825
139.0000 1.3976
140.0000 1.3924
141.0000 1.4358
142.0000 2.3249
143.0000 2.2641
144.0000 2.1703
145.0000 2.0722
146.0000 2.0131
147.0000 1.9408
148.0000 1.9414
149.0000 1.2523
150.0000 1.2734
