1.0000 2.1581
2.0000 2.0949
3.0000 2.0445
4.0000 1.9447
5.0000 1.9145
6.0000 1.8995
7.0000 1.8025
8.0000 1.7030
9.0000 1.6031
10.0000 1.5383
11.0000 1.4889
12.0000 1.4588
13.0000 1.5563
14.0000 1.6405
15.0000 1.6082
16.0000 1.5200
17.0000 1.4673
18.0000 1.4257
19.0000 1.3455
20.0000 1.2738
21.0000 1.2537
22.0000 1.2751
23.0000 1.2322
24.0000 1.3267
25.0000 1.4136
26.0000 1.5042
27.0000 1.5958
28.0000 1.6866
29.0000 1.7585
30.0000 1.8069
31.0000 1.8860
32.0000 1.9831
33.0000 2.0735
34.0000 2.0752
35.0000 2.0702
36.0000 2.1630
37.0000 2.2163
38.0000 2.1556
39.0000 2.0715
40.0000 1.9724
41.0000 1.8725
42.0000 1.8166
43.0000 1.7639
44.0000 1.7264
45.0000 1.7184
46.0000 1.7937
47.0000 1.8890
48.0000 1.8152
49.0000 1.7422
50.0000 1.6999
51.0000 1.7632
52.0000 1.8542
53.0000 1.9347
54.0000 1.9702
55.0000 1.9004
56.0000 1.8068
57.0000 1.7099
58.0000 1.6101
59.0000 1.5863
60.0000 1.5232
61.0000 1.4285
62.0000 1.3981
63.0000 1.4675
64.0000 1.5599
65.0000 1.6211
66.0000 1.5212
67.0000 1.5722
68.0000 1.6519
69.0000 1.7371
70.0000 1.8371
71.0000 1.9103
72.0000 1.9787
73.0000 2.0760
74.0000 2.0559
75.0000 1.9559
76.0000 1.8652
77.0000 1.7891
78.0000 1.7443
79.0000 1.7896
80.0000 1.8010
81.0000 1.7822
82.0000 1.7657
83.0000 1.6670
84.0000 1.5922
85.0000 1.5211
86.0000 1.5369
87.0000 1.6161
88.0000 1.5757
89.0000 1.5077
90.0000 1.4213
91.0000 1.5190
92.0000 1.6024
93.0000 1.6609
94.0000 1.5929
95.0000 1.6923
96.0000 1.7923
97.0000 1.8881
98.0000 1.9552
99.0000 2.0407
100.0000 2.1326
101.0000 2.0674
102.0000 2.0198
103.0000 1.9282
104.0000 1.8328
105.0000 1.7698
106.0000 1.7518
107.0000 1.7243
108.0000 1.7967
109.0000 1.8076
110.0000 1.8458
111.0000 1.8947
112.0000 1.9843
113.0000 2.0836
114.0000 2.1682
115.0000 2.2671
116.0000 2.3669
117.0000 2.4295
118.0000 2.4760
119.0000 2.4050
120.0000 2.3062
121.0000 2.3217
122.0000 2.2366
123.0000 2.3017
124.0000 2.3686
125.0000 2.4348
126.0000 2.4780
127.0000 2.4398
128.0000 2.4419
129.0000 2.4446
130.0000 2.5443
131.0000 2.6430
132.0000 2.6985
133.0000 2.7958
134.0000 2.8912
135.0000 2.8929
136.0000 2.9602
137.0000 3.0181
138.0000 3.0473
139.0000 3.0692
140.0000 3.1681
141.0000 3.2581
142.0000 3.3489
143.0000 3.4287
144.0000 3.3289
145.0000 3.2339
146.0000 3.1557
147.0000 3.0611
148.0000 3.0552
149.0000 3.0028
150.0000 2.9060
