1.0000 2.1413
2.0000 2.0459
3.0000 2.0447
4.0000 2.0071
5.0000 2.0245
6.0000 2.0525
7.0000 1.9978
8.0000 2.0259
9.0000 1.9307
10.0000 1.8379
11.0000 1.7380
12.0000 1.6638
13.0000 1.5794
14.0000 1.4820
15.0000 1.4151
16.0000 1.3271
17.0000 1.2360
18.0000 1.1380
19.0000 1.1226
20.0000 1.1392
21.0000 1.2213
22.0000 1.1852
23.0000 1.1177
24.0000 1.1372
25.0000 1.1093
26.0000 1.1253
27.0000 1.1072
28.0000 1.1504
29.0000 1.1903
30.0000 1.1743
31.0000 1.1954
32.0000 1.1366
33.0000 1.0469
34.0000 0.9636
35.0000 1.0524
36.0000 1.0880
37.0000 1.0678
38.0000 1.0765
39.0000 1.1549
40.0000 1.2349
41.0000 1.3303
42.0000 1.3708
43.0000 1.4489
44.0000 1.5419
45.0000 1.5620
46.0000 1.6165
47.0000 1.7072
48.0000 1.7701
49.0000 1.8610
50.0000 1.9438
51.0000 1.8913
52.0000 1.7991
53.0000 1.7184
54.0000 1.6417
55.0000 1.6731
56.0000 1.7461
57.0000 1.8420
58.0000 1.8509
59.0000 1.8800
60.0000 1.9000
61.0000 1.8991
62.0000 1.9733
63.0000 1.9124
64.0000 2.0069
65.0000 2.0619
66.0000 1.9849
67.0000 1.8864
68.0000 1.8258
69.0000 1.7309
70.0000 1.6350
71.0000 1.5385
72.0000 1.5249
73.0000 1.4991
74.0000 1.3994
75.0000 1.3250
76.0000 1.2767
77.0000 1.2359
78.0000 1.3155
79.0000 1.4154
80.0000 1.4344
81.0000 1.3875
82.0000 1.3728
83.0000 1.2983
84.0000 1.2051
85.0000 1.1055
86.0000 1.0178
87.0000 0.9206
88.0000 0.8525
89.0000 0.7610
90.0000 0.7119
91.0000 0.6266
92.0000 0.5269
93.0000 0.4319
94.0000 0.3339
95.0000 0.2389
96.0000 0.1499
97.0000 0.1878
98.0000 0.2773
99.0000 0.3594
100.0000 0.4589
101.0000 0.5230
102.0000 0.6230
103.0000 0.7214
104.0000 0.8142
105.0000 0.9084
106.0000 0.9640
107.0000 0.9618
108.0000 0.8624
109.0000 0.7835
110.0000 0.7281
111.0000 0.6671
112.0000 0.5961
113.0000 0.5144
114.0000 0.5615
115.0000 0.6585
116.0000 0.7568
117.0000 0.8567
118.0000 0.9118
119.0000 0.9965
120.0000 1.0535
121.0000 1.0529
122.0000 1.1404
123.0000 1.2371
124.0000 1.1841
125.0000 1.1019
126.0000 1.0305
127.0000 1.0514
128.0000 1.0193
129.0000 0.9476
130.0000 0.8477
131.0000 0.8097
132.0000 0.8793
133.0000 0.8983
134.0000 0.8756
135.0000 0.9388
136.0000 0.8884
137.0000 0.8708
138.0000 0.8692
139.0000 0.9637
140.0000 1.0637
141.0000 1.1518
142.0000 1.2518
143.0000 1.3415
144.0000 1.4415
145.0000 1.4994
146.0000 1.5753
147.0000 1.6164
148.0000 1.6539
149.0000 1.7539
150.0000 1.7607
