1.0000 2.1370
2.0000 2.0667
3.0000 1.9780
4.0000 1.8799
5.0000 1.9243
6.0000 1.9724
7.0000 1.9347
8.0000 1.8899
9.0000 1.9427
10.0000 1.9060
11.0000 1.8306
12.0000 1.7792
13.0000 1.7083
14.0000 1.6955
15.0000 1.6442
16.0000 1.5848
17.0000 1.5235
18.0000 1.4498
19.0000 1.3499
20.0000 1.3052
21.0000 1.3727
22.0000 1.4727
23.0000 1.5285
24.0000 1.6266
25.0000 1.7038
26.0000 1.7891
27.0000 1.8690
28.0000 1.9131
29.0000 1.9399
30.0000 1.9452
31.0000 2.0105
32.0000 2.1048
33.0000 2.1802
34.0000 2.1443
35.0000 2.0562
36.0000 1.9571
37.0000 1.9111
38.0000 1.9554
39.0000 1.9542
40.0000 1.9004
41.0000 1.9922
42.0000 2.0814
43.0000 2.1283
44.0000 2.1088
45.0000 2.1391
46.0000 2.0392
47.0000 1.9413
48.0000 1.8438
49.0000 1.7508
50.0000 1.7010
51.0000 1.6795
52.0000 1.5810
53.0000 1.4982
54.0000 1.4487
55.0000 1.5272
56.0000 1.6258
57.0000 1.6998
58.0000 1.7955
59.0000 1.8354
60.0000 1.9346
61.0000 1.9168
62.0000 1.8185
63.0000 1.7284
64.0000 1.6385
65.0000 1.5551
66.0000 1.4551
67.0000 1.4166
68.0000 1.4829
69.0000 1.3886
70.0000 1.2895
71.0000 1.2607
72.0000 1.2014
73.0000 1.1579
74.0000 1.2424
75.0000 1.2003
76.0000 1.1029
77.0000 1.0272
78.0000 0.9299
79.0000 1.0277
80.0000 1.0068
81.0000 0.9267
82.0000 0.9329
83.0000 0.9598
84.0000 1.0493
85.0000 1.1083
86.0000 1.2032
87.0000 1.2919
88.0000 1.3566
89.0000 1.4279
90.0000 1.4454
91.0000 1.3697
92.0000 1.3107
93.0000 1.3440
94.0000 1.4383
95.0000 1.4747
96.0000 1.4987
97.0000 1.5972
98.0000 1.6826
99.0000 1.7806
100.0000 1.8802
101.0000 1.7827
102.0000 1.6847
103.0000 1.5933
104.0000 1.5307
105.0000 1.5428
106.0000 1.6243
107.0000 1.7222
108.0000 1.8220
109.0000 1.8653
110.0000 1.9556
111.0000 2.0256
112.0000 2.0374
113.0000 2.0240
114.0000 2.0563
115.0000 2.0741
116.0000 2.1514
117.0000 2.2319
118.0000 2.3135
119.0000 2.2846
120.0000 2.3150
121.0000 2.3658
122.0000 2.4304
123.0000 2.5023
124.0000 2.4207
125.0000 2.4477
126.0000 2.4509
127.0000 2.3695
128.0000 2.2846
129.0000 2.1979
130.0000 2.1089
131.0000 2.0315
132.0000 1.9460
133.0000 1.9140
134.0000 1.8573
135.0000 1.8121
136.0000 1.8110
137.0000 1.7370
138.0000 1.7413
139.0000 1.8048
140.0000 1.7483
141.0000 1.6485
142.0000 1.5808
143.0000 1.4819
144.0000 1.4043
145.0000 1.4469
146.0000 1.5376
147.0000 1.6016
148.0000 1.6092
149.0000 1.5094
150.0000 1.4119
