1.0000 2.1455
2.0000 2.1002
3.0000 2.0076
4.0000 1.9076
5.0000 1.9435
6.0000 2.0344
7.0000 2.1332
8.0000 2.1902
9.0000 2.1448
10.0000 2.0894
11.0000 2.1484
12.0000 2.1565
13.0000 2.2227
14.0000 2.3227
15.0000 2.4215
16.0000 2.4310
17.0000 2.3639
18.0000 2.2653
19.0000 2.1809
20.0000 2.0900
21.0000 2.0012
22.0000 1.9016
23.0000 1.9174
24.0000 1.9458
25.0000 1.9040
26.0000 1.9981
27.0000 2.0537
28.0000 2.1531
29.0000 2.2235
30.0000 2.1619
31.0000 2.0778
32.0000 2.0305
33.0000 2.0512
34.0000 2.0700
35.0000 2.0734
36.0000 1.9788
37.0000 1.9750
38.0000 1.9089
39.0000 1.8563
40.0000 1.7984
41.0000 1.7901
42.0000 1.7282
43.0000 1.7059
44.0000 1.6272
45.0000 1.6396
46.0000 1.7042
47.0000 1.7315
48.0000 1.7516
49.0000 1.7356
50.0000 1.6425
51.0000 1.5565
52.0000 1.4659
53.0000 1.3667
54.0000 1.2700
55.0000 1.2221
56.0000 1.3104
57.0000 1.3607
58.0000 1.4144
59.0000 1.4557
60.0000 1.4552
61.0000 1.4264
62.0000 1.3528
63.0000 1.2634
64.0000 1.2137
65.0000 1.1152
66.0000 1.0776
67.0000 1.0087
68.0000 1.1064
69.0000 1.1856
70.0000 1.2775
71.0000 1.3745
72.0000 1.3610
73.0000 1.4153
74.0000 1.3812
75.0000 1.3119
76.0000 1.3858
77.0000 1.4856
78.0000 1.5836
79.0000 1.5624
80.0000 1.5375
81.0000 1.4941
82.0000 1.4304
83.0000 1.3350
84.0000 1.3425
85.0000 1.3747
86.0000 1.4644
87.0000 1.5637
88.0000 1.6157
89.0000 1.6750
90.0000 1.7083
91.0000 1.6203
92.0000 1.5797
93.0000 1.5920
94.0000 1.6912
95.0000 1.7911
96.0000 1.8413
97.0000 1.9385
98.0000 2.0330
99.0000 2.0913
100.0000 2.1855
101.0000 2.2828
102.0000 2.3717
103.0000 2.4566
104.0000 2.5566
105.0000 2.5482
106.0000 2.6242
107.0000 2.6297
108.0000 2.5945
109.0000 2.4952
110.0000 2.5262
111.0000 2.6107
112.0000 2.6811
113.0000 2.6878
114.0000 2.6447
115.0000 2.6232
116.0000 2.5680
117.0000 2.5391
118.0000 2.5767
119.0000 2.5123
120.0000 2.4192
121.0000 2.3354
122.0000 2.2831
123.0000 2.3231
124.0000 2.3630
125.0000 2.4557
126.0000 2.5552
127.0000 2.6024
128.0000 2.6501
129.0000 2.6797
130.0000 2.5825
131.0000 2.4936
132.0000 2.3938
133.0000 2.3314
134.0000 2.2324
135.0000 2.1393
136.0000 2.0506
137.0000 1.9985
138.0000 2.0529
139.0000 2.1375
140.0000 2.2220
141.0000 2.2036
142.0000 2.1430
143.0000 2.0485
144.0000 1.9759
145.0000 1.9960
146.0000 2.0522
147.0000 2.0748
148.0000 2.0254
149.0000 2.1079
150.0000 2.2057
