1.0000 2.1517
2.0000 2.0556
3.0000 1.9566
4.0000 1.8584
5.0000 1.7931
6.0000 1.8153
7.0000 1.8715
8.0000 1.9549
9.0000 2.0513
10.0000 2.0775
11.0000 1.9886
12.0000 1.9654
13.0000 2.0359
14.0000 2.0055
15.0000 1.9090
16.0000 1.8114
17.0000 1.7140
18.0000 1.6217
19.0000 1.5671
20.0000 1.5456
21.0000 1.6374
22.0000 1.7142
23.0000 1.6635
24.0000 1.5746
25.0000 1.4749
26.0000 1.4226
27.0000 1.3373
28.0000 1.4370
29.0000 1.5357
30.0000 1.6357
31.0000 1.6360
32.0000 1.5699
33.0000 1.5098
34.0000 1.4177
35.0000 1.3191
36.0000 1.2192
37.0000 1.1792
38.0000 1.0968
39.0000 1.0100
40.0000 0.9615
41.0000 0.8677
42.0000 0.8078
43.0000 0.7314
44.0000 0.7271
45.0000 0.7494
46.0000 0.8474
47.0000 0.9216
48.0000 1.0213
49.0000 0.9710
50.0000 0.8727
51.0000 0.7755
52.0000 0.7099
53.0000 0.6127
54.0000 0.5182
55.0000 0.4185
56.0000 0.3480
57.0000 0.3887
58.0000 0.3492
59.0000 0.3588
60.0000 0.4408
61.0000 0.5188
62.0000 0.5606
63.0000 0.6598
64.0000 0.6758
65.0000 0.6451
66.0000 0.5635
67.0000 0.4672
68.0000 0.4422
69.0000 0.4805
70.0000 0.5796
71.0000 0.6010
72.0000 0.6274
73.0000 0.6978
74.0000 0.7962
75.0000 0.8823
76.0000 0.9812
77.0000 1.0812
78.0000 1.1499
79.0000 1.1058
80.0000 1.0313
81.0000 0.9804
82.0000 0.8807
83.0000 0.8216
84.0000 0.7537
85.0000 0.7050
86.0000 0.7407
87.0000 0.8162
88.0000 0.8924
89.0000 0.8607
90.0000 0.9376
91.0000 0.9205
92.0000 0.9287
93.0000 0.9127
94.0000 0.8805
95.0000 0.8331
96.0000 0.7821
97.0000 0.7188
98.0000 0.6303
99.0000 0.5388
100.0000 0.5092
101.0000 0.5014
102.0000 0.4859
103.0000 0.3916
104.0000 0.3876
105.0000 0.4360
106.0000 0.3852
107.0000 0.2864
108.0000 0.1940
109.0000 0.1573
110.0000 0.0901
111.0000 0.0689
112.0000 0.1512
113.0000 0.2478
114.0000 0.3375
115.0000 0.4349
116.0000 0.5348
117.0000 0.6202
118.0000 0.5716
119.0000 0.4808
120.0000 0.4490
121.0000 0.5140
122.0000 0.4728
123.0000 0.5305
124.0000 0.6061
125.0000 0.6948
126.0000 0.7933
127.0000 0.8839
128.0000 0.9820
129.0000 1.0384
130.0000 1.1292
131.0000 1.1037
132.0000 1.1590
133.0000 1.1918
134.0000 1.2123
135.0000 1.1812
136.0000 1.0847
137.0000 1.0255
138.0000 0.9298
139.0000 0.8302
140.0000 0.7698
141.0000 0.6699
142.0000 0.5701
143.0000 0.6475
144.0000 0.7473
145.0000 0.6912
146.0000 0.6340
147.0000 0.6266
148.0000 0.5268
149.0000 0.5001
150.0000 0.5955
