1.0000 2.1418
2.0000 2.0418
3.0000 1.9697
4.0000 1.8700
5.0000 1.8363
6.0000 1.8888
7.0000 1.9415
8.0000 1.9373
9.0000 1.9022
10.0000 1.8026
11.0000 1.7339
12.0000 1.6701
13.0000 1.5750
14.0000 1.5155
15.0000 1.4428
16.0000 1.3589
17.0000 1.3636
18.0000 1.4193
19.0000 1.4266
20.0000 1.5129
21.0000 1.6033
22.0000 1.6913
23.0000 1.7739
24.0000 1.8686
25.0000 1.9652
26.0000 1.9141
27.0000 1.8306
28.0000 1.8873
29.0000 1.9851
30.0000 1.9449
31.0000 1.9865
32.0000 1.9849
33.0000 2.0771
34.0000 2.1582
35.0000 2.2577
36.0000 2.3030
37.0000 2.3936
38.0000 2.3776
39.0000 2.3096
40.0000 2.2865
41.0000 2.2823
42.0000 2.1955
43.0000 2.2355
44.0000 2.3339
45.0000 2.4256
46.0000 2.4895
47.0000 2.5027
48.0000 2.4985
49.0000 2.4466
50.0000 2.3466
51.0000 2.2689
52.0000 2.1714
53.0000 2.0798
54.0000 2.0119
55.0000 1.9129
56.0000 1.8199
57.0000 1.7200
58.0000 1.7007
59.0000 1.6225
60.0000 1.5469
61.0000 1.5298
62.0000 1.5789
63.0000 1.6650
64.0000 1.7427
65.0000 1.7933
66.0000 1.8888
67.0000 1.9581
68.0000 2.0315
69.0000 2.1011
70.0000 2.0155
71.0000 2.0618
72.0000 1.9832
73.0000 1.8976
74.0000 1.8027
75.0000 1.7873
76.0000 1.8354
77.0000 1.9352
78.0000 2.0174
79.0000 2.1146
80.0000 2.1711
81.0000 2.1692
82.0000 2.2457
83.0000 2.2710
84.0000 2.2686
85.0000 2.3462
86.0000 2.4120
87.0000 2.3487
88.0000 2.2876
89.0000 2.2362
90.0000 2.2563
91.0000 2.2044
92.0000 2.1046
93.0000 2.0052
94.0000 1.9182
95.0000 1.8709
96.0000 1.8448
97.0000 1.9017
98.0000 1.9180
99.0000 1.9183
100.0000 1.9517
101.0000 1.9524
102.0000 1.9812
103.0000 1.8865
104.0000 1.7883
105.0000 1.6919
106.0000 1.6101
107.0000 1.5169
108.0000 1.4300
109.0000 1.3313
110.0000 1.2697
111.0000 1.1701
112.0000 1.0732
113.0000 0.9780
114.0000 0.9410
115.0000 0.8860
116.0000 0.7881
117.0000 0.6881
118.0000 0.6027
119.0000 0.5467
120.0000 0.4618
121.0000 0.4247
122.0000 0.4060
123.0000 0.3448
124.0000 0.3745
125.0000 0.3104
126.0000 0.2379
127.0000 0.2402
128.0000 0.3337
129.0000 0.4216
130.0000 0.4865
131.0000 0.4920
132.0000 0.3986
133.0000 0.3218
134.0000 0.2227
135.0000 0.1241
136.0000 0.0482
137.0000 0.0518
138.0000 0.1255
139.0000 0.2211
140.0000 0.3208
141.0000 0.3460
142.0000 0.4330
143.0000 0.5224
144.0000 0.6189
145.0000 0.7185
146.0000 0.8177
147.0000 0.8888
148.0000 0.9882
149.0000 1.0550
150.0000 1.1540
