1.0000 2.1976
2.0000 2.0987
3.0000 2.0674
4.0000 1.9842
5.0000 2.0250
6.0000 2.0889
7.0000 2.1817
8.0000 2.2039
9.0000 2.2756
10.0000 2.2904
11.0000 2.2040
12.0000 2.1423
13.0000 2.0486
14.0000 1.9493
15.0000 1.8806
16.0000 1.7824
17.0000 1.7162
18.0000 1.6669
19.0000 1.7019
20.0000 1.7988
21.0000 1.8708
22.0000 1.9176
23.0000 1.9606
24.0000 1.9433
25.0000 1.9634
26.0000 2.0569
27.0000 2.1306
28.0000 2.1552
29.0000 2.1214
30.0000 2.0734
31.0000 2.1191
32.0000 2.2066
33.0000 2.2033
34.0000 2.1296
35.0000 2.0328
36.0000 1.9447
37.0000 1.8799
38.0000 1.8474
39.0000 1.7907
40.0000 1.7356
41.0000 1.6570
42.0000 1.5636
43.0000 1.4667
44.0000 1.3755
45.0000 1.2921
46.0000 1.2411
47.0000 1.2459
48.0000 1.1744
49.0000 1.1826
50.0000 1.1352
51.0000 1.1847
52.0000 1.2363
53.0000 1.3152
54.0000 1.4149
55.0000 1.5033
56.0000 1.4859
57.0000 1.4719
58.0000 1.3721
59.0000 1.4055
60.0000 1.4472
61.0000 1.4502
62.0000 1.4274
63.0000 1.3403
64.0000 1.2685
65.0000 1.1699
66.0000 1.1664
67.0000 1.0668
68.0000 0.9701
69.0000 0.8701
70.0000 0.7708
71.0000 0.6715
72.0000 0.6136
73.0000 0.5138
74.0000 0.4173
75.0000 0.3175
76.0000 0.2878
77.0000 0.2972
78.0000 0.2691
79.0000 0.2435
80.0000 0.2358
81.0000 0.2692
82.0000 0.3275
83.0000 0.4275
84.0000 0.5190
85.0000 0.5883
86.0000 0.5000
87.0000 0.4011
88.0000 0.3128
89.0000 0.2142
90.0000 0.1309
91.0000 0.1030
92.0000 0.1138
93.0000 0.2078
94.0000 0.2625
95.0000 0.3396
96.0000 0.4200
97.0000 0.4393
98.0000 0.4544
99.0000 0.4789
100.0000 0.5362
101.0000 0.6271
102.0000 0.7232
103.0000 0.8231
104.0000 0.9186
105.0000 0.9934
106.0000 1.0372
107.0000 1.0741
108.0000 1.0751
109.0000 1.0908
110.0000 0.9970
111.0000 0.9114
112.0000 0.8498
113.0000 0.7504
114.0000 0.6761
115.0000 0.6759
116.0000 0.6572
117.0000 0.6354
118.0000 0.7115
119.0000 0.8111
120.0000 0.9002
121.0000 0.8261
122.0000 0.7414
123.0000 0.7646
124.0000 0.6963
125.0000 0.5982
126.0000 0.5012
127.0000 0.4041
128.0000 0.3142
129.0000 0.2574
130.0000 0.3527
131.0000 0.3403
132.0000 0.2620
133.0000 0.2066
134.0000 0.2315
135.0000 0.2707
136.0000 0.1851
137.0000 0.2819
138.0000 0.3362
139.0000 0.4019
140.0000 0.4920
141.0000 0.4664
142.0000 0.3674
143.0000 0.3468
144.0000 0.3182
145.0000 0.3647
146.0000 0.2970
147.0000 0.2915
148.0000 0.3615
149.0000 0.4434
150.0000 0.4566
