1.0000 2.1678
2.0000 2.1610
3.0000 2.1654
4.0000 2.0872
5.0000 2.0752
6.0000 2.0240
7.0000 2.1237
8.0000 2.2057
9.0000 2.2695
10.0000 2.2439
11.0000 2.1859
12.0000 2.2361
13.0000 2.2736
14.0000 2.3577
15.0000 2.4087
16.0000 2.4627
17.0000 2.5627
18.0000 2.6617
19.0000 2.7585
20.0000 2.8174
21.0000 2.7414
22.0000 2.6416
23.0000 2.5789
24.0000 2.4943
25.0000 2.4011
26.0000 2.3265
27.0000 2.3491
28.0000 2.3978
29.0000 2.4533
30.0000 2.5355
31.0000 2.5765
32.0000 2.5439
33.0000 2.5740
34.0000 2.6470
35.0000 2.6251
36.0000 2.5606
37.0000 2.6597
38.0000 2.5841
39.0000 2.5734
40.0000 2.4871
41.0000 2.3916
42.0000 2.2956
43.0000 2.2947
44.0000 2.3694
45.0000 2.4151
46.0000 2.4349
47.0000 2.3772
48.0000 2.4608
49.0000 2.5478
50.0000 2.6372
51.0000 2.6810
52.0000 2.7744
53.0000 2.8720
54.0000 2.8070
55.0000 2.8378
56.0000 2.7693
57.0000 2.7194
58.0000 2.6498
59.0000 2.5510
60.0000 2.4746
61.0000 2.4521
62.0000 2.5519
63.0000 2.6501
64.0000 2.7381
65.0000 2.8284
66.0000 2.8346
67.0000 2.7368
68.0000 2.6423
69.0000 2.6170
70.0000 2.5995
71.0000 2.5993
72.0000 2.5726
73.0000 2.4915
74.0000 2.4430
75.0000 2.3886
76.0000 2.3252
77.0000 2.4240
78.0000 2.5213
79.0000 2.5147
80.0000 2.5849
81.0000 2.6098
82.0000 2.5860
83.0000 2.5254
84.0000 2.4327
85.0000 2.3514
86.0000 2.2813
87.0000 2.3798
88.0000 2.3809
89.0000 2.3035
90.0000 2.2226
91.0000 2.1240
92.0000 2.0395
93.0000 1.9398
94.0000 1.9247
95.0000 1.8853
96.0000 1.9092
97.0000 1.8310
98.0000 1.7459
99.0000 1.6929
100.0000 1.6572
101.0000 1.5773
102.0000 1.5251
103.0000 1.4441
104.0000 1.3644
105.0000 1.2821
106.0000 1.1831
107.0000 1.2179
108.0000 1.2519
109.0000 1.2865
110.0000 1.2405
111.0000 1.3160
112.0000 1.3800
113.0000 1.4342
114.0000 1.5125
115.0000 1.6121
116.0000 1.6233
117.0000 1.7222
118.0000 1.8122
119.0000 1.9122
120.0000 1.9592
121.0000 1.9141
122.0000 1.8509
123.0000 1.7824
124.0000 1.7344
125.0000 1.6501
126.0000 1.5797
127.0000 1.6027
128.0000 1.5694
129.0000 1.5257
130.0000 1.5854
131.0000 1.6819
132.0000 1.6744
133.0000 1.5957
134.0000 1.5168
135.0000 1.4387
136.0000 1.3459
137.0000 1.2681
138.0000 1.2908
139.0000 1.3868
140.0000 1.4131
141.0000 1.4095
142.0000 1.3237
143.0000 1.2450
144.0000 1.2755
145.0000 1.2839
146.0000 1.2820
147.0000 1.3191
148.0000 1.4179
149.0000 1.4510
150.0000 1.5232
