1.0000 2.1375
2.0000 2.0507
3.0000 1.9746
4.0000 2.0027
5.0000 1.9041
6.0000 1.9327
7.0000 1.8865
8.0000 1.7868
9.0000 1.7266
10.0000 1.7112
11.0000 1.6185
12.0000 1.5273
13.0000 1.4273
14.0000 1.3282
15.0000 1.3079
16.0000 1.3229
17.0000 1.4129
18.0000 1.4748
19.0000 1.4801
20.0000 1.4550
21.0000 1.4657
22.0000 1.5651
23.0000 1.6336
24.0000 1.6387
25.0000 1.5432
26.0000 1.4865
27.0000 1.5047
28.0000 1.6047
29.0000 1.6755
30.0000 1.7163
31.0000 1.6371
32.0000 1.5381
33.0000 1.4854
34.0000 1.3877
35.0000 1.3464
36.0000 1.2944
37.0000 1.2161
38.0000 1.1401
39.0000 1.1089
40.0000 1.1216
41.0000 1.2173
42.0000 1.3128
43.0000 1.3540
44.0000 1.3448
45.0000 1.3596
46.0000 1.2635
47.0000 1.2620
48.0000 1.3032
49.0000 1.4032
50.0000 1.4968
51.0000 1.5831
52.0000 1.6572
53.0000 1.7502
54.0000 1.8337
55.0000 1.8645
56.0000 1.8722
57.0000 1.8261
58.0000 1.9086
59.0000 1.9568
60.0000 2.0140
61.0000 2.1098
62.0000 2.0298
63.0000 1.9354
64.0000 1.9305
65.0000 2.0199
66.0000 2.0192
67.0000 1.9222
68.0000 1.8387
69.0000 1.7467
70.0000 1.6467
71.0000 1.5468
72.0000 1.5863
73.0000 1.6156
74.0000 1.6909
75.0000 1.7081
76.0000 1.7160
77.0000 1.7536
78.0000 1.7377
79.0000 1.6461
80.0000 1.5520
81.0000 1.5595
82.0000 1.4673
83.0000 1.3844
84.0000 1.2869
85.0000 1.2145
86.0000 1.2515
87.0000 1.3358
88.0000 1.4357
89.0000 1.4593
90.0000 1.5202
91.0000 1.5673
92.0000 1.6469
93.0000 1.7426
94.0000 1.8178
95.0000 1.9129
96.0000 1.8413
97.0000 1.8893
98.0000 1.9528
99.0000 1.9303
100.0000 1.9781
101.0000 1.9803
102.0000 1.8844
103.0000 1.7860
104.0000 1.6867
105.0000 1.5867
106.0000 1.4884
107.0000 1.5421
108.0000 1.6326
109.0000 1.6751
110.0000 1.7729
111.0000 1.8616
112.0000 1.9579
113.0000 1.9846
114.0000 2.0059
115.0000 1.9545
116.0000 1.9523
117.0000 1.9068
118.0000 1.9033
119.0000 1.9989
120.0000 1.9717
121.0000 1.8936
122.0000 1.8578
123.0000 1.8385
124.0000 1.7437
125.0000 1.6446
126.0000 1.5884
127.0000 1.6717
128.0000 1.7438
129.0000 1.8310
130.0000 1.9268
131.0000 1.8938
132.0000 1.8766
133.0000 1.9644
134.0000 2.0184
135.0000 2.0043
136.0000 1.9325
137.0000 1.8538
138.0000 1.7665
139.0000 1.6688
140.0000 1.6123
141.0000 1.5418
142.0000 1.4432
143.0000 1.3484
144.0000 1.2837
145.0000 1.2293
146.0000 1.2529
147.0000 1.3332
148.0000 1.4131
149.0000 1.5130
150.0000 1.5929
