1.0000 2.1581
2.0000 2.1416
3.0000 2.0753
4.0000 2.0925
5.0000 2.1922
6.0000 2.2153
7.0000 2.1977
8.0000 2.1498
9.0000 2.0568
10.0000 2.0737
11.0000 2.1338
12.0000 2.0996
13.0000 2.1919
14.0000 2.2221
15.0000 2.2469
16.0000 2.1974
17.0000 2.2066
18.0000 2.3049
19.0000 2.3844
20.0000 2.4842
21.0000 2.5506
22.0000 2.6153
23.0000 2.5773
24.0000 2.6705
25.0000 2.7598
26.0000 2.6997
27.0000 2.7246
28.0000 2.6328
29.0000 2.5333
30.0000 2.4551
31.0000 2.5168
32.0000 2.6123
33.0000 2.5800
34.0000 2.5599
35.0000 2.4869
36.0000 2.4382
37.0000 2.4338
38.0000 2.3553
39.0000 2.3437
40.0000 2.3410
41.0000 2.3290
42.0000 2.2996
43.0000 2.3051
44.0000 2.3438
45.0000 2.4122
46.0000 2.3210
47.0000 2.2606
48.0000 2.2424
49.0000 2.1447
50.0000 2.2192
51.0000 2.2884
52.0000 2.3633
53.0000 2.3100
54.0000 2.2140
55.0000 2.1817
56.0000 2.1868
57.0000 2.0955
58.0000 1.9995
59.0000 1.8996
60.0000 1.8034
61.0000 1.7059
62.0000 1.6059
63.0000 1.5276
64.0000 1.4784
65.0000 1.5187
66.0000 1.5635
67.0000 1.4721
68.0000 1.3723
69.0000 1.2744
70.0000 1.1918
71.0000 1.1381
72.0000 1.1699
73.0000 1.2281
74.0000 1.2683
75.0000 1.3587
76.0000 1.4330
77.0000 1.5184
78.0000 1.6184
79.0000 1.6285
80.0000 1.5493
81.0000 1.4493
82.0000 1.3895
83.0000 1.2911
84.0000 1.2061
85.0000 1.1501
86.0000 1.0585
87.0000 1.0142
88.0000 1.0245
89.0000 0.9506
90.0000 0.9973
91.0000 1.0971
92.0000 1.1970
93.0000 1.2606
94.0000 1.3267
95.0000 1.4222
96.0000 1.5221
97.0000 1.5946
98.0000 1.5181
99.0000 1.4230
100.0000 1.4224
101.0000 1.4029
102.0000 1.3150
103.0000 1.3856
104.0000 1.4371
105.0000 1.4990
106.0000 1.5375
107.0000 1.6372
108.0000 1.7210
109.0000 1.8021
110.0000 1.8645
111.0000 1.8588
112.0000 1.9174
113.0000 1.9500
114.0000 1.9329
115.0000 2.0135
116.0000 2.1025
117.0000 2.1988
118.0000 2.2516
119.0000 2.2798
120.0000 2.3444
121.0000 2.3712
122.0000 2.4288
123.0000 2.4569
124.0000 2.4473
125.0000 2.5018
126.0000 2.4864
127.0000 2.5178
128.0000 2.4651
129.0000 2.3661
130.0000 2.3631
131.0000 2.3939
132.0000 2.4586
133.0000 2.4540
134.0000 2.3573
135.0000 2.3100
136.0000 2.2104
137.0000 2.1214
138.0000 2.0551
139.0000 1.9933
140.0000 2.0205
141.0000 2.1199
142.0000 2.1760
143.0000 2.1820
144.0000 2.2080
145.0000 2.3057
146.0000 2.3500
147.0000 2.4135
148.0000 2.4605
149.0000 2.3605
150.0000 2.2644
