1.0000 2.1370
2.0000 2.0370
3.0000 1.9370
4.0000 1.9529
5.0000 1.9616
6.0000 2.0315
7.0000 2.0982
8.0000 2.0660
9.0000 2.0000
10.0000 2.0613
11.0000 2.1610
12.0000 2.1852
13.0000 2.1357
14.0000 2.1374
15.0000 2.0407
16.0000 1.9475
17.0000 1.8663
18.0000 1.8125
19.0000 1.8886
20.0000 1.8514
21.0000 1.7585
22.0000 1.7123
23.0000 1.7359
24.0000 1.8256
25.0000 1.8865
26.0000 1.9784
27.0000 2.0688
28.0000 2.1681
29.0000 2.0785
30.0000 1.9828
31.0000 1.9323
32.0000 1.8616
33.0000 1.8460
34.0000 1.7484
35.0000 1.6485
36.0000 1.5492
37.0000 1.4509
38.0000 1.3574
39.0000 1.3823
40.0000 1.3849
41.0000 1.4791
42.0000 1.5548
43.0000 1.5608
44.0000 1.5995
45.0000 1.6933
46.0000 1.7865
47.0000 1.8313
48.0000 1.7951
49.0000 1.7880
50.0000 1.8037
51.0000 1.7473
52.0000 1.8123
53.0000 1.8825
54.0000 1.9142
55.0000 2.0065
56.0000 2.0934
57.0000 2.0422
58.0000 2.0822
59.0000 2.1552
60.0000 2.1858
61.0000 2.2851
62.0000 2.3610
63.0000 2.4202
64.0000 2.5198
65.0000 2.5247
66.0000 2.4904
67.0000 2.5590
68.0000 2.4593
69.0000 2.3646
70.0000 2.3167
71.0000 2.2732
72.0000 2.2645
73.0000 2.3357
74.0000 2.3166
75.0000 2.2527
76.0000 2.1709
77.0000 2.0777
78.0000 2.0014
79.0000 2.0129
80.0000 1.9197
81.0000 1.8280
82.0000 1.8987
83.0000 1.8819
84.0000 1.8310
85.0000 1.9279
86.0000 2.0125
87.0000 2.1015
88.0000 2.1904
89.0000 2.2831
90.0000 2.2838
91.0000 2.1965
92.0000 2.0972
93.0000 2.0035
94.0000 1.9035
95.0000 1.9604
96.0000 1.9275
97.0000 1.9742
98.0000 1.9263
99.0000 2.0148
100.0000 2.1142
101.0000 2.1862
102.0000 2.2831
103.0000 2.3064
104.0000 2.2548
105.0000 2.3245
106.0000 2.4245
107.0000 2.4431
108.0000 2.4810
109.0000 2.5048
110.0000 2.5622
111.0000 2.4904
112.0000 2.4315
113.0000 2.3616
114.0000 2.2657
115.0000 2.1677
116.0000 2.1175
117.0000 2.1080
118.0000 2.1833
119.0000 2.2527
120.0000 2.3479
121.0000 2.4263
122.0000 2.5238
123.0000 2.5761
124.0000 2.6761
125.0000 2.6691
126.0000 2.7255
127.0000 2.8141
128.0000 2.7307
129.0000 2.6307
130.0000 2.5317
131.0000 2.4319
132.0000 2.3340
133.0000 2.2404
134.0000 2.2912
135.0000 2.3908
136.0000 2.4825
137.0000 2.5648
138.0000 2.6395
139.0000 2.6118
140.0000 2.5365
141.0000 2.5284
142.0000 2.4491
143.0000 2.3498
144.0000 2.3928
145.0000 2.4588
146.0000 2.4959
147.0000 2.3960
148.0000 2.3493
149.0000 2.3138
150.0000 2.2357
