1.0000 2.1814
2.0000 2.2786
3.0000 2.2457
4.0000 2.1589
5.0000 2.0589
6.0000 2.0253
7.0000 2.0015
8.0000 2.0402
9.0000 1.9552
10.0000 1.9267
11.0000 1.8309
12.0000 1.7643
13.0000 1.6914
14.0000 1.6814
15.0000 1.6212
16.0000 1.6515
17.0000 1.7184
18.0000 1.6413
19.0000 1.5850
20.0000 1.5020
21.0000 1.4582
22.0000 1.5098
23.0000 1.6046
24.0000 1.7044
25.0000 1.7603
26.0000 1.8204
27.0000 1.9092
28.0000 1.9858
29.0000 1.9472
30.0000 1.8531
31.0000 1.7671
32.0000 1.7129
33.0000 1.7277
34.0000 1.6927
35.0000 1.5932
36.0000 1.4932
37.0000 1.3971
38.0000 1.3823
39.0000 1.3209
40.0000 1.2674
41.0000 1.2673
42.0000 1.3418
43.0000 1.4411
44.0000 1.5380
45.0000 1.5738
46.0000 1.5572
47.0000 1.6143
48.0000 1.5669
49.0000 1.5417
50.0000 1.4674
51.0000 1.3757
52.0000 1.3130
53.0000 1.3264
54.0000 1.2433
55.0000 1.2331
56.0000 1.1427
57.0000 1.0427
58.0000 0.9465
59.0000 0.8829
60.0000 0.8733
61.0000 0.9708
62.0000 1.0619
63.0000 1.1487
64.0000 1.1336
65.0000 1.1928
66.0000 1.2852
67.0000 1.3821
68.0000 1.4690
69.0000 1.5689
70.0000 1.6656
71.0000 1.7655
72.0000 1.7626
73.0000 1.8112
74.0000 1.8107
75.0000 1.9007
76.0000 1.9845
77.0000 1.9420
78.0000 1.8513
79.0000 1.7862
80.0000 1.7331
81.0000 1.6836
82.0000 1.5870
83.0000 1.4960
84.0000 1.4436
85.0000 1.5406
86.0000 1.5465
87.0000 1.5911
88.0000 1.6070
89.0000 1.6745
90.0000 1.6820
91.0000 1.7679
92.0000 1.8418
93.0000 1.8985
94.0000 1.9418
95.0000 2.0293
96.0000 1.9969
97.0000 1.9040
98.0000 1.9968
99.0000 1.9186
100.0000 1.9068
101.0000 1.8387
102.0000 1.7412
103.0000 1.6514
104.0000 1.5562
105.0000 1.4625
106.0000 1.3965
107.0000 1.4359
108.0000 1.5236
109.0000 1.6088
110.0000 1.7063
111.0000 1.7918
112.0000 1.8911
113.0000 1.9004
114.0000 1.9854
115.0000 2.0113
116.0000 2.0040
117.0000 1.9183
118.0000 1.8745
119.0000 1.7932
120.0000 1.7081
121.0000 1.7378
122.0000 1.7142
123.0000 1.6799
124.0000 1.6942
125.0000 1.7560
126.0000 1.8344
127.0000 1.9196
128.0000 2.0079
129.0000 2.1055
130.0000 2.1838
131.0000 2.2398
132.0000 2.3243
133.0000 2.3856
134.0000 2.4686
135.0000 2.3871
136.0000 2.2959
137.0000 2.2494
138.0000 2.1621
139.0000 2.0744
140.0000 2.0292
141.0000 2.0800
142.0000 2.1775
143.0000 2.2470
144.0000 2.1474
145.0000 2.1841
146.0000 2.1132
147.0000 2.0132
148.0000 1.9135
149.0000 1.8253
150.0000 1.9232
