1.0000 2.2633
2.0000 2.2865
3.0000 2.3664
4.0000 2.4000
5.0000 2.3005
6.0000 2.3189
7.0000 2.3329
8.0000 2.4003
9.0000 2.3873
10.0000 2.3171
11.0000 2.2829
12.0000 2.2447
13.0000 2.2359
14.0000 2.2831
15.0000 2.3219
16.0000 2.2251
17.0000 2.1506
18.0000 2.1113
19.0000 2.0150
20.0000 2.0201
21.0000 2.1096
22.0000 2.2092
23.0000 2.3066
24.0000 2.3836
25.0000 2.4443
26.0000 2.4517
27.0000 2.4564
28.0000 2.5096
29.0000 2.6036
30.0000 2.6339
31.0000 2.7190
32.0000 2.7642
33.0000 2.8273
34.0000 2.8167
35.0000 2.7447
36.0000 2.6595
37.0000 2.5595
38.0000 2.5070
39.0000 2.4080
40.0000 2.3275
41.0000 2.2960
42.0000 2.1961
43.0000 2.1049
44.0000 2.0538
45.0000 1.9843
46.0000 1.8849
47.0000 1.8116
48.0000 1.7124
49.0000 1.6236
50.0000 1.5236
51.0000 1.4359
52.0000 1.3445
53.0000 1.3745
54.0000 1.4606
55.0000 1.5537
56.0000 1.6404
57.0000 1.7295
58.0000 1.8287
59.0000 1.9286
60.0000 2.0282
61.0000 2.1170
62.0000 2.1329
63.0000 2.1946
64.0000 2.1401
65.0000 2.1157
66.0000 2.0157
67.0000 1.9790
68.0000 2.0597
69.0000 2.1071
70.0000 2.2065
71.0000 2.2899
72.0000 2.1900
73.0000 2.1277
74.0000 2.0964
75.0000 2.0586
76.0000 2.0214
77.0000 2.0903
78.0000 2.1652
79.0000 2.2332
80.0000 2.2186
81.0000 2.1292
82.0000 2.0293
83.0000 2.0821
84.0000 2.1580
85.0000 2.2529
86.0000 2.3264
87.0000 2.4220
88.0000 2.5051
89.0000 2.5949
90.0000 2.6634
91.0000 2.7633
92.0000 2.7990
93.0000 2.7865
94.0000 2.6903
95.0000 2.6170
96.0000 2.6226
97.0000 2.6452
98.0000 2.7209
99.0000 2.7909
100.0000 2.8796
101.0000 2.8927
102.0000 2.8460
103.0000 2.7460
104.0000 2.6904
105.0000 2.6926
106.0000 2.5926
107.0000 2.5702
108.0000 2.5041
109.0000 2.4246
110.0000 2.3312
111.0000 2.2328
112.0000 2.1758
113.0000 2.1458
114.0000 2.1582
115.0000 2.2527
116.0000 2.3029
117.0000 2.4001
118.0000 2.4763
119.0000 2.5653
120.0000 2.6160
121.0000 2.6149
122.0000 2.7145
123.0000 2.8139
124.0000 2.7933
125.0000 2.6945
126.0000 2.5988
127.0000 2.5072
128.0000 2.4104
129.0000 2.3125
130.0000 2.2186
131.0000 2.1408
132.0000 2.0646
133.0000 2.0513
134.0000 1.9513
135.0000 1.8812
136.0000 1.8032
137.0000 1.7131
138.0000 1.6685
139.0000 1.5717
140.0000 1.4992
141.0000 1.4364
142.0000 1.3496
143.0000 1.3187
144.0000 1.3655
145.0000 1.4098
146.0000 1.4798
147.0000 1.4848
148.0000 1.4354
149.0000 1.5242
150.0000 1.6216
