1.0000 2.1363
2.0000 2.0486
3.0000 1.9619
4.0000 2.0242
5.0000 2.0417
6.0000 2.0757
7.0000 2.0398
8.0000 2.0367
9.0000 2.0384
10.0000 1.9629
11.0000 1.9201
12.0000 1.9372
13.0000 1.9481
14.0000 2.0067
15.0000 2.0977
16.0000 2.1786
17.0000 2.2770
18.0000 2.3738
19.0000 2.4325
20.0000 2.5324
21.0000 2.6126
22.0000 2.6941
23.0000 2.7577
24.0000 2.7887
25.0000 2.6998
26.0000 2.6245
27.0000 2.5441
28.0000 2.4539
29.0000 2.5527
30.0000 2.6239
31.0000 2.7212
32.0000 2.7532
33.0000 2.7632
34.0000 2.7229
35.0000 2.7119
36.0000 2.7380
37.0000 2.6753
38.0000 2.5909
39.0000 2.5257
40.0000 2.4345
41.0000 2.3346
42.0000 2.2796
43.0000 2.2088
44.0000 2.1526
45.0000 2.0962
46.0000 2.0295
47.0000 2.0384
48.0000 2.0538
49.0000 2.0390
50.0000 1.9469
51.0000 1.8644
52.0000 1.7646
53.0000 1.6678
54.0000 1.6547
55.0000 1.6530
56.0000 1.5939
57.0000 1.5719
58.0000 1.5372
59.0000 1.5722
60.0000 1.6427
61.0000 1.6909
62.0000 1.6570
63.0000 1.7449
64.0000 1.7642
65.0000 1.6859
66.0000 1.5907
67.0000 1.4907
68.0000 1.4428
69.0000 1.3809
70.0000 1.3112
71.0000 1.2667
72.0000 1.1874
73.0000 1.0881
74.0000 1.0140
75.0000 0.9687
76.0000 0.8863
77.0000 0.8125
78.0000 0.7129
79.0000 0.6177
80.0000 0.5884
81.0000 0.5694
82.0000 0.5845
83.0000 0.6033
84.0000 0.6727
85.0000 0.7724
86.0000 0.8718
87.0000 0.9698
88.0000 1.0534
89.0000 1.1461
90.0000 1.2206
91.0000 1.2474
92.0000 1.3470
93.0000 1.4037
94.0000 1.4457
95.0000 1.4580
96.0000 1.3871
97.0000 1.2891
98.0000 1.2289
99.0000 1.1471
100.0000 1.0666
101.0000 0.9754
102.0000 0.8756
103.0000 0.8499
104.0000 0.8050
105.0000 0.8983
106.0000 0.9020
107.0000 0.8806
108.0000 0.9497
109.0000 1.0364
110.0000 1.1363
111.0000 1.2329
112.0000 1.3261
113.0000 1.3972
114.0000 1.4464
115.0000 1.4705
116.0000 1.5487
117.0000 1.6487
118.0000 1.7364
119.0000 1.8364
120.0000 1.8802
121.0000 1.9676
122.0000 2.0018
123.0000 1.9023
124.0000 1.8032
125.0000 1.7044
126.0000 1.6128
127.0000 1.5499
128.0000 1.5258
129.0000 1.5125
130.0000 1.4278
131.0000 1.3278
132.0000 1.3206
133.0000 1.3974
134.0000 1.3758
135.0000 1.4758
136.0000 1.5736
137.0000 1.6723
138.0000 1.7555
139.0000 1.8527
140.0000 1.9301
141.0000 2.0005
142.0000 1.9752
143.0000 2.0041
144.0000 2.0138
145.0000 2.0229
146.0000 2.0451
147.0000 1.9519
148.0000 1.9186
149.0000 1.9823
150.0000 1.8999
