1.0000 2.2813
2.0000 2.1876
3.0000 2.1498
4.0000 2.0656
5.0000 2.0340
6.0000 2.0509
7.0000 2.1256
8.0000 2.1366
9.0000 2.0695
10.0000 2.0637
11.0000 1.9992
12.0000 1.9189
13.0000 1.8190
14.0000 1.7803
15.0000 1.7996
16.0000 1.8969
17.0000 1.9190
18.0000 1.9991
19.0000 1.9718
20.0000 1.8770
21.0000 1.8237
22.0000 1.7270
23.0000 1.6496
24.0000 1.5506
25.0000 1.4520
26.0000 1.3570
27.0000 1.2716
28.0000 1.1720
29.0000 1.1190
30.0000 1.0520
31.0000 1.0579
32.0000 0.9589
33.0000 0.8619
34.0000 0.7641
35.0000 0.6643
36.0000 0.5949
37.0000 0.5380
38.0000 0.4759
39.0000 0.4405
40.0000 0.5264
41.0000 0.6150
42.0000 0.6362
43.0000 0.7354
44.0000 0.7481
45.0000 0.8299
46.0000 0.8515
47.0000 0.7927
48.0000 0.6950
49.0000 0.5969
50.0000 0.5200
51.0000 0.4945
52.0000 0.3991
53.0000 0.4108
54.0000 0.5044
55.0000 0.5999
56.0000 0.6131
57.0000 0.7010
58.0000 0.7475
59.0000 0.8232
60.0000 0.8772
61.0000 0.9336
62.0000 1.0209
63.0000 1.1203
64.0000 1.2203
65.0000 1.3199
66.0000 1.3097
67.0000 1.2498
68.0000 1.1985
69.0000 1.1110
70.0000 1.0128
71.0000 0.9740
72.0000 0.9948
73.0000 1.0549
74.0000 1.1482
75.0000 1.2466
76.0000 1.3354
77.0000 1.3909
78.0000 1.4016
79.0000 1.3784
80.0000 1.4303
81.0000 1.5287
82.0000 1.6257
83.0000 1.6578
84.0000 1.5641
85.0000 1.5471
86.0000 1.5110
87.0000 1.4500
88.0000 1.4341
89.0000 1.4349
90.0000 1.5321
91.0000 1.5677
92.0000 1.6581
93.0000 1.7570
94.0000 1.8509
95.0000 1.8934
96.0000 1.9292
97.0000 2.0024
98.0000 1.9025
99.0000 1.9140
100.0000 1.8808
101.0000 1.8727
102.0000 1.8538
103.0000 1.8542
104.0000 1.8152
105.0000 1.8949
106.0000 1.9499
107.0000 1.9963
108.0000 2.0662
109.0000 2.1330
110.0000 2.2068
111.0000 2.2168
112.0000 2.2869
113.0000 2.2944
114.0000 2.3675
115.0000 2.4040
116.0000 2.3054
117.0000 2.2089
118.0000 2.1394
119.0000 2.0457
120.0000 1.9700
121.0000 1.8742
122.0000 1.7742
123.0000 1.6747
124.0000 1.6275
125.0000 1.5896
126.0000 1.4898
127.0000 1.5399
128.0000 1.6325
129.0000 1.7312
130.0000 1.8278
131.0000 1.9147
132.0000 1.9821
133.0000 2.0137
134.0000 2.0086
135.0000 2.0603
136.0000 2.0525
137.0000 1.9710
138.0000 2.0205
139.0000 2.0327
140.0000 1.9937
141.0000 1.9017
142.0000 1.8820
143.0000 1.9568
144.0000 2.0411
145.0000 2.0403
146.0000 1.9404
147.0000 1.9377
148.0000 1.8646
149.0000 1.7649
150.0000 1.6797
