1.0000 2.1691
2.0000 2.1260
3.0000 2.0339
4.0000 2.0069
5.0000 1.9216
6.0000 1.9096
7.0000 1.8310
8.0000 1.8432
9.0000 1.8305
10.0000 1.7446
11.0000 1.7420
12.0000 1.7738
13.0000 1.6928
14.0000 1.6860
15.0000 1.7122
16.0000 1.7699
17.0000 1.8190
18.0000 1.9168
19.0000 2.0080
20.0000 2.0498
21.0000 2.0282
22.0000 2.0283
23.0000 2.0010
24.0000 2.0760
25.0000 2.1751
26.0000 2.1886
27.0000 2.0887
28.0000 2.0328
29.0000 1.9380
30.0000 1.8439
31.0000 1.7439
32.0000 1.6672
33.0000 1.5686
34.0000 1.4896
35.0000 1.4787
36.0000 1.4306
37.0000 1.3412
38.0000 1.2648
39.0000 1.2082
40.0000 1.1082
41.0000 1.0084
42.0000 0.9155
43.0000 0.8163
44.0000 0.7204
45.0000 0.6225
46.0000 0.5516
47.0000 0.5312
48.0000 0.5787
49.0000 0.6604
50.0000 0.7578
51.0000 0.7376
52.0000 0.7271
53.0000 0.8153
54.0000 0.8122
55.0000 0.7862
56.0000 0.7621
57.0000 0.7560
58.0000 0.6735
59.0000 0.6050
60.0000 0.5911
61.0000 0.4927
62.0000 0.4179
63.0000 0.4577
64.0000 0.4596
65.0000 0.3616
66.0000 0.2632
67.0000 0.1682
68.0000 0.1309
69.0000 0.1697
70.0000 0.2074
71.0000 0.3072
72.0000 0.3911
73.0000 0.3862
74.0000 0.3262
75.0000 0.3914
76.0000 0.4800
77.0000 0.5492
78.0000 0.5757
79.0000 0.5907
80.0000 0.5825
81.0000 0.5001
82.0000 0.4323
83.0000 0.4508
84.0000 0.5480
85.0000 0.4738
86.0000 0.3830
87.0000 0.3763
88.0000 0.4625
89.0000 0.5323
90.0000 0.5141
91.0000 0.5686
92.0000 0.6640
93.0000 0.7087
94.0000 0.6249
95.0000 0.5294
96.0000 0.4803
97.0000 0.4724
98.0000 0.5072
99.0000 0.5882
100.0000 0.6851
101.0000 0.6970
102.0000 0.7966
103.0000 0.8916
104.0000 0.9575
105.0000 1.0570
106.0000 1.1549
107.0000 1.2504
108.0000 1.3470
109.0000 1.4468
110.0000 1.5258
111.0000 1.5035
112.0000 1.5181
113.0000 1.6152
114.0000 1.6348
115.0000 1.6654
116.0000 1.6141
117.0000 1.5301
118.0000 1.4304
119.0000 1.4055
120.0000 1.3202
121.0000 1.2211
122.0000 1.1419
123.0000 1.0479
124.0000 0.9785
125.0000 0.9778
126.0000 1.0231
127.0000 1.1216
128.0000 1.2213
129.0000 1.3201
130.0000 1.4195
131.0000 1.4904
132.0000 1.5785
133.0000 1.6391
134.0000 1.5774
135.0000 1.5505
136.0000 1.6504
137.0000 1.6785
138.0000 1.5835
139.0000 1.5322
140.0000 1.4419
141.0000 1.3497
142.0000 1.3105
143.0000 1.2797
144.0000 1.2226
145.0000 1.2871
146.0000 1.2701
147.0000 1.2595
148.0000 1.3122
149.0000 1.3697
150.0000 1.3874
