1.0000 2.1378
2.0000 2.0423
3.0000 2.0463
4.0000 2.0216
5.0000 1.9382
6.0000 1.8384
7.0000 1.7385
8.0000 1.6390
9.0000 1.5535
10.0000 1.5080
11.0000 1.4527
12.0000 1.3878
13.0000 1.4862
14.0000 1.5311
15.0000 1.6043
16.0000 1.5268
17.0000 1.4933
18.0000 1.4151
19.0000 1.3189
20.0000 1.2190
21.0000 1.1362
22.0000 1.0364
23.0000 0.9686
24.0000 1.0431
25.0000 1.0314
26.0000 1.1307
27.0000 1.2263
28.0000 1.3254
29.0000 1.4252
30.0000 1.4666
31.0000 1.4857
32.0000 1.5055
33.0000 1.4636
34.0000 1.5256
35.0000 1.5346
36.0000 1.4718
37.0000 1.3745
38.0000 1.2967
39.0000 1.2786
40.0000 1.1971
41.0000 1.0987
42.0000 1.0083
43.0000 0.9370
44.0000 0.8407
45.0000 0.9020
46.0000 1.0016
47.0000 1.0473
48.0000 0.9586
49.0000 0.8676
50.0000 0.8308
51.0000 0.8930
52.0000 0.9920
53.0000 1.0865
54.0000 1.1831
55.0000 1.2550
56.0000 1.3248
57.0000 1.2666
58.0000 1.2653
59.0000 1.1662
60.0000 1.1133
61.0000 1.1677
62.0000 1.2563
63.0000 1.3408
64.0000 1.3983
65.0000 1.4908
66.0000 1.5906
67.0000 1.6905
68.0000 1.7893
69.0000 1.8369
70.0000 1.8121
71.0000 1.8513
72.0000 1.9478
73.0000 1.9720
74.0000 1.9031
75.0000 1.8032
76.0000 1.7032
77.0000 1.6038
78.0000 1.5118
79.0000 1.4835
80.0000 1.4689
81.0000 1.5567
82.0000 1.5791
83.0000 1.6327
84.0000 1.7075
85.0000 1.8059
86.0000 1.9022
87.0000 1.9403
88.0000 2.0038
89.0000 2.1038
90.0000 2.1897
91.0000 2.2867
92.0000 2.2972
93.0000 2.2573
94.0000 2.1848
95.0000 2.2723
96.0000 2.3539
97.0000 2.4385
98.0000 2.4767
99.0000 2.5763
100.0000 2.6067
101.0000 2.6955
102.0000 2.7528
103.0000 2.8051
104.0000 2.7122
105.0000 2.8019
106.0000 2.8150
107.0000 2.8027
108.0000 2.7713
109.0000 2.7056
110.0000 2.6135
111.0000 2.5357
112.0000 2.4977
113.0000 2.5133
114.0000 2.5049
115.0000 2.5175
116.0000 2.5515
117.0000 2.6504
118.0000 2.7494
119.0000 2.8091
120.0000 2.7202
121.0000 2.6237
122.0000 2.5248
123.0000 2.5820
124.0000 2.6710
125.0000 2.6509
126.0000 2.5527
127.0000 2.5249
128.0000 2.4975
129.0000 2.4400
130.0000 2.3647
131.0000 2.3768
132.0000 2.3912
133.0000 2.3534
134.0000 2.3587
135.0000 2.3736
136.0000 2.4528
137.0000 2.5261
138.0000 2.6097
139.0000 2.5653
140.0000 2.4829
141.0000 2.4776
142.0000 2.4679
143.0000 2.4584
144.0000 2.3769
145.0000 2.4330
146.0000 2.3762
147.0000 2.2770
148.0000 2.2119
149.0000 2.1801
150.0000 2.1945
