1.0000 2.1431
2.0000 2.0489
3.0000 1.9596
4.0000 2.0017
5.0000 1.9017
6.0000 1.8132
7.0000 1.7433
8.0000 1.7075
9.0000 1.6256
10.0000 1.7199
11.0000 1.8158
12.0000 1.9008
13.0000 1.9708
14.0000 2.0696
15.0000 2.0083
16.0000 1.9210
17.0000 1.8240
18.0000 1.7264
19.0000 1.6904
20.0000 1.7064
21.0000 1.6567
22.0000 1.5605
23.0000 1.4612
24.0000 1.3711
25.0000 1.3468
26.0000 1.3561
27.0000 1.3341
28.0000 1.3587
29.0000 1.4223
30.0000 1.3626
31.0000 1.3068
32.0000 1.2071
33.0000 1.1114
34.0000 1.1013
35.0000 1.1239
36.0000 1.1791
37.0000 1.1406
38.0000 1.1273
39.0000 1.1271
40.0000 1.2010
41.0000 1.3009
42.0000 1.3943
43.0000 1.4892
44.0000 1.5341
45.0000 1.5683
46.0000 1.6659
47.0000 1.7282
48.0000 1.7479
49.0000 1.8321
50.0000 1.8109
51.0000 1.8180
52.0000 1.7760
53.0000 1.7244
54.0000 1.6363
55.0000 1.5945
56.0000 1.6652
57.0000 1.7648
58.0000 1.8620
59.0000 1.9535
60.0000 2.0400
61.0000 2.1180
62.0000 2.1613
63.0000 2.1321
64.0000 2.0657
65.0000 2.0055
66.0000 2.0361
67.0000 2.0562
68.0000 2.0447
69.0000 2.1414
70.0000 2.1519
71.0000 2.1171
72.0000 2.0569
73.0000 1.9743
74.0000 2.0469
75.0000 2.0587
76.0000 2.1049
77.0000 2.1095
78.0000 2.1409
79.0000 2.0897
80.0000 2.1023
81.0000 2.0706
82.0000 2.0003
83.0000 2.0648
84.0000 2.1302
85.0000 2.1887
86.0000 2.2072
87.0000 2.1244
88.0000 2.0767
89.0000 2.1632
90.0000 2.2592
91.0000 2.3553
92.0000 2.4507
93.0000 2.5227
94.0000 2.5558
95.0000 2.5457
96.0000 2.5103
97.0000 2.5480
98.0000 2.6479
99.0000 2.7468
100.0000 2.8415
101.0000 2.9133
102.0000 2.9431
103.0000 2.9687
104.0000 3.0343
105.0000 3.0743
106.0000 3.1243
107.0000 3.1715
108.0000 3.2648
109.0000 3.2678
110.0000 3.2343
111.0000 3.1806
112.0000 3.0933
113.0000 3.1077
114.0000 3.0096
115.0000 2.9397
116.0000 2.9235
117.0000 3.0185
118.0000 3.0567
119.0000 3.0351
120.0000 3.0166
121.0000 3.0951
122.0000 3.1769
123.0000 3.2624
124.0000 3.3522
125.0000 3.3204
126.0000 3.4200
127.0000 3.4652
128.0000 3.5242
129.0000 3.6203
130.0000 3.6541
131.0000 3.7124
132.0000 3.6316
133.0000 3.5677
134.0000 3.5285
135.0000 3.4410
136.0000 3.3416
137.0000 3.2422
138.0000 3.1783
139.0000 3.0787
140.0000 2.9892
141.0000 2.9714
142.0000 2.9754
143.0000 3.0741
144.0000 3.1417
145.0000 3.2389
146.0000 3.2978
147.0000 3.2717
148.0000 3.3444
149.0000 3.4443
150.0000 3.4307
