1.0000 2.2188
2.0000 2.2146
3.0000 2.2104
4.0000 2.1262
5.0000 2.0387
6.0000 1.9466
7.0000 1.9219
8.0000 2.0213
9.0000 2.0786
10.0000 2.0456
11.0000 1.9543
12.0000 1.9773
13.0000 1.9052
14.0000 1.9101
15.0000 1.9763
16.0000 1.9231
17.0000 1.8701
18.0000 1.7925
19.0000 1.7802
20.0000 1.6881
21.0000 1.6684
22.0000 1.7001
23.0000 1.6661
24.0000 1.5781
25.0000 1.4844
26.0000 1.4226
27.0000 1.3479
28.0000 1.2628
29.0000 1.1885
30.0000 1.0935
31.0000 0.9959
32.0000 0.8976
33.0000 0.7978
34.0000 0.7002
35.0000 0.6218
36.0000 0.5654
37.0000 0.6209
38.0000 0.5814
39.0000 0.5533
40.0000 0.6381
41.0000 0.7049
42.0000 0.7732
43.0000 0.7747
44.0000 0.8328
45.0000 0.9042
46.0000 0.9898
47.0000 1.0367
48.0000 1.0056
49.0000 1.0076
50.0000 1.1001
51.0000 1.1555
52.0000 1.2249
53.0000 1.2932
54.0000 1.3622
55.0000 1.3594
56.0000 1.4429
57.0000 1.5327
58.0000 1.6115
59.0000 1.6954
60.0000 1.7917
61.0000 1.8493
62.0000 1.9230
63.0000 1.8966
64.0000 1.8395
65.0000 1.8065
66.0000 1.7292
67.0000 1.6607
68.0000 1.6000
69.0000 1.5261
70.0000 1.4479
71.0000 1.4188
72.0000 1.3683
73.0000 1.2739
74.0000 1.1739
75.0000 1.1029
76.0000 1.0823
77.0000 1.0640
78.0000 1.1494
79.0000 1.2346
80.0000 1.1915
81.0000 1.1050
82.0000 1.1121
83.0000 1.1081
84.0000 1.2019
85.0000 1.2914
86.0000 1.3663
87.0000 1.4016
88.0000 1.3066
89.0000 1.2096
90.0000 1.1100
91.0000 1.1748
92.0000 1.2748
93.0000 1.3066
94.0000 1.3104
95.0000 1.3253
96.0000 1.3399
97.0000 1.3998
98.0000 1.4405
99.0000 1.5024
100.0000 1.5978
101.0000 1.6815
102.0000 1.6591
103.0000 1.5634
104.0000 1.4793
105.0000 1.4088
106.0000 1.4069
107.0000 1.4103
108.0000 1.4035
109.0000 1.3867
110.0000 1.3259
111.0000 1.2412
112.0000 1.1722
113.0000 1.0784
114.0000 0.9784
115.0000 0.8949
116.0000 0.8101
117.0000 0.7492
118.0000 0.6514
119.0000 0.5622
120.0000 0.4868
121.0000 0.3887
122.0000 0.3081
123.0000 0.2236
124.0000 0.1922
125.0000 0.1088
126.0000 0.0331
127.0000 0.1093
128.0000 0.1729
129.0000 0.2502
130.0000 0.3268
131.0000 0.4032
132.0000 0.4533
133.0000 0.4865
134.0000 0.5545
135.0000 0.4825
136.0000 0.4634
137.0000 0.4918
138.0000 0.5335
139.0000 0.6215
140.0000 0.6127
141.0000 0.5592
142.0000 0.4634
143.0000 0.4069
144.0000 0.3287
145.0000 0.3994
146.0000 0.4897
147.0000 0.5699
148.0000 0.6614
149.0000 0.7595
150.0000 0.8504
