1.0000 2.1925
2.0000 2.1110
3.0000 2.1011
4.0000 2.1957
5.0000 2.1699
6.0000 2.0912
7.0000 2.1523
8.0000 2.1598
9.0000 2.0711
10.0000 2.0142
11.0000 2.0069
12.0000 2.0859
13.0000 2.1724
14.0000 2.0742
15.0000 2.0143
16.0000 1.9229
17.0000 1.8647
18.0000 1.8030
19.0000 1.7939
20.0000 1.8777
21.0000 1.9615
22.0000 2.0391
23.0000 2.1287
24.0000 2.1175
25.0000 2.0687
26.0000 2.0211
27.0000 2.0253
28.0000 2.0258
29.0000 2.0398
30.0000 1.9992
31.0000 1.9147
32.0000 1.9145
33.0000 1.9101
34.0000 1.8156
35.0000 1.8555
36.0000 1.7886
37.0000 1.6959
38.0000 1.6071
39.0000 1.6715
40.0000 1.7695
41.0000 1.8319
42.0000 1.9189
43.0000 1.9839
44.0000 1.8876
45.0000 1.8160
46.0000 1.7405
47.0000 1.6806
48.0000 1.6394
49.0000 1.5597
50.0000 1.4655
51.0000 1.4135
52.0000 1.3146
53.0000 1.2146
54.0000 1.1147
55.0000 1.0181
56.0000 0.9273
57.0000 0.8350
58.0000 0.7429
59.0000 0.6889
60.0000 0.6475
61.0000 0.5700
62.0000 0.5939
63.0000 0.5111
64.0000 0.4287
65.0000 0.3653
66.0000 0.3774
67.0000 0.2943
68.0000 0.2546
69.0000 0.1568
70.0000 0.1990
71.0000 0.2990
72.0000 0.3987
73.0000 0.4957
74.0000 0.5925
75.0000 0.6908
76.0000 0.7735
77.0000 0.8735
78.0000 0.9715
79.0000 1.0711
80.0000 1.1704
81.0000 1.2470
82.0000 1.1523
83.0000 1.0524
84.0000 0.9531
85.0000 0.8531
86.0000 0.7807
87.0000 0.7489
88.0000 0.7352
89.0000 0.7228
90.0000 0.6914
91.0000 0.6369
92.0000 0.6568
93.0000 0.5643
94.0000 0.5088
95.0000 0.4444
96.0000 0.4159
97.0000 0.3266
98.0000 0.2780
99.0000 0.2719
100.0000 0.3196
101.0000 0.4195
102.0000 0.5138
103.0000 0.5925
104.0000 0.6309
105.0000 0.7251
106.0000 0.6532
107.0000 0.6663
108.0000 0.6774
109.0000 0.7480
110.0000 0.7670
111.0000 0.8668
112.0000 0.9325
113.0000 0.8858
114.0000 0.7907
115.0000 0.7155
116.0000 0.7071
117.0000 0.6724
118.0000 0.6544
119.0000 0.7512
120.0000 0.7621
121.0000 0.7437
122.0000 0.6673
123.0000 0.6165
124.0000 0.5675
125.0000 0.4704
126.0000 0.5603
127.0000 0.6475
128.0000 0.7312
129.0000 0.8129
130.0000 0.9129
131.0000 1.0120
132.0000 1.0447
133.0000 1.1079
134.0000 1.1994
135.0000 1.2876
136.0000 1.3327
137.0000 1.4105
138.0000 1.4808
139.0000 1.5591
140.0000 1.6503
141.0000 1.5514
142.0000 1.4656
143.0000 1.3657
144.0000 1.3316
145.0000 1.2316
146.0000 1.1735
147.0000 1.0761
148.0000 1.0128
149.0000 0.9270
150.0000 0.8949
