1.0000 2.1678
2.0000 2.0788
3.0000 1.9793
4.0000 1.8974
5.0000 1.8020
6.0000 1.7076
7.0000 1.6800
8.0000 1.5809
9.0000 1.4860
10.0000 1.3945
11.0000 1.3068
12.0000 1.2106
13.0000 1.1225
14.0000 1.0456
15.0000 0.9594
16.0000 0.8803
17.0000 0.7812
18.0000 0.6927
19.0000 0.6506
20.0000 0.5524
21.0000 0.6129
22.0000 0.6759
23.0000 0.7445
24.0000 0.6835
25.0000 0.6278
26.0000 0.6152
27.0000 0.5255
28.0000 0.4262
29.0000 0.3811
30.0000 0.4545
31.0000 0.5373
32.0000 0.6373
33.0000 0.7159
34.0000 0.6533
35.0000 0.6709
36.0000 0.7289
37.0000 0.8262
38.0000 0.8927
39.0000 0.9750
40.0000 1.0748
41.0000 1.1288
42.0000 1.1149
43.0000 1.1690
44.0000 1.2001
45.0000 1.1811
46.0000 1.0867
47.0000 1.0559
48.0000 1.1370
49.0000 1.2099
50.0000 1.2735
51.0000 1.3701
52.0000 1.4697
53.0000 1.5690
54.0000 1.6281
55.0000 1.6032
56.0000 1.5940
57.0000 1.4996
58.0000 1.4194
59.0000 1.3207
60.0000 1.2268
61.0000 1.1940
62.0000 1.1108
63.0000 1.1203
64.0000 1.0228
65.0000 0.9243
66.0000 0.8651
67.0000 0.7725
68.0000 0.7129
69.0000 0.6157
70.0000 0.5263
71.0000 0.5764
72.0000 0.6222
73.0000 0.7088
74.0000 0.8069
75.0000 0.8705
76.0000 0.9516
77.0000 0.9633
78.0000 0.9680
79.0000 1.0474
80.0000 1.0882
81.0000 1.1775
82.0000 1.2772
83.0000 1.3460
84.0000 1.3493
85.0000 1.4073
86.0000 1.4961
87.0000 1.5794
88.0000 1.5948
89.0000 1.6073
90.0000 1.5533
91.0000 1.4881
92.0000 1.4731
93.0000 1.3850
94.0000 1.2854
95.0000 1.1886
96.0000 1.1705
97.0000 1.2360
98.0000 1.3049
99.0000 1.2773
100.0000 1.1785
101.0000 1.0999
102.0000 1.1348
103.0000 1.0866
104.0000 1.1141
105.0000 1.1735
106.0000 1.1384
107.0000 1.0407
108.0000 0.9417
109.0000 0.9581
110.0000 0.8775
111.0000 0.7937
112.0000 0.6987
113.0000 0.6034
114.0000 0.5141
115.0000 0.5021
116.0000 0.5306
117.0000 0.6100
118.0000 0.6893
119.0000 0.7634
120.0000 0.7300
121.0000 0.7691
122.0000 0.8690
123.0000 0.9315
124.0000 0.8601
125.0000 0.8392
126.0000 0.7605
127.0000 0.6655
128.0000 0.6788
129.0000 0.7631
130.0000 0.7801
131.0000 0.7524
132.0000 0.8156
133.0000 0.8885
134.0000 0.9188
135.0000 0.9340
136.0000 0.9767
137.0000 1.0621
138.0000 1.1209
139.0000 1.1643
140.0000 1.1913
141.0000 1.2174
142.0000 1.3058
143.0000 1.2968
144.0000 1.3942
145.0000 1.4617
146.0000 1.5273
147.0000 1.5191
148.0000 1.5181
149.0000 1.5457
150.0000 1.5863
