1.0000 2.1846
2.0000 2.1335
3.0000 2.0963
4.0000 2.0579
5.0000 1.9696
6.0000 1.8696
7.0000 1.7710
8.0000 1.7206
9.0000 1.7648
10.0000 1.8268
11.0000 1.8737
12.0000 1.9400
13.0000 1.9698
14.0000 1.9847
15.0000 1.9500
16.0000 2.0004
17.0000 1.9028
18.0000 1.8316
19.0000 1.7395
20.0000 1.6433
21.0000 1.5481
22.0000 1.5081
23.0000 1.5581
24.0000 1.6579
25.0000 1.7509
26.0000 1.7902
27.0000 1.7303
28.0000 1.7855
29.0000 1.8849
30.0000 1.9811
31.0000 2.0171
32.0000 2.1155
33.0000 2.2140
34.0000 2.2478
35.0000 2.1975
36.0000 2.1589
37.0000 2.2406
38.0000 2.3295
39.0000 2.3846
40.0000 2.3783
41.0000 2.3705
42.0000 2.3097
43.0000 2.2134
44.0000 2.1338
45.0000 2.2152
46.0000 2.2044
47.0000 2.1811
48.0000 2.2344
49.0000 2.3331
50.0000 2.3844
51.0000 2.3280
52.0000 2.2524
53.0000 2.2724
54.0000 2.2302
55.0000 2.3279
56.0000 2.3818
57.0000 2.4580
58.0000 2.4488
59.0000 2.4494
60.0000 2.4386
61.0000 2.4656
62.0000 2.4630
63.0000 2.4640
64.0000 2.3764
65.0000 2.3854
66.0000 2.3042
67.0000 2.2223
68.0000 2.1322
69.0000 2.0567
70.0000 2.0460
71.0000 1.9615
72.0000 1.8657
73.0000 1.7687
74.0000 1.6965
75.0000 1.5999
76.0000 1.5495
77.0000 1.5344
78.0000 1.4777
79.0000 1.4349
80.0000 1.3961
81.0000 1.4286
82.0000 1.3323
83.0000 1.2588
84.0000 1.2657
85.0000 1.1659
86.0000 1.0660
87.0000 0.9676
88.0000 0.9561
89.0000 0.9197
90.0000 0.9960
91.0000 1.0748
92.0000 1.1255
93.0000 1.1035
94.0000 1.0124
95.0000 0.9256
96.0000 0.9712
97.0000 1.0643
98.0000 1.1571
99.0000 1.2566
100.0000 1.3117
101.0000 1.2285
102.0000 1.1615
103.0000 1.1316
104.0000 1.1093
105.0000 1.1518
106.0000 1.1571
107.0000 1.2289
108.0000 1.2656
109.0000 1.3579
110.0000 1.4214
111.0000 1.3467
112.0000 1.2512
113.0000 1.1516
114.0000 1.0519
115.0000 0.9693
116.0000 0.8738
117.0000 0.8387
118.0000 0.9195
119.0000 1.0189
120.0000 1.1166
121.0000 1.2086
122.0000 1.2105
123.0000 1.1937
124.0000 1.2349
125.0000 1.3277
126.0000 1.4266
127.0000 1.5198
128.0000 1.5866
129.0000 1.5862
130.0000 1.6845
131.0000 1.7816
132.0000 1.8612
133.0000 1.9360
134.0000 1.9339
135.0000 1.8937
136.0000 1.9453
137.0000 2.0251
138.0000 2.1225
139.0000 2.1081
140.0000 2.0779
141.0000 1.9982
142.0000 2.0085
143.0000 2.0670
144.0000 2.1459
145.0000 2.1139
146.0000 2.0612
147.0000 1.9759
148.0000 1.9799
149.0000 1.9912
150.0000 2.0506
