1.0000 2.1547
2.0000 2.0853
3.0000 2.0297
4.0000 2.0401
5.0000 1.9947
6.0000 1.9190
7.0000 1.8255
8.0000 1.7271
9.0000 1.6805
10.0000 1.7630
11.0000 1.8604
12.0000 1.9591
13.0000 2.0184
14.0000 2.1183
15.0000 2.0359
16.0000 1.9918
17.0000 2.0679
18.0000 2.0496
19.0000 1.9615
20.0000 1.8714
21.0000 1.8699
22.0000 1.8913
23.0000 1.9574
24.0000 1.9323
25.0000 1.8452
26.0000 1.8858
27.0000 1.8643
28.0000 1.9522
29.0000 1.9918
30.0000 1.9184
31.0000 1.9267
32.0000 1.9654
33.0000 1.8855
34.0000 1.8241
35.0000 1.7345
36.0000 1.6445
37.0000 1.5445
38.0000 1.4565
39.0000 1.3932
40.0000 1.4113
41.0000 1.4529
42.0000 1.4226
43.0000 1.4905
44.0000 1.5583
45.0000 1.6022
46.0000 1.6900
47.0000 1.7601
48.0000 1.8040
49.0000 1.7144
50.0000 1.7474
51.0000 1.7739
52.0000 1.7702
53.0000 1.7552
54.0000 1.8448
55.0000 1.9444
56.0000 1.9427
57.0000 1.9504
58.0000 1.9559
59.0000 1.9566
60.0000 1.8567
61.0000 1.7651
62.0000 1.6727
63.0000 1.5801
64.0000 1.4803
65.0000 1.3881
66.0000 1.3161
67.0000 1.2952
68.0000 1.2095
69.0000 1.1606
70.0000 1.0864
71.0000 1.1291
72.0000 1.2087
73.0000 1.2850
74.0000 1.3786
75.0000 1.4786
76.0000 1.5597
77.0000 1.5644
78.0000 1.6243
79.0000 1.6888
80.0000 1.7067
81.0000 1.7517
82.0000 1.8516
83.0000 1.9488
84.0000 2.0393
85.0000 2.1257
86.0000 2.2144
87.0000 2.2957
88.0000 2.3047
89.0000 2.3012
90.0000 2.2982
91.0000 2.2851
92.0000 2.2428
93.0000 2.2061
94.0000 2.2499
95.0000 2.1521
96.0000 2.0551
97.0000 2.0195
98.0000 1.9948
99.0000 1.9089
100.0000 1.8207
101.0000 1.7996
102.0000 1.8077
103.0000 1.8764
104.0000 1.9570
105.0000 1.9219
106.0000 1.8898
107.0000 1.8492
108.0000 1.8287
109.0000 1.7930
110.0000 1.7248
111.0000 1.6364
112.0000 1.6437
113.0000 1.6126
114.0000 1.5788
115.0000 1.5384
116.0000 1.4486
117.0000 1.3627
118.0000 1.2912
119.0000 1.1978
120.0000 1.2514
121.0000 1.3456
122.0000 1.3753
123.0000 1.3011
124.0000 1.3536
125.0000 1.4403
126.0000 1.5330
127.0000 1.5658
128.0000 1.5391
129.0000 1.6382
130.0000 1.7355
131.0000 1.8297
132.0000 1.9074
133.0000 1.9699
134.0000 1.9607
135.0000 1.8889
136.0000 1.7896
137.0000 1.7986
138.0000 1.7109
139.0000 1.6130
140.0000 1.5133
141.0000 1.4206
142.0000 1.3592
143.0000 1.4544
144.0000 1.5536
145.0000 1.5563
146.0000 1.6315
147.0000 1.7312
148.0000 1.8119
149.0000 1.8325
150.0000 1.8198
