1.0000 2.1713
2.0000 2.0967
3.0000 2.0029
4.0000 1.9045
5.0000 1.8187
6.0000 1.7443
7.0000 1.6467
8.0000 1.5758
9.0000 1.5018
10.0000 1.4387
11.0000 1.3653
12.0000 1.2802
13.0000 1.1992
14.0000 1.1330
15.0000 1.0348
16.0000 0.9461
17.0000 0.8765
18.0000 0.8088
19.0000 0.7134
20.0000 0.7280
21.0000 0.7969
22.0000 0.8086
23.0000 0.8116
24.0000 0.8349
25.0000 0.8428
26.0000 0.9011
27.0000 0.9601
28.0000 1.0490
29.0000 1.0964
30.0000 1.1172
31.0000 1.1613
32.0000 1.1305
33.0000 1.1621
34.0000 1.2450
35.0000 1.3091
36.0000 1.2751
37.0000 1.2098
38.0000 1.2431
39.0000 1.3415
40.0000 1.3568
41.0000 1.4388
42.0000 1.3814
43.0000 1.2814
44.0000 1.1990
45.0000 1.2266
46.0000 1.1560
47.0000 1.1552
48.0000 1.0852
49.0000 1.0780
50.0000 1.1529
51.0000 1.2434
52.0000 1.3384
53.0000 1.3875
54.0000 1.3832
55.0000 1.4005
56.0000 1.3747
57.0000 1.4011
58.0000 1.4884
59.0000 1.5409
60.0000 1.5409
61.0000 1.5902
62.0000 1.6872
63.0000 1.7642
64.0000 1.7918
65.0000 1.7412
66.0000 1.6421
67.0000 1.6087
68.0000 1.6964
69.0000 1.7817
70.0000 1.7562
71.0000 1.7268
72.0000 1.7155
73.0000 1.6471
74.0000 1.7414
75.0000 1.7421
76.0000 1.7259
77.0000 1.7332
78.0000 1.6526
79.0000 1.6223
80.0000 1.7165
81.0000 1.7949
82.0000 1.8713
83.0000 1.9678
84.0000 1.9781
85.0000 1.8781
86.0000 1.8003
87.0000 1.7708
88.0000 1.6947
89.0000 1.7464
90.0000 1.7814
91.0000 1.6815
92.0000 1.5850
93.0000 1.5493
94.0000 1.4995
95.0000 1.3996
96.0000 1.3109
97.0000 1.2109
98.0000 1.1123
99.0000 1.0670
100.0000 1.1124
101.0000 1.1082
102.0000 1.1591
103.0000 1.1559
104.0000 1.1192
105.0000 1.0856
106.0000 0.9860
107.0000 0.8882
108.0000 0.8176
109.0000 0.7299
110.0000 0.6553
111.0000 0.5785
112.0000 0.5995
113.0000 0.5439
114.0000 0.6043
115.0000 0.6430
116.0000 0.6073
117.0000 0.5123
118.0000 0.5067
119.0000 0.4704
120.0000 0.5034
121.0000 0.5833
122.0000 0.6625
123.0000 0.7618
124.0000 0.8423
125.0000 0.7537
126.0000 0.6557
127.0000 0.5601
128.0000 0.4826
129.0000 0.4873
130.0000 0.4769
131.0000 0.4438
132.0000 0.3441
133.0000 0.2557
134.0000 0.2730
135.0000 0.3059
136.0000 0.2995
137.0000 0.3748
138.0000 0.4549
139.0000 0.4838
140.0000 0.4981
141.0000 0.5453
142.0000 0.6140
143.0000 0.6413
144.0000 0.5804
145.0000 0.4813
146.0000 0.3997
147.0000 0.3254
148.0000 0.4233
149.0000 0.4986
150.0000 0.4993
