1.0000 2.1839
2.0000 2.2834
3.0000 2.2312
4.0000 2.1490
5.0000 2.0599
6.0000 1.9663
7.0000 1.8743
8.0000 1.7853
9.0000 1.6914
10.0000 1.5925
11.0000 1.5299
12.0000 1.4558
13.0000 1.4036
14.0000 1.4456
15.0000 1.4834
16.0000 1.4870
17.0000 1.5870
18.0000 1.6193
19.0000 1.6079
20.0000 1.6218
21.0000 1.7179
22.0000 1.8097
23.0000 1.8579
24.0000 1.8934
25.0000 1.9398
26.0000 1.9457
27.0000 2.0162
28.0000 2.0910
29.0000 2.1816
30.0000 2.1457
31.0000 2.1064
32.0000 2.0768
33.0000 1.9772
34.0000 1.8810
35.0000 1.8084
36.0000 1.7085
37.0000 1.6213
38.0000 1.5840
39.0000 1.5272
40.0000 1.5661
41.0000 1.6565
42.0000 1.7123
43.0000 1.8123
44.0000 1.9123
45.0000 1.9800
46.0000 1.9811
47.0000 1.9570
48.0000 2.0175
49.0000 2.1152
50.0000 2.2030
51.0000 2.2450
52.0000 2.3419
53.0000 2.3683
54.0000 2.3369
55.0000 2.3231
56.0000 2.3701
57.0000 2.4687
58.0000 2.5670
59.0000 2.6522
60.0000 2.7455
61.0000 2.8330
62.0000 2.8412
63.0000 2.7458
64.0000 2.7328
65.0000 2.7579
66.0000 2.7916
67.0000 2.8589
68.0000 2.8837
69.0000 2.8068
70.0000 2.7630
71.0000 2.7738
72.0000 2.7189
73.0000 2.6824
74.0000 2.6591
75.0000 2.6336
76.0000 2.5899
77.0000 2.4900
78.0000 2.4138
79.0000 2.3164
80.0000 2.2164
81.0000 2.1280
82.0000 2.0342
83.0000 1.9536
84.0000 1.9132
85.0000 1.8182
86.0000 1.7613
87.0000 1.8273
88.0000 1.9000
89.0000 1.9664
90.0000 1.9548
91.0000 1.9742
92.0000 1.9029
93.0000 1.8286
94.0000 1.7385
95.0000 1.6397
96.0000 1.5398
97.0000 1.4455
98.0000 1.4084
99.0000 1.3112
100.0000 1.2197
101.0000 1.1232
102.0000 1.0314
103.0000 0.9315
104.0000 0.9685
105.0000 0.9760
106.0000 1.0534
107.0000 1.1502
108.0000 1.2425
109.0000 1.2421
110.0000 1.1564
111.0000 1.1783
112.0000 1.1006
113.0000 1.0962
114.0000 1.0458
115.0000 1.0079
116.0000 1.0353
117.0000 1.1350
118.0000 1.1796
119.0000 1.2514
120.0000 1.3126
121.0000 1.4081
122.0000 1.4165
123.0000 1.3319
124.0000 1.2361
125.0000 1.1657
126.0000 1.1007
127.0000 1.0242
128.0000 1.1155
129.0000 1.1595
130.0000 1.1225
131.0000 1.1051
132.0000 1.0241
133.0000 1.0457
134.0000 1.1443
135.0000 1.2329
136.0000 1.2860
137.0000 1.3051
138.0000 1.4038
139.0000 1.3925
140.0000 1.3066
141.0000 1.3173
142.0000 1.3988
143.0000 1.4098
144.0000 1.3493
145.0000 1.2495
146.0000 1.1613
147.0000 1.2036
148.0000 1.2824
149.0000 1.3821
150.0000 1.4314
