1.0000 2.1816
2.0000 2.1331
3.0000 2.1554
4.0000 2.2059
5.0000 2.2854
6.0000 2.2666
7.0000 2.3665
8.0000 2.4047
9.0000 2.4386
10.0000 2.4389
11.0000 2.4556
12.0000 2.5479
13.0000 2.6321
14.0000 2.6887
15.0000 2.7142
16.0000 2.7937
17.0000 2.8008
18.0000 2.7826
19.0000 2.8251
20.0000 2.7485
21.0000 2.8009
22.0000 2.8096
23.0000 2.7474
24.0000 2.6506
25.0000 2.6685
26.0000 2.7685
27.0000 2.8640
28.0000 2.8180
29.0000 2.7213
30.0000 2.6887
31.0000 2.7667
32.0000 2.6953
33.0000 2.6142
34.0000 2.6069
35.0000 2.6318
36.0000 2.5814
37.0000 2.4817
38.0000 2.5321
39.0000 2.5701
40.0000 2.6299
41.0000 2.6509
42.0000 2.6874
43.0000 2.7557
44.0000 2.7335
45.0000 2.7307
46.0000 2.6409
47.0000 2.5671
48.0000 2.4720
49.0000 2.5541
50.0000 2.5548
51.0000 2.6117
52.0000 2.7023
53.0000 2.7235
54.0000 2.7121
55.0000 2.8005
56.0000 2.8027
57.0000 2.8286
58.0000 2.9012
59.0000 2.8214
60.0000 2.7405
61.0000 2.6629
62.0000 2.6549
63.0000 2.5909
64.0000 2.5260
65.0000 2.4795
66.0000 2.4132
67.0000 2.3430
68.0000 2.4083
69.0000 2.3117
70.0000 2.2162
71.0000 2.1191
72.0000 2.0573
73.0000 1.9816
74.0000 1.9444
75.0000 1.9591
76.0000 1.9440
77.0000 1.9587
78.0000 1.9576
79.0000 1.9502
80.0000 1.8667
81.0000 1.7862
82.0000 1.7114
83.0000 1.6933
84.0000 1.6614
85.0000 1.5831
86.0000 1.4908
87.0000 1.4007
88.0000 1.3264
89.0000 1.3090
90.0000 1.2547
91.0000 1.2637
92.0000 1.2768
93.0000 1.2713
94.0000 1.2766
95.0000 1.2430
96.0000 1.3126
97.0000 1.3860
98.0000 1.4762
99.0000 1.4793
100.0000 1.4649
101.0000 1.4442
102.0000 1.3634
103.0000 1.4463
104.0000 1.5083
105.0000 1.6031
106.0000 1.6984
107.0000 1.7968
108.0000 1.8965
109.0000 1.9442
110.0000 1.8893
111.0000 1.9717
112.0000 2.0561
113.0000 2.1155
114.0000 2.1261
115.0000 2.0301
116.0000 1.9765
117.0000 2.0199
118.0000 2.0596
119.0000 1.9609
120.0000 1.8664
121.0000 1.7694
122.0000 1.6697
123.0000 1.6813
124.0000 1.7453
125.0000 1.7836
126.0000 1.8242
127.0000 1.8570
128.0000 1.9569
129.0000 2.0081
130.0000 2.0149
131.0000 1.9299
132.0000 1.8410
133.0000 1.8390
134.0000 1.8746
135.0000 1.9371
136.0000 2.0275
137.0000 2.0592
138.0000 1.9637
139.0000 1.9265
140.0000 2.0232
141.0000 2.0460
142.0000 2.0103
143.0000 1.9457
144.0000 1.8795
145.0000 1.7796
146.0000 1.7898
147.0000 1.6908
148.0000 1.5998
149.0000 1.5948
150.0000 1.6354
