1.0000 2.2759
2.0000 2.1760
3.0000 2.1670
4.0000 2.2089
5.0000 2.1245
6.0000 2.0824
7.0000 2.0063
8.0000 1.9097
9.0000 1.8113
10.0000 1.8048
11.0000 1.9025
12.0000 2.0016
13.0000 2.0903
14.0000 2.0462
15.0000 1.9745
16.0000 1.8748
17.0000 1.8394
18.0000 1.7755
19.0000 1.7592
20.0000 1.6925
21.0000 1.6068
22.0000 1.5481
23.0000 1.4735
24.0000 1.4351
25.0000 1.5349
26.0000 1.5662
27.0000 1.5908
28.0000 1.6464
29.0000 1.7327
30.0000 1.8092
31.0000 1.9062
32.0000 2.0057
33.0000 2.0513
34.0000 1.9918
35.0000 1.9073
36.0000 1.9071
37.0000 1.8244
38.0000 1.7406
39.0000 1.6499
40.0000 1.5526
41.0000 1.4571
42.0000 1.3652
43.0000 1.3044
44.0000 1.2109
45.0000 1.1213
46.0000 1.0217
47.0000 1.0847
48.0000 1.0006
49.0000 0.9125
50.0000 0.8897
51.0000 0.8667
52.0000 0.8684
53.0000 0.9309
54.0000 1.0309
55.0000 1.0932
56.0000 1.1828
57.0000 1.2058
58.0000 1.1396
59.0000 1.1313
60.0000 1.2117
61.0000 1.2726
62.0000 1.3288
63.0000 1.3779
64.0000 1.4375
65.0000 1.5374
66.0000 1.6319
67.0000 1.7296
68.0000 1.7787
69.0000 1.8595
70.0000 1.8892
71.0000 1.9753
72.0000 1.9902
73.0000 1.8952
74.0000 1.8774
75.0000 1.9309
76.0000 1.9735
77.0000 2.0317
78.0000 2.0930
79.0000 2.0485
80.0000 2.0729
81.0000 2.0507
82.0000 1.9864
83.0000 1.9046
84.0000 1.8095
85.0000 1.7117
86.0000 1.6126
87.0000 1.5172
88.0000 1.4172
89.0000 1.3181
90.0000 1.2514
91.0000 1.1617
92.0000 1.0814
93.0000 0.9979
94.0000 0.9336
95.0000 0.9407
96.0000 0.9480
97.0000 0.9837
98.0000 0.8918
99.0000 0.7983
100.0000 0.7594
101.0000 0.7461
102.0000 0.8440
103.0000 0.9388
104.0000 1.0369
105.0000 1.1337
106.0000 1.1394
107.0000 1.2394
108.0000 1.3352
109.0000 1.4189
110.0000 1.4883
111.0000 1.5628
112.0000 1.6390
113.0000 1.7299
114.0000 1.8276
115.0000 1.9185
116.0000 1.9595
117.0000 2.0425
118.0000 2.0540
119.0000 2.0892
120.0000 2.0274
121.0000 1.9449
122.0000 1.8516
123.0000 1.8029
124.0000 1.7060
125.0000 1.6429
126.0000 1.5890
127.0000 1.6779
128.0000 1.7325
129.0000 1.8310
130.0000 1.9308
131.0000 1.9936
132.0000 1.9470
133.0000 2.0098
134.0000 2.0553
135.0000 2.0363
136.0000 2.0395
137.0000 1.9553
138.0000 1.8879
139.0000 1.8326
140.0000 1.7336
141.0000 1.6903
142.0000 1.7102
143.0000 1.7273
144.0000 1.7918
145.0000 1.7296
146.0000 1.6463
147.0000 1.5668
148.0000 1.5125
149.0000 1.4855
150.0000 1.4324
