1.0000 2.2639
2.0000 2.2288
3.0000 2.1697
4.0000 2.1848
5.0000 2.2324
6.0000 2.2755
7.0000 2.2649
8.0000 2.2323
9.0000 2.2782
10.0000 2.2922
11.0000 2.2368
12.0000 2.1371
13.0000 2.0840
14.0000 2.0033
15.0000 1.9058
16.0000 1.8251
17.0000 1.7261
18.0000 1.6514
19.0000 1.5567
20.0000 1.4570
21.0000 1.4406
22.0000 1.4084
23.0000 1.3850
24.0000 1.4832
25.0000 1.5650
26.0000 1.6568
27.0000 1.7425
28.0000 1.8279
29.0000 1.9049
30.0000 1.8439
31.0000 1.8403
32.0000 1.8846
33.0000 1.9845
34.0000 2.0205
35.0000 2.1068
36.0000 2.2051
37.0000 2.2042
38.0000 2.2463
39.0000 2.3384
40.0000 2.4281
41.0000 2.5224
42.0000 2.6189
43.0000 2.6774
44.0000 2.7357
45.0000 2.8343
46.0000 2.7902
47.0000 2.7198
48.0000 2.6448
49.0000 2.5519
50.0000 2.4829
51.0000 2.4641
52.0000 2.5144
53.0000 2.4412
54.0000 2.3457
55.0000 2.2677
56.0000 2.1713
57.0000 2.1444
58.0000 2.0508
59.0000 2.0333
60.0000 2.1262
61.0000 2.2133
62.0000 2.2090
63.0000 2.2279
64.0000 2.2801
65.0000 2.3706
66.0000 2.4183
67.0000 2.3241
68.0000 2.2733
69.0000 2.2888
70.0000 2.2563
71.0000 2.2403
72.0000 2.2557
73.0000 2.1570
74.0000 2.0660
75.0000 1.9690
76.0000 1.9146
77.0000 1.9476
78.0000 1.9068
79.0000 1.8246
80.0000 1.7321
81.0000 1.6554
82.0000 1.6193
83.0000 1.5600
84.0000 1.4601
85.0000 1.3664
86.0000 1.2803
87.0000 1.1817
88.0000 1.1557
89.0000 1.1657
90.0000 1.2178
91.0000 1.3091
92.0000 1.3748
93.0000 1.4469
94.0000 1.4615
95.0000 1.5613
96.0000 1.6360
97.0000 1.7345
98.0000 1.8057
99.0000 1.7809
100.0000 1.8793
101.0000 1.9793
102.0000 2.0570
103.0000 2.0669
104.0000 2.1217
105.0000 2.0582
106.0000 1.9740
107.0000 1.9443
108.0000 1.9226
109.0000 1.8497
110.0000 1.7918
111.0000 1.6921
112.0000 1.7132
113.0000 1.7748
114.0000 1.8001
115.0000 1.8055
116.0000 1.8567
117.0000 1.8860
118.0000 1.9732
119.0000 2.0291
120.0000 2.1196
121.0000 2.2190
122.0000 2.2964
123.0000 2.3951
124.0000 2.4430
125.0000 2.5314
126.0000 2.6277
127.0000 2.7274
128.0000 2.8104
129.0000 2.8417
130.0000 2.8316
131.0000 2.7813
132.0000 2.8254
133.0000 2.7978
134.0000 2.7822
135.0000 2.7494
136.0000 2.7009
137.0000 2.6306
138.0000 2.6038
139.0000 2.5311
140.0000 2.4528
141.0000 2.4651
142.0000 2.5389
143.0000 2.6155
144.0000 2.6425
145.0000 2.5502
146.0000 2.4551
147.0000 2.3588
148.0000 2.2899
149.0000 2.3019
150.0000 2.3291
