1.0000 2.1401
2.0000 2.0404
3.0000 1.9486
4.0000 1.8554
5.0000 1.7969
6.0000 1.7511
7.0000 1.6513
8.0000 1.6241
9.0000 1.5340
10.0000 1.5604
11.0000 1.5699
12.0000 1.4810
13.0000 1.4366
14.0000 1.3676
15.0000 1.4061
16.0000 1.4713
17.0000 1.4673
18.0000 1.3941
19.0000 1.3288
20.0000 1.3202
21.0000 1.2805
22.0000 1.2538
23.0000 1.1587
24.0000 1.0620
25.0000 0.9828
26.0000 0.9661
27.0000 0.8829
28.0000 0.7871
29.0000 0.7403
30.0000 0.7568
31.0000 0.6688
32.0000 0.7067
33.0000 0.6413
34.0000 0.5413
35.0000 0.4437
36.0000 0.3651
37.0000 0.2668
38.0000 0.1723
39.0000 0.1529
40.0000 0.2281
41.0000 0.2755
42.0000 0.3434
43.0000 0.3546
44.0000 0.4537
45.0000 0.5406
46.0000 0.5379
47.0000 0.6348
48.0000 0.7347
49.0000 0.8141
50.0000 0.8885
51.0000 0.9541
52.0000 1.0487
53.0000 1.1462
54.0000 1.2385
55.0000 1.3371
56.0000 1.4352
57.0000 1.5342
58.0000 1.6338
59.0000 1.7332
60.0000 1.7847
61.0000 1.8472
62.0000 1.7574
63.0000 1.6635
64.0000 1.5964
65.0000 1.6506
66.0000 1.7439
67.0000 1.7729
68.0000 1.8476
69.0000 1.8292
70.0000 1.7703
71.0000 1.8606
72.0000 1.9200
73.0000 1.9966
74.0000 2.0609
75.0000 2.0099
76.0000 1.9457
77.0000 1.8490
78.0000 1.7825
79.0000 1.7536
80.0000 1.6851
81.0000 1.5859
82.0000 1.5151
83.0000 1.4398
84.0000 1.4220
85.0000 1.3935
86.0000 1.3545
87.0000 1.3572
88.0000 1.4194
89.0000 1.5193
90.0000 1.5985
91.0000 1.5427
92.0000 1.5305
93.0000 1.6295
94.0000 1.7223
95.0000 1.7715
96.0000 1.8061
97.0000 1.7334
98.0000 1.7009
99.0000 1.7120
100.0000 1.6326
101.0000 1.6366
102.0000 1.6304
103.0000 1.5940
104.0000 1.6930
105.0000 1.7397
106.0000 1.8363
107.0000 1.9269
108.0000 1.8892
109.0000 1.9559
110.0000 1.9898
111.0000 2.0194
112.0000 2.0666
113.0000 2.1656
114.0000 2.2476
115.0000 2.2952
116.0000 2.3112
117.0000 2.3193
118.0000 2.2609
119.0000 2.3020
120.0000 2.3967
121.0000 2.4952
122.0000 2.5899
123.0000 2.6835
124.0000 2.7829
125.0000 2.8565
126.0000 2.9252
127.0000 2.9276
128.0000 2.9153
129.0000 2.9214
130.0000 3.0113
131.0000 2.9916
132.0000 3.0875
133.0000 3.0845
134.0000 3.1496
135.0000 3.2384
136.0000 3.3000
137.0000 3.3805
138.0000 3.4722
139.0000 3.5628
140.0000 3.5508
141.0000 3.4519
142.0000 3.3541
143.0000 3.3413
144.0000 3.3925
145.0000 3.4300
146.0000 3.3958
147.0000 3.2964
148.0000 3.1987
149.0000 3.1890
150.0000 3.1505
