1.0000 2.1652
2.0000 2.0677
3.0000 1.9851
4.0000 1.9702
5.0000 1.8748
6.0000 1.7796
7.0000 1.8205
8.0000 1.9190
9.0000 2.0183
10.0000 1.9765
11.0000 1.9501
12.0000 2.0207
13.0000 2.0758
14.0000 2.1719
15.0000 2.2101
16.0000 2.1317
17.0000 2.0479
18.0000 1.9481
19.0000 1.8481
20.0000 1.7495
21.0000 1.6604
22.0000 1.5604
23.0000 1.5124
24.0000 1.6017
25.0000 1.6979
26.0000 1.7964
27.0000 1.7612
28.0000 1.7125
29.0000 1.6134
30.0000 1.5663
31.0000 1.4856
32.0000 1.4489
33.0000 1.3707
34.0000 1.3048
35.0000 1.3641
36.0000 1.3508
37.0000 1.2681
38.0000 1.1712
39.0000 1.0850
40.0000 1.0042
41.0000 0.9345
42.0000 0.8968
43.0000 0.8165
44.0000 0.7343
45.0000 0.6447
46.0000 0.5582
47.0000 0.4622
48.0000 0.3800
49.0000 0.2811
50.0000 0.2800
51.0000 0.3478
52.0000 0.3226
53.0000 0.3461
54.0000 0.3784
55.0000 0.2816
56.0000 0.1951
57.0000 0.1841
58.0000 0.1867
59.0000 0.2142
60.0000 0.2714
61.0000 0.3434
62.0000 0.3627
63.0000 0.3264
64.0000 0.4008
65.0000 0.4948
66.0000 0.5945
67.0000 0.6943
68.0000 0.7884
69.0000 0.8870
70.0000 0.9400
71.0000 1.0390
72.0000 1.1346
73.0000 1.2202
74.0000 1.2611
75.0000 1.3538
76.0000 1.4460
77.0000 1.5458
78.0000 1.6410
79.0000 1.7112
80.0000 1.8040
81.0000 1.9039
82.0000 1.9921
83.0000 2.0920
84.0000 2.1713
85.0000 2.1351
86.0000 2.1433
87.0000 2.2376
88.0000 2.3375
89.0000 2.4319
90.0000 2.3934
91.0000 2.3287
92.0000 2.2292
93.0000 2.1571
94.0000 2.1056
95.0000 2.0836
96.0000 2.0772
97.0000 2.1512
98.0000 2.1277
99.0000 2.1258
100.0000 2.0533
101.0000 1.9611
102.0000 1.9051
103.0000 1.9200
104.0000 1.9077
105.0000 1.9755
106.0000 1.9684
107.0000 1.8832
108.0000 1.7898
109.0000 1.6961
110.0000 1.6000
111.0000 1.5070
112.0000 1.5517
113.0000 1.6398
114.0000 1.7366
115.0000 1.8304
116.0000 1.9304
117.0000 1.9338
118.0000 1.8614
119.0000 1.8497
120.0000 1.8973
121.0000 1.8326
122.0000 1.8674
123.0000 1.9123
124.0000 1.8534
125.0000 1.8114
126.0000 1.8799
127.0000 1.9566
128.0000 1.9900
129.0000 2.0885
130.0000 2.0586
131.0000 2.0023
132.0000 1.9431
133.0000 1.9077
134.0000 2.0068
135.0000 2.1011
136.0000 2.0940
137.0000 2.1182
138.0000 2.0902
139.0000 2.0468
140.0000 1.9971
141.0000 2.0141
142.0000 1.9513
143.0000 1.8520
144.0000 1.8020
145.0000 1.7581
146.0000 1.6915
147.0000 1.6007
148.0000 1.6615
149.0000 1.7610
150.0000 1.8375
