1.0000 2.1924
2.0000 2.1516
3.0000 2.2001
4.0000 2.1532
5.0000 2.1258
6.0000 2.0646
7.0000 1.9659
8.0000 1.8804
9.0000 1.7835
10.0000 1.6835
11.0000 1.6673
12.0000 1.5772
13.0000 1.4821
14.0000 1.4102
15.0000 1.4361
16.0000 1.4198
17.0000 1.3538
18.0000 1.2894
19.0000 1.2733
20.0000 1.2986
21.0000 1.3715
22.0000 1.3988
23.0000 1.4988
24.0000 1.5860
25.0000 1.5370
26.0000 1.5229
27.0000 1.5399
28.0000 1.5152
29.0000 1.5016
30.0000 1.4334
31.0000 1.3415
32.0000 1.3158
33.0000 1.4132
34.0000 1.5129
35.0000 1.6101
36.0000 1.6284
37.0000 1.5901
38.0000 1.6710
39.0000 1.7615
40.0000 1.8460
41.0000 1.9172
42.0000 2.0038
43.0000 2.0569
44.0000 2.0515
45.0000 2.0594
46.0000 2.0324
47.0000 2.0659
48.0000 2.0192
49.0000 2.0388
50.0000 1.9468
51.0000 1.8471
52.0000 1.7733
53.0000 1.7802
54.0000 1.8618
55.0000 1.9527
56.0000 2.0491
57.0000 2.1491
58.0000 2.2318
59.0000 2.1408
60.0000 2.0655
61.0000 2.0307
62.0000 2.0435
63.0000 1.9715
64.0000 1.8726
65.0000 1.8442
66.0000 1.7616
67.0000 1.7352
68.0000 1.7327
69.0000 1.8300
70.0000 1.9218
71.0000 1.9527
72.0000 1.9856
73.0000 2.0804
74.0000 2.1798
75.0000 2.2259
76.0000 2.2140
77.0000 2.3107
78.0000 2.3330
79.0000 2.3608
80.0000 2.4486
81.0000 2.3903
82.0000 2.2998
83.0000 2.2482
84.0000 2.1922
85.0000 2.2632
86.0000 2.2043
87.0000 2.1248
88.0000 2.1636
89.0000 2.1479
90.0000 2.2233
91.0000 2.3232
92.0000 2.3878
93.0000 2.4848
94.0000 2.4192
95.0000 2.4232
96.0000 2.3386
97.0000 2.3503
98.0000 2.3426
99.0000 2.2638
100.0000 2.1970
101.0000 2.1915
102.0000 2.1355
103.0000 2.0379
104.0000 1.9400
105.0000 1.8566
106.0000 1.7839
107.0000 1.7028
108.0000 1.8015
109.0000 1.8688
110.0000 1.9476
111.0000 2.0460
112.0000 2.1349
113.0000 2.1268
114.0000 2.0838
115.0000 2.0309
116.0000 2.0914
117.0000 2.0633
118.0000 1.9719
119.0000 1.8722
120.0000 1.7722
121.0000 1.6915
122.0000 1.5938
123.0000 1.4962
124.0000 1.5353
125.0000 1.5466
126.0000 1.5003
127.0000 1.5197
128.0000 1.6135
129.0000 1.6792
130.0000 1.7449
131.0000 1.6458
132.0000 1.6141
133.0000 1.5209
134.0000 1.5785
135.0000 1.6479
136.0000 1.6538
137.0000 1.5985
138.0000 1.5416
139.0000 1.5575
140.0000 1.6160
141.0000 1.6700
142.0000 1.6630
143.0000 1.6390
144.0000 1.5672
145.0000 1.4913
146.0000 1.4053
147.0000 1.4007
148.0000 1.3563
149.0000 1.3114
150.0000 1.3832
