1.0000 2.2770
2.0000 2.2188
3.0000 2.1547
4.0000 2.1350
5.0000 2.0636
6.0000 1.9906
7.0000 1.9649
8.0000 1.8835
9.0000 1.8598
10.0000 1.9277
11.0000 1.9095
12.0000 1.8394
13.0000 1.7493
14.0000 1.6645
15.0000 1.5672
16.0000 1.4693
17.0000 1.3779
18.0000 1.3003
19.0000 1.3087
20.0000 1.2744
21.0000 1.1984
22.0000 1.1671
23.0000 1.2610
24.0000 1.3112
25.0000 1.3842
26.0000 1.4815
27.0000 1.5331
28.0000 1.5533
29.0000 1.5610
30.0000 1.4857
31.0000 1.4076
32.0000 1.3231
33.0000 1.2373
34.0000 1.1454
35.0000 1.0457
36.0000 1.0253
37.0000 0.9265
38.0000 0.9058
39.0000 0.8164
40.0000 0.7388
41.0000 0.6699
42.0000 0.6241
43.0000 0.5636
44.0000 0.5026
45.0000 0.4350
46.0000 0.3838
47.0000 0.4175
48.0000 0.4562
49.0000 0.3678
50.0000 0.3197
51.0000 0.2538
52.0000 0.2237
53.0000 0.1406
54.0000 0.1026
55.0000 0.0463
56.0000 0.1325
57.0000 0.2308
58.0000 0.2926
59.0000 0.3744
60.0000 0.4642
61.0000 0.5364
62.0000 0.6362
63.0000 0.7098
64.0000 0.8098
65.0000 0.8948
66.0000 0.9948
67.0000 1.0629
68.0000 1.1517
69.0000 1.2485
70.0000 1.3309
71.0000 1.4297
72.0000 1.5104
73.0000 1.5535
74.0000 1.5415
75.0000 1.5778
76.0000 1.5957
77.0000 1.6345
78.0000 1.7205
79.0000 1.7916
80.0000 1.8893
81.0000 1.9893
82.0000 2.0838
83.0000 2.1757
84.0000 2.2457
85.0000 2.3317
86.0000 2.4057
87.0000 2.3961
88.0000 2.3390
89.0000 2.2461
90.0000 2.2080
91.0000 2.1913
92.0000 2.2728
93.0000 2.3501
94.0000 2.2577
95.0000 2.3096
96.0000 2.3144
97.0000 2.4140
98.0000 2.5094
99.0000 2.5852
100.0000 2.4898
101.0000 2.3942
102.0000 2.3095
103.0000 2.2296
104.0000 2.1936
105.0000 2.1357
106.0000 2.2302
107.0000 2.2588
108.0000 2.2849
109.0000 2.3374
110.0000 2.3529
111.0000 2.4488
112.0000 2.3920
113.0000 2.3247
114.0000 2.2510
115.0000 2.2391
116.0000 2.1617
117.0000 2.0691
118.0000 2.0816
119.0000 2.0186
120.0000 1.9748
121.0000 1.9671
122.0000 2.0643
123.0000 2.1267
124.0000 2.1355
125.0000 2.0355
126.0000 2.0387
127.0000 1.9990
128.0000 2.0968
129.0000 2.1762
130.0000 2.2429
131.0000 2.3156
132.0000 2.4075
133.0000 2.5062
134.0000 2.5059
135.0000 2.4634
136.0000 2.3709
137.0000 2.2801
138.0000 2.2387
139.0000 2.3291
140.0000 2.3839
141.0000 2.3225
142.0000 2.2243
143.0000 2.1665
144.0000 2.2307
145.0000 2.2697
146.0000 2.3417
147.0000 2.3786
148.0000 2.3867
149.0000 2.2868
150.0000 2.1936
