1.0000 2.1520
2.0000 2.0874
3.0000 1.9923
4.0000 1.8944
5.0000 1.8677
6.0000 1.9354
7.0000 2.0348
8.0000 2.1347
9.0000 2.2176
10.0000 2.2918
11.0000 2.3121
12.0000 2.2170
13.0000 2.1180
14.0000 2.0696
15.0000 1.9967
16.0000 1.9484
17.0000 1.8494
18.0000 1.7522
19.0000 1.6611
20.0000 1.5896
21.0000 1.6803
22.0000 1.7772
23.0000 1.8569
24.0000 1.8504
25.0000 1.7508
26.0000 1.7068
27.0000 1.6222
28.0000 1.5243
29.0000 1.4884
30.0000 1.5216
31.0000 1.6147
32.0000 1.7000
33.0000 1.6992
34.0000 1.7859
35.0000 1.8755
36.0000 1.9748
37.0000 1.9739
38.0000 1.9330
39.0000 1.8969
40.0000 1.9867
41.0000 2.0638
42.0000 2.0289
43.0000 1.9881
44.0000 1.8921
45.0000 1.8322
46.0000 1.7385
47.0000 1.6435
48.0000 1.5440
49.0000 1.4840
50.0000 1.4485
51.0000 1.3568
52.0000 1.3158
53.0000 1.2928
54.0000 1.2136
55.0000 1.1299
56.0000 1.0377
57.0000 1.0588
58.0000 1.0651
59.0000 1.1182
60.0000 1.1713
61.0000 1.2597
62.0000 1.3595
63.0000 1.3832
64.0000 1.3221
65.0000 1.2265
66.0000 1.1537
67.0000 1.0836
68.0000 0.9913
69.0000 1.0261
70.0000 0.9774
71.0000 0.8954
72.0000 0.9649
73.0000 1.0463
74.0000 1.0977
75.0000 1.1152
76.0000 1.1448
77.0000 1.2175
78.0000 1.2960
79.0000 1.3447
80.0000 1.3694
81.0000 1.4146
82.0000 1.4440
83.0000 1.4083
84.0000 1.4493
85.0000 1.5077
86.0000 1.4904
87.0000 1.5479
88.0000 1.6243
89.0000 1.6543
90.0000 1.7061
91.0000 1.7161
92.0000 1.6170
93.0000 1.5180
94.0000 1.4184
95.0000 1.3250
96.0000 1.2631
97.0000 1.3230
98.0000 1.3602
99.0000 1.3026
100.0000 1.2239
101.0000 1.1250
102.0000 1.1799
103.0000 1.1529
104.0000 1.1017
105.0000 1.1206
106.0000 1.2149
107.0000 1.2875
108.0000 1.2083
109.0000 1.1092
110.0000 1.0116
111.0000 0.9170
112.0000 0.9177
113.0000 0.8409
114.0000 0.8073
115.0000 0.8235
116.0000 0.7404
117.0000 0.6807
118.0000 0.6998
119.0000 0.6000
120.0000 0.5004
121.0000 0.4117
122.0000 0.3363
123.0000 0.4010
124.0000 0.4982
125.0000 0.5917
126.0000 0.6897
127.0000 0.7649
128.0000 0.8640
129.0000 0.9116
130.0000 0.9939
131.0000 1.0623
132.0000 0.9949
133.0000 0.9070
134.0000 0.9410
135.0000 0.9130
136.0000 0.9462
137.0000 0.9022
138.0000 0.8685
139.0000 0.8852
140.0000 0.9842
141.0000 0.9864
142.0000 0.8867
143.0000 0.8969
144.0000 0.8405
145.0000 0.8127
146.0000 0.8616
147.0000 0.8720
148.0000 0.8793
149.0000 0.8139
150.0000 0.7783
