1.0000 2.1378
2.0000 2.0422
3.0000 1.9866
4.0000 1.8899
5.0000 1.8039
6.0000 1.8269
7.0000 1.7479
8.0000 1.6712
9.0000 1.5792
10.0000 1.4793
11.0000 1.3947
12.0000 1.3399
13.0000 1.2441
14.0000 1.1741
15.0000 1.0864
16.0000 1.0061
17.0000 0.9790
18.0000 0.9706
19.0000 0.9238
20.0000 0.8244
21.0000 0.7303
22.0000 0.6995
23.0000 0.6031
24.0000 0.5325
25.0000 0.4502
26.0000 0.3643
27.0000 0.2828
28.0000 0.1987
29.0000 0.1030
30.0000 0.0223
31.0000 0.1184
32.0000 0.2154
33.0000 0.2932
34.0000 0.3400
35.0000 0.3350
36.0000 0.2493
37.0000 0.1843
38.0000 0.1921
39.0000 0.2458
40.0000 0.3188
41.0000 0.3939
42.0000 0.4887
43.0000 0.5853
44.0000 0.6613
45.0000 0.7611
46.0000 0.8558
47.0000 0.9122
48.0000 0.9520
49.0000 0.8972
50.0000 0.8028
51.0000 0.7059
52.0000 0.6067
53.0000 0.5631
54.0000 0.5533
55.0000 0.5689
56.0000 0.6596
57.0000 0.7394
58.0000 0.8124
59.0000 0.8903
60.0000 0.8859
61.0000 0.8967
62.0000 0.7967
63.0000 0.7055
64.0000 0.7301
65.0000 0.7904
66.0000 0.8585
67.0000 0.9580
68.0000 1.0579
69.0000 1.1508
70.0000 1.1393
71.0000 1.0397
72.0000 0.9419
73.0000 0.9204
74.0000 0.9891
75.0000 1.0758
76.0000 1.1756
77.0000 1.2527
78.0000 1.2521
79.0000 1.2250
80.0000 1.3230
81.0000 1.3409
82.0000 1.3611
83.0000 1.4168
84.0000 1.3799
85.0000 1.3491
86.0000 1.2595
87.0000 1.2229
88.0000 1.1857
89.0000 1.2225
90.0000 1.2626
91.0000 1.3446
92.0000 1.3961
93.0000 1.4869
94.0000 1.5750
95.0000 1.6286
96.0000 1.6606
97.0000 1.7582
98.0000 1.7451
99.0000 1.7105
100.0000 1.7214
101.0000 1.7220
102.0000 1.8012
103.0000 1.8282
104.0000 1.7981
105.0000 1.7785
106.0000 1.7811
107.0000 1.8810
108.0000 1.9584
109.0000 2.0562
110.0000 2.1316
111.0000 2.2167
112.0000 2.2626
113.0000 2.1716
114.0000 2.0719
115.0000 1.9721
116.0000 1.9323
117.0000 1.8944
118.0000 1.8053
119.0000 1.7128
120.0000 1.6428
121.0000 1.6459
122.0000 1.5468
123.0000 1.4511
124.0000 1.3648
125.0000 1.2649
126.0000 1.2748
127.0000 1.2521
128.0000 1.3242
129.0000 1.3762
130.0000 1.4301
131.0000 1.3325
132.0000 1.3143
133.0000 1.3194
134.0000 1.3829
135.0000 1.4829
136.0000 1.5828
137.0000 1.6719
138.0000 1.7701
139.0000 1.8308
140.0000 1.9209
141.0000 2.0209
142.0000 2.0494
143.0000 2.0558
144.0000 2.0995
145.0000 2.1890
146.0000 2.2864
147.0000 2.3573
148.0000 2.3397
149.0000 2.3951
150.0000 2.4124
