1.0000 2.1416
2.0000 2.0768
3.0000 2.0069
4.0000 1.9077
5.0000 1.8531
6.0000 1.7531
7.0000 1.7474
8.0000 1.6780
9.0000 1.5783
10.0000 1.5188
11.0000 1.5078
12.0000 1.4087
13.0000 1.3169
14.0000 1.3574
15.0000 1.4369
16.0000 1.4377
17.0000 1.5012
18.0000 1.5668
19.0000 1.5067
20.0000 1.5332
21.0000 1.6133
22.0000 1.6954
23.0000 1.7477
24.0000 1.6852
25.0000 1.5913
26.0000 1.5000
27.0000 1.4549
28.0000 1.3686
29.0000 1.2723
30.0000 1.3438
31.0000 1.3563
32.0000 1.4149
33.0000 1.4178
34.0000 1.4314
35.0000 1.3420
36.0000 1.3580
37.0000 1.4577
38.0000 1.5577
39.0000 1.6576
40.0000 1.7574
41.0000 1.8353
42.0000 1.8494
43.0000 1.9188
44.0000 2.0014
45.0000 2.0924
46.0000 2.1923
47.0000 2.2729
48.0000 2.2788
49.0000 2.2657
50.0000 2.3431
51.0000 2.3833
52.0000 2.4800
53.0000 2.5075
54.0000 2.4737
55.0000 2.4838
56.0000 2.4789
57.0000 2.5567
58.0000 2.6011
59.0000 2.5160
60.0000 2.4738
61.0000 2.3812
62.0000 2.2905
63.0000 2.3731
64.0000 2.3868
65.0000 2.4625
66.0000 2.3944
67.0000 2.3340
68.0000 2.2343
69.0000 2.2187
70.0000 2.2997
71.0000 2.3042
72.0000 2.3410
73.0000 2.3873
74.0000 2.4634
75.0000 2.5244
76.0000 2.6243
77.0000 2.7184
78.0000 2.7357
79.0000 2.6370
80.0000 2.5561
81.0000 2.4561
82.0000 2.3566
83.0000 2.3112
84.0000 2.2477
85.0000 2.3276
86.0000 2.4083
87.0000 2.4958
88.0000 2.5747
89.0000 2.5762
90.0000 2.4882
91.0000 2.4946
92.0000 2.3955
93.0000 2.3107
94.0000 2.2111
95.0000 2.1118
96.0000 2.0489
97.0000 1.9942
98.0000 2.0214
99.0000 2.0548
100.0000 2.1003
101.0000 2.1430
102.0000 2.2365
103.0000 2.3234
104.0000 2.4097
105.0000 2.4973
106.0000 2.5958
107.0000 2.6462
108.0000 2.7188
109.0000 2.6997
110.0000 2.6000
111.0000 2.5431
112.0000 2.5785
113.0000 2.6681
114.0000 2.6039
115.0000 2.5089
116.0000 2.4092
117.0000 2.3416
118.0000 2.2855
119.0000 2.2677
120.0000 2.2513
121.0000 2.2271
122.0000 2.2674
123.0000 2.1890
124.0000 2.1536
125.0000 2.0987
126.0000 2.1242
127.0000 2.0243
128.0000 2.0645
129.0000 2.1627
130.0000 2.2351
131.0000 2.2202
132.0000 2.1906
133.0000 2.0924
134.0000 2.0162
135.0000 1.9423
136.0000 1.9057
137.0000 1.8255
138.0000 1.8459
139.0000 1.8873
140.0000 1.8226
141.0000 1.8625
142.0000 1.8932
143.0000 1.9392
144.0000 2.0141
145.0000 2.0704
146.0000 2.0545
147.0000 1.9559
148.0000 1.8915
149.0000 1.9386
150.0000 2.0376
