1.0000 2.1881
2.0000 2.1809
3.0000 2.1229
4.0000 2.0230
5.0000 1.9490
6.0000 1.8970
7.0000 1.9160
8.0000 1.9261
9.0000 1.8914
10.0000 1.9317
11.0000 1.9341
12.0000 1.9548
13.0000 1.8562
14.0000 1.7565
15.0000 1.6831
16.0000 1.7113
17.0000 1.8110
18.0000 1.8808
19.0000 1.8382
20.0000 1.9023
21.0000 1.9878
22.0000 1.9861
23.0000 2.0852
24.0000 2.0265
25.0000 1.9809
26.0000 2.0288
27.0000 2.0306
28.0000 2.0979
29.0000 2.0873
30.0000 2.0408
31.0000 2.0690
32.0000 2.1288
33.0000 2.2149
34.0000 2.3143
35.0000 2.4117
36.0000 2.5055
37.0000 2.4972
38.0000 2.4173
39.0000 2.3505
40.0000 2.2507
41.0000 2.1517
42.0000 2.1121
43.0000 2.0185
44.0000 1.9187
45.0000 1.8437
46.0000 1.7535
47.0000 1.6536
48.0000 1.6069
49.0000 1.5289
50.0000 1.4587
51.0000 1.3847
52.0000 1.2971
53.0000 1.3330
54.0000 1.3138
55.0000 1.3295
56.0000 1.4116
57.0000 1.4348
58.0000 1.4170
59.0000 1.3254
60.0000 1.2468
61.0000 1.2764
62.0000 1.2202
63.0000 1.2367
64.0000 1.2722
65.0000 1.3584
66.0000 1.3900
67.0000 1.4457
68.0000 1.3588
69.0000 1.2720
70.0000 1.2497
71.0000 1.3147
72.0000 1.4143
73.0000 1.4857
74.0000 1.5821
75.0000 1.6725
76.0000 1.7275
77.0000 1.8259
78.0000 1.9218
79.0000 1.9773
80.0000 2.0271
81.0000 2.1082
82.0000 2.1335
83.0000 2.0737
84.0000 2.0269
85.0000 1.9855
86.0000 1.9198
87.0000 1.8204
88.0000 1.7492
89.0000 1.7145
90.0000 1.7540
91.0000 1.7762
92.0000 1.8077
93.0000 1.8820
94.0000 1.9814
95.0000 2.0719
96.0000 2.1091
97.0000 2.1111
98.0000 2.1118
99.0000 2.0314
100.0000 2.0594
101.0000 1.9906
102.0000 1.8944
103.0000 1.7985
104.0000 1.7353
105.0000 1.6590
106.0000 1.6277
107.0000 1.6096
108.0000 1.5913
109.0000 1.6496
110.0000 1.7049
111.0000 1.7753
112.0000 1.7204
113.0000 1.7223
114.0000 1.7668
115.0000 1.6718
116.0000 1.6171
117.0000 1.5849
118.0000 1.5119
119.0000 1.4386
120.0000 1.3483
121.0000 1.2486
122.0000 1.2192
123.0000 1.3025
124.0000 1.3492
125.0000 1.3672
126.0000 1.3250
127.0000 1.2280
128.0000 1.2043
129.0000 1.3003
130.0000 1.3984
131.0000 1.4944
132.0000 1.5565
133.0000 1.6196
134.0000 1.6856
135.0000 1.6689
136.0000 1.5692
137.0000 1.4919
138.0000 1.3966
139.0000 1.3945
140.0000 1.3235
141.0000 1.2603
142.0000 1.1773
143.0000 1.1516
144.0000 1.1311
145.0000 1.0611
146.0000 0.9948
147.0000 1.0033
148.0000 1.0392
149.0000 0.9734
150.0000 1.0249
