1.0000 2.1480
2.0000 2.0931
3.0000 1.9946
4.0000 1.8981
5.0000 1.8041
6.0000 1.7155
7.0000 1.6208
8.0000 1.5388
9.0000 1.4625
10.0000 1.5277
11.0000 1.6226
12.0000 1.5733
13.0000 1.5668
14.0000 1.6097
15.0000 1.6896
16.0000 1.7894
17.0000 1.8760
18.0000 1.8651
19.0000 1.7906
20.0000 1.6906
21.0000 1.6514
22.0000 1.5816
23.0000 1.5668
24.0000 1.6324
25.0000 1.7203
26.0000 1.7554
27.0000 1.7644
28.0000 1.7770
29.0000 1.8750
30.0000 1.9659
31.0000 2.0659
32.0000 2.1257
33.0000 2.1194
34.0000 2.1194
35.0000 2.0247
36.0000 1.9517
37.0000 1.8587
38.0000 1.8444
39.0000 1.9027
40.0000 1.9736
41.0000 2.0565
42.0000 1.9573
43.0000 1.9476
44.0000 1.8553
45.0000 1.8187
46.0000 1.8942
47.0000 1.9941
48.0000 1.9199
49.0000 1.8201
50.0000 1.8276
51.0000 1.8602
52.0000 1.8608
53.0000 1.8072
54.0000 1.7763
55.0000 1.8737
56.0000 1.9374
57.0000 2.0372
58.0000 2.0512
59.0000 1.9512
60.0000 1.8579
61.0000 1.8175
62.0000 1.8332
63.0000 1.8949
64.0000 1.9030
65.0000 1.9158
66.0000 1.8459
67.0000 1.7661
68.0000 1.6706
69.0000 1.6366
70.0000 1.6858
71.0000 1.6900
72.0000 1.7359
73.0000 1.7286
74.0000 1.7709
75.0000 1.8635
76.0000 1.8980
77.0000 1.8029
78.0000 1.7029
79.0000 1.6079
80.0000 1.5454
81.0000 1.4987
82.0000 1.5314
83.0000 1.5910
84.0000 1.6833
85.0000 1.7824
86.0000 1.8800
87.0000 1.9770
88.0000 2.0753
89.0000 2.1606
90.0000 2.2444
91.0000 2.1763
92.0000 2.0803
93.0000 2.0552
94.0000 1.9623
95.0000 1.9087
96.0000 1.8090
97.0000 1.7248
98.0000 1.7540
99.0000 1.8151
100.0000 1.8084
101.0000 1.8776
102.0000 1.9765
103.0000 2.0590
104.0000 2.1584
105.0000 2.1912
106.0000 2.2912
107.0000 2.3112
108.0000 2.2246
109.0000 2.1791
110.0000 2.1148
111.0000 2.1033
112.0000 2.0135
113.0000 2.0361
114.0000 2.0438
115.0000 2.0334
116.0000 2.1304
117.0000 2.2231
118.0000 2.2923
119.0000 2.3917
120.0000 2.4712
121.0000 2.4628
122.0000 2.5046
123.0000 2.4653
124.0000 2.4023
125.0000 2.3033
126.0000 2.3698
127.0000 2.4285
128.0000 2.4994
129.0000 2.4138
130.0000 2.3243
131.0000 2.2569
132.0000 2.2291
133.0000 2.1359
134.0000 2.1060
135.0000 2.0064
136.0000 1.9102
137.0000 1.8128
138.0000 1.7976
139.0000 1.7397
140.0000 1.6648
141.0000 1.5691
142.0000 1.4856
143.0000 1.4024
144.0000 1.3588
145.0000 1.3176
146.0000 1.3746
147.0000 1.4672
148.0000 1.5661
149.0000 1.6661
150.0000 1.6627
