1.0000 2.1764
2.0000 2.1374
3.0000 2.0926
4.0000 2.1162
5.0000 2.0593
6.0000 2.1462
7.0000 2.2034
8.0000 2.2203
9.0000 2.2916
10.0000 2.3563
11.0000 2.4563
12.0000 2.5527
13.0000 2.6469
14.0000 2.7238
15.0000 2.7761
16.0000 2.7966
17.0000 2.7015
18.0000 2.6750
19.0000 2.7135
20.0000 2.7556
21.0000 2.8555
22.0000 2.7677
23.0000 2.7291
24.0000 2.6414
25.0000 2.5415
26.0000 2.4593
27.0000 2.3677
28.0000 2.2879
29.0000 2.2011
30.0000 2.1033
31.0000 2.0079
32.0000 1.9084
33.0000 1.8551
34.0000 1.8055
35.0000 1.7519
36.0000 1.7325
37.0000 1.7094
38.0000 1.6628
39.0000 1.5830
40.0000 1.5883
41.0000 1.5157
42.0000 1.5004
43.0000 1.5459
44.0000 1.5727
45.0000 1.4992
46.0000 1.4035
47.0000 1.3036
48.0000 1.2208
49.0000 1.1226
50.0000 1.0343
51.0000 0.9386
52.0000 0.9236
53.0000 0.9711
54.0000 1.0384
55.0000 1.1351
56.0000 1.1971
57.0000 1.2703
58.0000 1.3479
59.0000 1.3771
60.0000 1.4406
61.0000 1.4353
62.0000 1.4180
63.0000 1.3256
64.0000 1.2257
65.0000 1.1331
66.0000 1.0342
67.0000 1.0262
68.0000 1.1068
69.0000 1.1966
70.0000 1.2362
71.0000 1.3318
72.0000 1.4164
73.0000 1.4653
74.0000 1.3937
75.0000 1.3130
76.0000 1.2433
77.0000 1.1451
78.0000 1.0962
79.0000 1.0848
80.0000 0.9849
81.0000 0.9401
82.0000 0.8736
83.0000 0.7741
84.0000 0.7084
85.0000 0.8080
86.0000 0.8932
87.0000 0.8862
88.0000 0.8285
89.0000 0.7605
90.0000 0.8436
91.0000 0.9252
92.0000 1.0094
93.0000 1.0456
94.0000 1.0915
95.0000 1.1845
96.0000 1.1135
97.0000 1.0218
98.0000 0.9380
99.0000 0.8771
100.0000 0.9312
101.0000 1.0048
102.0000 1.0574
103.0000 1.1571
104.0000 1.2419
105.0000 1.2228
106.0000 1.1829
107.0000 1.0857
108.0000 0.9968
109.0000 0.9735
110.0000 0.8771
111.0000 0.8562
112.0000 0.8461
113.0000 0.8573
114.0000 0.8251
115.0000 0.9186
116.0000 0.9468
117.0000 0.8804
118.0000 0.7830
119.0000 0.6837
120.0000 0.6358
121.0000 0.6318
122.0000 0.6991
123.0000 0.7979
124.0000 0.8919
125.0000 0.9499
126.0000 0.9650
127.0000 1.0008
128.0000 0.9593
129.0000 0.9222
130.0000 0.8880
131.0000 0.9338
132.0000 1.0112
133.0000 1.1056
134.0000 1.2056
135.0000 1.2975
136.0000 1.3404
137.0000 1.4354
138.0000 1.3372
139.0000 1.2535
140.0000 1.2787
141.0000 1.2841
142.0000 1.3815
143.0000 1.4735
144.0000 1.5735
145.0000 1.6565
146.0000 1.6756
147.0000 1.6993
148.0000 1.7007
149.0000 1.7169
150.0000 1.6938
