1.0000 2.1373
2.0000 2.0630
3.0000 2.0965
4.0000 2.0794
5.0000 2.0112
6.0000 1.9931
7.0000 1.9525
8.0000 1.9006
9.0000 1.9861
10.0000 2.0860
11.0000 2.1708
12.0000 2.2629
13.0000 2.3550
14.0000 2.3864
15.0000 2.3582
16.0000 2.3824
17.0000 2.3426
18.0000 2.4187
19.0000 2.3353
20.0000 2.2713
21.0000 2.1936
22.0000 2.2648
23.0000 2.2636
24.0000 2.1985
25.0000 2.1592
26.0000 2.1059
27.0000 2.1554
28.0000 2.0886
29.0000 1.9922
30.0000 1.9805
31.0000 1.9803
32.0000 2.0793
33.0000 2.1786
34.0000 2.2520
35.0000 2.3148
36.0000 2.4119
37.0000 2.4719
38.0000 2.3903
39.0000 2.3189
40.0000 2.3485
41.0000 2.3639
42.0000 2.3670
43.0000 2.3413
44.0000 2.2741
45.0000 2.2233
46.0000 2.1506
47.0000 2.0950
48.0000 2.1946
49.0000 2.2861
50.0000 2.3681
51.0000 2.4489
52.0000 2.5202
53.0000 2.6078
54.0000 2.6528
55.0000 2.5540
56.0000 2.5544
57.0000 2.4694
58.0000 2.3700
59.0000 2.4602
60.0000 2.4106
61.0000 2.3785
62.0000 2.3393
63.0000 2.3298
64.0000 2.4166
65.0000 2.4646
66.0000 2.4846
67.0000 2.5040
68.0000 2.4089
69.0000 2.3296
70.0000 2.2340
71.0000 2.1361
72.0000 2.0708
73.0000 1.9738
74.0000 1.9533
75.0000 1.9566
76.0000 1.9688
77.0000 1.8930
78.0000 1.8981
79.0000 1.8490
80.0000 1.7500
81.0000 1.7208
82.0000 1.7021
83.0000 1.7471
84.0000 1.8073
85.0000 1.8282
86.0000 1.9264
87.0000 1.9462
88.0000 1.9876
89.0000 2.0424
90.0000 2.1165
91.0000 2.2147
92.0000 2.3144
93.0000 2.3861
94.0000 2.4838
95.0000 2.5681
96.0000 2.6670
97.0000 2.7596
98.0000 2.8152
99.0000 2.7572
100.0000 2.7921
101.0000 2.8497
102.0000 2.8127
103.0000 2.7164
104.0000 2.6166
105.0000 2.5190
106.0000 2.4237
107.0000 2.3883
108.0000 2.2883
109.0000 2.2928
110.0000 2.2566
111.0000 2.1657
112.0000 2.0693
113.0000 2.0627
114.0000 1.9750
115.0000 1.9617
116.0000 1.9019
117.0000 1.8184
118.0000 1.7247
119.0000 1.6264
120.0000 1.6692
121.0000 1.7324
122.0000 1.8324
123.0000 1.9301
124.0000 2.0218
125.0000 2.1042
126.0000 2.1570
127.0000 2.2468
128.0000 2.3386
129.0000 2.3432
130.0000 2.2522
131.0000 2.1757
132.0000 2.0946
133.0000 2.0510
134.0000 1.9578
135.0000 1.9050
136.0000 1.8346
137.0000 1.7348
138.0000 1.6498
139.0000 1.5690
140.0000 1.4814
141.0000 1.5340
142.0000 1.6323
143.0000 1.7321
144.0000 1.8318
145.0000 1.8877
146.0000 1.9703
147.0000 2.0525
148.0000 2.1511
149.0000 2.1974
150.0000 2.1450
