1.0000 2.2470
2.0000 2.2519
3.0000 2.2624
4.0000 2.3094
5.0000 2.3897
6.0000 2.4396
7.0000 2.4553
8.0000 2.4152
9.0000 2.4484
10.0000 2.5218
11.0000 2.5311
12.0000 2.4417
13.0000 2.3815
14.0000 2.4805
15.0000 2.5679
16.0000 2.6221
17.0000 2.7192
18.0000 2.7771
19.0000 2.8238
20.0000 2.7363
21.0000 2.6414
22.0000 2.5416
23.0000 2.4503
24.0000 2.3523
25.0000 2.3373
26.0000 2.3781
27.0000 2.4364
28.0000 2.5311
29.0000 2.5404
30.0000 2.5924
31.0000 2.5570
32.0000 2.4577
33.0000 2.3672
34.0000 2.3173
35.0000 2.2304
36.0000 2.2482
37.0000 2.2853
38.0000 2.3471
39.0000 2.4398
40.0000 2.5285
41.0000 2.5051
42.0000 2.5371
43.0000 2.5900
44.0000 2.6706
45.0000 2.7703
46.0000 2.7747
47.0000 2.7168
48.0000 2.6388
49.0000 2.6168
50.0000 2.5486
51.0000 2.6470
52.0000 2.6558
53.0000 2.6691
54.0000 2.7290
55.0000 2.8264
56.0000 2.7975
57.0000 2.7405
58.0000 2.7021
59.0000 2.6539
60.0000 2.5921
61.0000 2.6256
62.0000 2.5256
63.0000 2.4261
64.0000 2.4392
65.0000 2.5059
66.0000 2.5256
67.0000 2.5272
68.0000 2.5503
69.0000 2.5848
70.0000 2.5277
71.0000 2.4422
72.0000 2.3733
73.0000 2.2780
74.0000 2.1787
75.0000 2.1283
76.0000 2.0283
77.0000 2.0095
78.0000 2.0010
79.0000 2.0375
80.0000 2.0737
81.0000 2.1631
82.0000 2.2535
83.0000 2.2903
84.0000 2.2518
85.0000 2.3242
86.0000 2.4229
87.0000 2.4249
88.0000 2.3513
89.0000 2.2597
90.0000 2.1745
91.0000 2.1687
92.0000 2.1142
93.0000 2.0478
94.0000 1.9916
95.0000 2.0250
96.0000 2.0686
97.0000 2.0197
98.0000 2.0845
99.0000 2.1634
100.0000 2.2633
101.0000 2.3324
102.0000 2.3786
103.0000 2.4046
104.0000 2.5015
105.0000 2.5996
106.0000 2.6616
107.0000 2.6128
108.0000 2.6063
109.0000 2.6602
110.0000 2.6731
111.0000 2.7644
112.0000 2.6861
113.0000 2.6851
114.0000 2.7197
115.0000 2.7302
116.0000 2.8008
117.0000 2.8545
118.0000 2.8035
119.0000 2.7243
120.0000 2.6290
121.0000 2.5321
122.0000 2.4659
123.0000 2.4985
124.0000 2.5118
125.0000 2.5347
126.0000 2.5685
127.0000 2.6683
128.0000 2.6747
129.0000 2.6330
130.0000 2.5867
131.0000 2.4901
132.0000 2.3991
133.0000 2.3020
134.0000 2.2155
135.0000 2.1331
136.0000 2.0342
137.0000 1.9407
138.0000 1.8587
139.0000 1.8007
140.0000 1.7557
141.0000 1.7978
142.0000 1.8015
143.0000 1.8382
144.0000 1.8642
145.0000 1.9633
146.0000 2.0631
147.0000 2.0913
148.0000 2.1527
149.0000 2.0697
150.0000 1.9750
