1.0000 2.2026
2.0000 2.2400
3.0000 2.3272
4.0000 2.3736
5.0000 2.2838
6.0000 2.3333
7.0000 2.4261
8.0000 2.4857
9.0000 2.5836
10.0000 2.6554
11.0000 2.7312
12.0000 2.7281
13.0000 2.7424
14.0000 2.6451
15.0000 2.5649
16.0000 2.4780
17.0000 2.3815
18.0000 2.3361
19.0000 2.3025
20.0000 2.2136
21.0000 2.1836
22.0000 2.1433
23.0000 2.0859
24.0000 2.0610
25.0000 1.9848
26.0000 1.8867
27.0000 1.8390
28.0000 1.8545
29.0000 1.9030
30.0000 1.9148
31.0000 1.9121
32.0000 1.9815
33.0000 1.9537
34.0000 1.8800
35.0000 1.7887
36.0000 1.6906
37.0000 1.6147
38.0000 1.5609
39.0000 1.5217
40.0000 1.5864
41.0000 1.6013
42.0000 1.6989
43.0000 1.7604
44.0000 1.8587
45.0000 1.9452
46.0000 2.0401
47.0000 1.9526
48.0000 1.8619
49.0000 1.7769
50.0000 1.6784
51.0000 1.5870
52.0000 1.5495
53.0000 1.5888
54.0000 1.6213
55.0000 1.6052
56.0000 1.5280
57.0000 1.5221
58.0000 1.5760
59.0000 1.6120
60.0000 1.5335
61.0000 1.4380
62.0000 1.4015
63.0000 1.3506
64.0000 1.4148
65.0000 1.4756
66.0000 1.5745
67.0000 1.5493
68.0000 1.5395
69.0000 1.5082
70.0000 1.5431
71.0000 1.6137
72.0000 1.5475
73.0000 1.5000
74.0000 1.5694
75.0000 1.5699
76.0000 1.6674
77.0000 1.6472
78.0000 1.5675
79.0000 1.5189
80.0000 1.5050
81.0000 1.6000
82.0000 1.6495
83.0000 1.7315
84.0000 1.7585
85.0000 1.7772
86.0000 1.8232
87.0000 1.9095
88.0000 1.9960
89.0000 1.9397
90.0000 1.9721
91.0000 2.0080
92.0000 1.9848
93.0000 1.9850
94.0000 1.8855
95.0000 1.7867
96.0000 1.6882
97.0000 1.6283
98.0000 1.5566
99.0000 1.4620
100.0000 1.3685
101.0000 1.3000
102.0000 1.3380
103.0000 1.4036
104.0000 1.4154
105.0000 1.3277
106.0000 1.2495
107.0000 1.3467
108.0000 1.4375
109.0000 1.5315
110.0000 1.6009
111.0000 1.6782
112.0000 1.6689
113.0000 1.5827
114.0000 1.5460
115.0000 1.4938
116.0000 1.4333
117.0000 1.4127
118.0000 1.4476
119.0000 1.3553
120.0000 1.4539
121.0000 1.5517
122.0000 1.6502
123.0000 1.7199
124.0000 1.8199
125.0000 1.9116
126.0000 1.9849
127.0000 2.0660
128.0000 2.1359
129.0000 2.1548
130.0000 2.1410
131.0000 2.0694
132.0000 1.9904
133.0000 1.9505
134.0000 2.0419
135.0000 2.1284
136.0000 2.1359
137.0000 2.0382
138.0000 1.9601
139.0000 1.8676
140.0000 1.7716
141.0000 1.7031
142.0000 1.6046
143.0000 1.6514
144.0000 1.6562
145.0000 1.6193
146.0000 1.6118
147.0000 1.5757
148.0000 1.4770
149.0000 1.3958
150.0000 1.3172
