1.0000 2.1383
2.0000 2.0453
3.0000 1.9488
4.0000 1.8490
5.0000 1.7491
6.0000 1.7585
7.0000 1.7373
8.0000 1.7489
9.0000 1.7710
10.0000 1.8063
11.0000 1.7482
12.0000 1.7255
13.0000 1.6760
14.0000 1.5766
15.0000 1.4906
16.0000 1.3933
17.0000 1.3351
18.0000 1.3317
19.0000 1.4113
20.0000 1.5108
21.0000 1.5957
22.0000 1.6814
23.0000 1.7357
24.0000 1.7528
25.0000 1.7340
26.0000 1.6917
27.0000 1.7397
28.0000 1.7376
29.0000 1.7912
30.0000 1.8902
31.0000 1.9759
32.0000 2.0735
33.0000 2.1347
34.0000 2.1281
35.0000 2.0308
36.0000 1.9514
37.0000 1.8752
38.0000 1.8712
39.0000 1.7910
40.0000 1.7297
41.0000 1.7513
42.0000 1.7351
43.0000 1.6452
44.0000 1.5862
45.0000 1.5764
46.0000 1.4824
47.0000 1.3836
48.0000 1.3010
49.0000 1.2101
50.0000 1.1479
51.0000 1.0481
52.0000 0.9583
53.0000 0.8596
54.0000 0.8472
55.0000 0.7825
56.0000 0.8749
57.0000 0.9730
58.0000 1.0411
59.0000 1.0640
60.0000 0.9649
61.0000 0.8862
62.0000 0.7863
63.0000 0.7004
64.0000 0.6059
65.0000 0.5088
66.0000 0.5935
67.0000 0.5546
68.0000 0.6520
69.0000 0.6982
70.0000 0.6838
71.0000 0.5944
72.0000 0.5902
73.0000 0.5610
74.0000 0.4950
75.0000 0.4362
76.0000 0.4905
77.0000 0.5328
78.0000 0.5736
79.0000 0.6736
80.0000 0.7538
81.0000 0.8009
82.0000 0.7647
83.0000 0.6693
84.0000 0.5814
85.0000 0.5079
86.0000 0.4159
87.0000 0.3162
88.0000 0.2405
89.0000 0.1452
90.0000 0.0943
91.0000 0.1931
92.0000 0.2883
93.0000 0.3597
94.0000 0.4592
95.0000 0.5477
96.0000 0.6452
97.0000 0.5999
98.0000 0.6450
99.0000 0.6525
100.0000 0.6296
101.0000 0.6023
102.0000 0.5617
103.0000 0.6284
104.0000 0.6079
105.0000 0.6051
106.0000 0.5492
107.0000 0.5877
108.0000 0.5598
109.0000 0.5203
110.0000 0.4308
111.0000 0.3728
112.0000 0.3187
113.0000 0.3952
114.0000 0.4795
115.0000 0.5543
116.0000 0.6436
117.0000 0.7150
118.0000 0.7857
119.0000 0.7715
120.0000 0.8697
121.0000 0.8913
122.0000 0.9866
123.0000 1.0755
124.0000 1.1686
125.0000 1.2561
126.0000 1.2886
127.0000 1.2733
128.0000 1.3385
129.0000 1.4189
130.0000 1.4362
131.0000 1.5357
132.0000 1.6224
133.0000 1.5846
134.0000 1.5754
135.0000 1.4869
136.0000 1.3870
137.0000 1.3044
138.0000 1.2058
139.0000 1.1704
140.0000 1.0789
141.0000 0.9828
142.0000 1.0066
143.0000 1.0903
144.0000 1.1772
145.0000 1.2606
146.0000 1.3606
147.0000 1.3130
148.0000 1.2248
149.0000 1.1261
150.0000 1.0378
