1.0000 2.1812
2.0000 2.0848
3.0000 1.9947
4.0000 1.9046
5.0000 1.8120
6.0000 1.7767
7.0000 1.7711
8.0000 1.7173
9.0000 1.7449
10.0000 1.7064
11.0000 1.7048
12.0000 1.6048
13.0000 1.5231
14.0000 1.4352
15.0000 1.3368
16.0000 1.2726
17.0000 1.1846
18.0000 1.0883
19.0000 0.9885
20.0000 0.8902
21.0000 0.9050
22.0000 0.9991
23.0000 1.0673
24.0000 1.0867
25.0000 0.9884
26.0000 0.9221
27.0000 0.8505
28.0000 0.8300
29.0000 0.8927
30.0000 0.9556
31.0000 0.9209
32.0000 0.8232
33.0000 0.7544
34.0000 0.6674
35.0000 0.5932
36.0000 0.5261
37.0000 0.5566
38.0000 0.6396
39.0000 0.5947
40.0000 0.5184
41.0000 0.4685
42.0000 0.3717
43.0000 0.2891
44.0000 0.2042
45.0000 0.1053
46.0000 0.0200
47.0000 0.0947
48.0000 0.1483
49.0000 0.1757
50.0000 0.0985
51.0000 0.1967
52.0000 0.2727
53.0000 0.3435
54.0000 0.4392
55.0000 0.5095
56.0000 0.6042
57.0000 0.7041
58.0000 0.7643
59.0000 0.8347
60.0000 0.9043
61.0000 0.9006
62.0000 0.9894
63.0000 1.0800
64.0000 1.1792
65.0000 1.2123
66.0000 1.2756
67.0000 1.3438
68.0000 1.4404
69.0000 1.5214
70.0000 1.5602
71.0000 1.6595
72.0000 1.5890
73.0000 1.5940
74.0000 1.4980
75.0000 1.4036
76.0000 1.3044
77.0000 1.2256
78.0000 1.1267
79.0000 1.0938
80.0000 1.0701
81.0000 1.1471
82.0000 1.2461
83.0000 1.3454
84.0000 1.4412
85.0000 1.5410
86.0000 1.6229
87.0000 1.7228
88.0000 1.7730
89.0000 1.7916
90.0000 1.8653
91.0000 1.9548
92.0000 2.0397
93.0000 2.0661
94.0000 2.0868
95.0000 2.1328
96.0000 2.1223
97.0000 2.0419
98.0000 1.9546
99.0000 1.8635
100.0000 1.7983
101.0000 1.7236
102.0000 1.7070
103.0000 1.7229
104.0000 1.7966
105.0000 1.8715
106.0000 1.9511
107.0000 2.0326
108.0000 2.0798
109.0000 2.1526
110.0000 2.1949
111.0000 2.1790
112.0000 2.2431
113.0000 2.3194
114.0000 2.2294
115.0000 2.1735
116.0000 2.2697
117.0000 2.3558
118.0000 2.3073
119.0000 2.2978
120.0000 2.3311
121.0000 2.4072
122.0000 2.3838
123.0000 2.4770
124.0000 2.5724
125.0000 2.6330
126.0000 2.5747
127.0000 2.5159
128.0000 2.4473
129.0000 2.3480
130.0000 2.2535
131.0000 2.1538
132.0000 2.0751
133.0000 2.0803
134.0000 2.1796
135.0000 2.2789
136.0000 2.3687
137.0000 2.3533
138.0000 2.3660
139.0000 2.3054
140.0000 2.2464
141.0000 2.1494
142.0000 2.0515
143.0000 1.9525
144.0000 1.8907
145.0000 1.8454
146.0000 1.8995
147.0000 1.9557
148.0000 2.0032
149.0000 2.0259
150.0000 2.0046
