1.0000 2.2595
2.0000 2.2223
3.0000 2.1340
4.0000 2.0431
5.0000 1.9464
6.0000 1.8488
7.0000 1.7535
8.0000 1.6989
9.0000 1.6644
10.0000 1.6669
11.0000 1.6924
12.0000 1.7295
13.0000 1.7035
14.0000 1.7025
15.0000 1.7811
16.0000 1.8562
17.0000 1.9312
18.0000 1.9483
19.0000 1.8795
20.0000 1.8921
21.0000 1.9385
22.0000 1.9819
23.0000 1.9869
24.0000 1.9785
25.0000 2.0739
26.0000 2.1081
27.0000 2.1847
28.0000 2.1470
29.0000 2.1377
30.0000 2.0744
31.0000 1.9956
32.0000 1.8970
33.0000 1.8049
34.0000 1.7367
35.0000 1.6442
36.0000 1.5458
37.0000 1.4993
38.0000 1.4601
39.0000 1.3692
40.0000 1.2747
41.0000 1.2521
42.0000 1.2390
43.0000 1.2989
44.0000 1.3726
45.0000 1.4625
46.0000 1.5253
47.0000 1.4515
48.0000 1.4732
49.0000 1.5253
50.0000 1.5493
51.0000 1.6444
52.0000 1.6772
53.0000 1.7613
54.0000 1.8381
55.0000 1.9132
56.0000 1.8996
57.0000 1.8667
58.0000 1.8177
59.0000 1.8816
60.0000 1.8924
61.0000 1.8567
62.0000 1.7945
63.0000 1.7209
64.0000 1.6777
65.0000 1.6802
66.0000 1.7231
67.0000 1.7459
68.0000 1.8202
69.0000 1.8843
70.0000 1.9063
71.0000 1.9724
72.0000 2.0618
73.0000 2.1595
74.0000 2.1413
75.0000 2.1279
76.0000 2.1966
77.0000 2.2745
78.0000 2.2457
79.0000 2.2841
80.0000 2.3245
81.0000 2.3886
82.0000 2.3874
83.0000 2.3001
84.0000 2.2658
85.0000 2.1754
86.0000 2.0929
87.0000 2.1812
88.0000 2.1595
89.0000 2.1882
90.0000 2.0955
91.0000 1.9982
92.0000 1.8991
93.0000 1.8230
94.0000 1.7800
95.0000 1.7281
96.0000 1.7362
97.0000 1.8362
98.0000 1.9346
99.0000 2.0266
100.0000 2.1182
101.0000 2.2169
102.0000 2.2813
103.0000 2.1859
104.0000 2.0903
105.0000 2.0780
106.0000 1.9870
107.0000 1.9082
108.0000 1.8083
109.0000 1.7682
110.0000 1.7893
111.0000 1.8743
112.0000 1.9598
113.0000 1.9326
114.0000 1.9263
115.0000 1.8652
116.0000 1.8292
117.0000 1.9152
118.0000 1.9773
119.0000 2.0764
120.0000 2.1710
121.0000 2.2507
122.0000 2.1898
123.0000 2.1495
124.0000 2.0495
125.0000 1.9505
126.0000 1.8506
127.0000 1.8521
128.0000 1.7623
129.0000 1.6641
130.0000 1.5678
131.0000 1.5373
132.0000 1.4893
133.0000 1.5035
134.0000 1.4474
135.0000 1.3529
136.0000 1.2949
137.0000 1.2574
138.0000 1.2504
139.0000 1.1508
140.0000 1.0522
141.0000 1.0377
142.0000 0.9815
143.0000 0.9656
144.0000 0.9635
145.0000 0.8653
146.0000 0.7785
147.0000 0.6867
148.0000 0.6034
149.0000 0.5347
150.0000 0.5041
