1.0000 2.1690
2.0000 2.2257
3.0000 2.1951
4.0000 2.1337
5.0000 2.0609
6.0000 1.9659
7.0000 1.8728
8.0000 1.8120
9.0000 1.7120
10.0000 1.6595
11.0000 1.5867
12.0000 1.5013
13.0000 1.4057
14.0000 1.3757
15.0000 1.3888
16.0000 1.3477
17.0000 1.3878
18.0000 1.4797
19.0000 1.5438
20.0000 1.5187
21.0000 1.5407
22.0000 1.5194
23.0000 1.4347
24.0000 1.3425
25.0000 1.2441
26.0000 1.1446
27.0000 1.0552
28.0000 1.0388
29.0000 1.0551
30.0000 1.1458
31.0000 1.1627
32.0000 1.2475
33.0000 1.3041
34.0000 1.3556
35.0000 1.4108
36.0000 1.3891
37.0000 1.3769
38.0000 1.3242
39.0000 1.2689
40.0000 1.1743
41.0000 1.1497
42.0000 1.2358
43.0000 1.3229
44.0000 1.4120
45.0000 1.4842
46.0000 1.5728
47.0000 1.5407
48.0000 1.4558
49.0000 1.4196
50.0000 1.3245
51.0000 1.3385
52.0000 1.2721
53.0000 1.2134
54.0000 1.1405
55.0000 1.1094
56.0000 1.1630
57.0000 1.2334
58.0000 1.2070
59.0000 1.2004
60.0000 1.1409
61.0000 1.0990
62.0000 1.0305
63.0000 0.9679
64.0000 0.9533
65.0000 1.0531
66.0000 1.1531
67.0000 1.2401
68.0000 1.3088
69.0000 1.3863
70.0000 1.4845
71.0000 1.5061
72.0000 1.5468
73.0000 1.6454
74.0000 1.7453
75.0000 1.8242
76.0000 1.9074
77.0000 2.0040
78.0000 2.0545
79.0000 2.1159
80.0000 2.1583
81.0000 2.0670
82.0000 2.0166
83.0000 2.0815
84.0000 2.1210
85.0000 2.1981
86.0000 2.2283
87.0000 2.2437
88.0000 2.2163
89.0000 2.2666
90.0000 2.2281
91.0000 2.1303
92.0000 2.0418
93.0000 1.9430
94.0000 1.8430
95.0000 1.7521
96.0000 1.6554
97.0000 1.5585
98.0000 1.4753
99.0000 1.4130
100.0000 1.4959
101.0000 1.5160
102.0000 1.5023
103.0000 1.4038
104.0000 1.3342
105.0000 1.2501
106.0000 1.1514
107.0000 1.0605
108.0000 1.0168
109.0000 0.9177
110.0000 0.8260
111.0000 0.7260
112.0000 0.6797
113.0000 0.6966
114.0000 0.7066
115.0000 0.6481
116.0000 0.5732
117.0000 0.4754
118.0000 0.4365
119.0000 0.4484
120.0000 0.4764
121.0000 0.5438
122.0000 0.5175
123.0000 0.4737
124.0000 0.4095
125.0000 0.3099
126.0000 0.3009
127.0000 0.3072
128.0000 0.2844
129.0000 0.2490
130.0000 0.1822
131.0000 0.1083
132.0000 0.0119
133.0000 0.0900
134.0000 0.1639
135.0000 0.2405
136.0000 0.3099
137.0000 0.2314
138.0000 0.2937
139.0000 0.3790
140.0000 0.4570
141.0000 0.5529
142.0000 0.6169
143.0000 0.7150
144.0000 0.8144
145.0000 0.8977
146.0000 0.9940
147.0000 0.9814
148.0000 1.0066
149.0000 0.9970
150.0000 1.0099
