1.0000 2.1569
2.0000 2.0806
3.0000 2.0841
4.0000 2.0855
5.0000 2.0369
6.0000 1.9941
7.0000 1.9361
8.0000 1.8937
9.0000 1.9564
10.0000 1.9665
11.0000 1.8873
12.0000 1.7879
13.0000 1.7852
14.0000 1.7873
15.0000 1.6879
16.0000 1.7243
17.0000 1.7085
18.0000 1.7003
19.0000 1.6493
20.0000 1.6014
21.0000 1.5420
22.0000 1.6111
23.0000 1.7111
24.0000 1.8049
25.0000 1.9041
26.0000 1.9993
27.0000 2.0939
28.0000 2.1354
29.0000 2.0455
30.0000 1.9933
31.0000 1.9046
32.0000 1.9141
33.0000 1.9972
34.0000 2.0967
35.0000 2.1638
36.0000 2.1635
37.0000 2.1037
38.0000 2.0908
39.0000 2.1842
40.0000 2.2675
41.0000 2.3421
42.0000 2.4098
43.0000 2.4987
44.0000 2.5763
45.0000 2.6698
46.0000 2.6618
47.0000 2.7259
48.0000 2.6810
49.0000 2.6507
50.0000 2.5599
51.0000 2.4605
52.0000 2.5106
53.0000 2.4942
54.0000 2.5866
55.0000 2.6542
56.0000 2.6566
57.0000 2.5567
58.0000 2.5373
59.0000 2.5061
60.0000 2.4921
61.0000 2.5354
62.0000 2.4972
63.0000 2.3973
64.0000 2.3308
65.0000 2.2428
66.0000 2.1510
67.0000 2.0997
68.0000 2.1970
69.0000 2.1968
70.0000 2.1197
71.0000 2.1522
72.0000 2.2415
73.0000 2.3071
74.0000 2.4052
75.0000 2.4966
76.0000 2.4376
77.0000 2.4315
78.0000 2.3598
79.0000 2.3857
80.0000 2.2991
81.0000 2.3076
82.0000 2.2093
83.0000 2.1102
84.0000 2.1139
85.0000 2.1488
86.0000 2.1325
87.0000 2.1284
88.0000 2.0289
89.0000 1.9315
90.0000 1.9109
91.0000 1.9856
92.0000 2.0856
93.0000 2.1674
94.0000 2.2382
95.0000 2.3342
96.0000 2.4338
97.0000 2.5280
98.0000 2.6264
99.0000 2.6942
100.0000 2.7890
101.0000 2.8485
102.0000 2.8900
103.0000 2.8931
104.0000 2.8374
105.0000 2.7558
106.0000 2.7395
107.0000 2.6554
108.0000 2.5562
109.0000 2.5172
110.0000 2.4179
111.0000 2.4805
112.0000 2.5803
113.0000 2.6802
114.0000 2.7315
115.0000 2.7972
116.0000 2.8034
117.0000 2.8445
118.0000 2.7484
119.0000 2.6592
120.0000 2.6166
121.0000 2.5226
122.0000 2.4419
123.0000 2.3462
124.0000 2.2515
125.0000 2.1516
126.0000 2.1100
127.0000 2.1244
128.0000 2.1601
129.0000 2.1715
130.0000 2.2502
131.0000 2.2091
132.0000 2.1115
133.0000 2.0544
134.0000 2.0166
135.0000 2.1019
136.0000 2.1413
137.0000 2.2202
138.0000 2.2317
139.0000 2.2702
140.0000 2.2421
141.0000 2.3393
142.0000 2.4298
143.0000 2.5263
144.0000 2.6019
145.0000 2.7018
146.0000 2.7856
147.0000 2.8401
148.0000 2.8543
149.0000 2.7795
150.0000 2.7005
