1.0000 2.1678
2.0000 2.1536
3.0000 2.0737
4.0000 1.9957
5.0000 1.9112
6.0000 1.8286
7.0000 1.7290
8.0000 1.7426
9.0000 1.8424
10.0000 1.9399
11.0000 1.9309
12.0000 1.8781
13.0000 1.9603
14.0000 2.0542
15.0000 2.1517
16.0000 2.1807
17.0000 2.2803
18.0000 2.3781
19.0000 2.3998
20.0000 2.4580
21.0000 2.5580
22.0000 2.5746
23.0000 2.4768
24.0000 2.3768
25.0000 2.2823
26.0000 2.1824
27.0000 2.1014
28.0000 2.1434
29.0000 2.2213
30.0000 2.2034
31.0000 2.1718
32.0000 2.0968
33.0000 2.0807
34.0000 2.0135
35.0000 2.0373
36.0000 1.9589
37.0000 1.8677
38.0000 1.9040
39.0000 1.9538
40.0000 2.0433
41.0000 2.1385
42.0000 2.2384
43.0000 2.3382
44.0000 2.4378
45.0000 2.5256
46.0000 2.6220
47.0000 2.7106
48.0000 2.6676
49.0000 2.5678
50.0000 2.5014
51.0000 2.5228
52.0000 2.4567
53.0000 2.4329
54.0000 2.3360
55.0000 2.2803
56.0000 2.1888
57.0000 2.1139
58.0000 2.0611
59.0000 1.9836
60.0000 1.8837
61.0000 1.8831
62.0000 1.9509
63.0000 2.0440
64.0000 2.1293
65.0000 2.2229
66.0000 2.3146
67.0000 2.3814
68.0000 2.3774
69.0000 2.2827
70.0000 2.2624
71.0000 2.3169
72.0000 2.3995
73.0000 2.4931
74.0000 2.4120
75.0000 2.3964
76.0000 2.3332
77.0000 2.2333
78.0000 2.2861
79.0000 2.3684
80.0000 2.3285
81.0000 2.3498
82.0000 2.2499
83.0000 2.1922
84.0000 2.1728
85.0000 2.1221
86.0000 2.2152
87.0000 2.3139
88.0000 2.3905
89.0000 2.4822
90.0000 2.5802
91.0000 2.6606
92.0000 2.6949
93.0000 2.6518
94.0000 2.5518
95.0000 2.4564
96.0000 2.4000
97.0000 2.3298
98.0000 2.2479
99.0000 2.2167
100.0000 2.1341
101.0000 2.1354
102.0000 2.1081
103.0000 2.0435
104.0000 2.0184
105.0000 1.9560
106.0000 1.8565
107.0000 1.8629
108.0000 1.8985
109.0000 1.9934
110.0000 2.0716
111.0000 2.0942
112.0000 2.0974
113.0000 2.1629
114.0000 2.1523
115.0000 2.0673
116.0000 2.1232
117.0000 2.1681
118.0000 2.1051
119.0000 2.1683
120.0000 2.2643
121.0000 2.3343
122.0000 2.4201
123.0000 2.4220
124.0000 2.3550
125.0000 2.3370
126.0000 2.2713
127.0000 2.3283
128.0000 2.4273
129.0000 2.5068
130.0000 2.4162
131.0000 2.4669
132.0000 2.5227
133.0000 2.4234
134.0000 2.3736
135.0000 2.2852
136.0000 2.1919
137.0000 2.1134
138.0000 2.2054
139.0000 2.3035
140.0000 2.4034
141.0000 2.4469
142.0000 2.3817
143.0000 2.3825
144.0000 2.4272
145.0000 2.4856
146.0000 2.4392
147.0000 2.3548
148.0000 2.3398
149.0000 2.3128
150.0000 2.2132
