1.0000 2.1880
2.0000 2.1697
3.0000 2.0768
4.0000 2.0269
5.0000 1.9644
6.0000 1.9270
7.0000 1.9728
8.0000 2.0516
9.0000 2.1139
10.0000 2.0931
11.0000 2.1927
12.0000 2.2791
13.0000 2.3355
14.0000 2.3976
15.0000 2.4936
16.0000 2.4673
17.0000 2.4631
18.0000 2.4035
19.0000 2.3837
20.0000 2.4721
21.0000 2.5582
22.0000 2.5513
23.0000 2.5763
24.0000 2.5995
25.0000 2.6659
26.0000 2.7629
27.0000 2.7784
28.0000 2.8562
29.0000 2.7692
30.0000 2.6963
31.0000 2.6392
32.0000 2.5614
33.0000 2.5408
34.0000 2.4774
35.0000 2.3820
36.0000 2.3008
37.0000 2.2283
38.0000 2.1698
39.0000 2.1664
40.0000 2.1743
41.0000 2.0762
42.0000 1.9796
43.0000 1.9171
44.0000 1.8217
45.0000 1.7572
46.0000 1.6587
47.0000 1.6106
48.0000 1.5437
49.0000 1.4478
50.0000 1.3484
51.0000 1.2577
52.0000 1.2477
53.0000 1.2730
54.0000 1.3114
55.0000 1.2124
56.0000 1.1552
57.0000 1.0764
58.0000 1.0293
59.0000 0.9995
60.0000 1.0707
61.0000 1.1524
62.0000 1.2376
63.0000 1.3336
64.0000 1.4311
65.0000 1.4094
66.0000 1.3096
67.0000 1.2420
68.0000 1.1422
69.0000 1.0458
70.0000 1.0542
71.0000 1.0493
72.0000 1.1088
73.0000 1.0999
74.0000 1.0438
75.0000 0.9679
76.0000 0.9344
77.0000 0.9601
78.0000 0.8968
79.0000 0.9379
80.0000 0.9158
81.0000 0.9954
82.0000 1.0930
83.0000 1.1881
84.0000 1.2880
85.0000 1.2837
86.0000 1.3626
87.0000 1.4383
88.0000 1.3487
89.0000 1.3063
90.0000 1.2613
91.0000 1.1731
92.0000 1.0748
93.0000 0.9818
94.0000 0.8819
95.0000 0.8074
96.0000 0.7100
97.0000 0.7083
98.0000 0.7405
99.0000 0.8047
100.0000 0.8608
101.0000 0.9469
102.0000 1.0107
103.0000 1.1046
104.0000 1.1491
105.0000 1.2303
106.0000 1.2569
107.0000 1.3192
108.0000 1.4141
109.0000 1.4715
110.0000 1.5594
111.0000 1.5558
112.0000 1.5564
113.0000 1.6300
114.0000 1.7291
115.0000 1.7956
116.0000 1.7797
117.0000 1.7394
118.0000 1.6732
119.0000 1.5883
120.0000 1.4892
121.0000 1.3911
122.0000 1.2977
123.0000 1.2193
124.0000 1.1792
125.0000 1.1097
126.0000 1.0101
127.0000 0.9102
128.0000 0.8989
129.0000 0.8558
130.0000 0.8513
131.0000 0.8385
132.0000 0.8776
133.0000 0.9724
134.0000 0.8934
135.0000 0.8485
136.0000 0.7917
137.0000 0.7006
138.0000 0.6238
139.0000 0.6486
140.0000 0.7482
141.0000 0.8482
142.0000 0.8700
143.0000 0.8166
144.0000 0.7671
145.0000 0.6684
146.0000 0.5826
147.0000 0.4859
148.0000 0.4000
149.0000 0.3073
150.0000 0.2675
