1.0000 2.2480
2.0000 2.2710
3.0000 2.2648
4.0000 2.3319
5.0000 2.3703
6.0000 2.4703
7.0000 2.5622
8.0000 2.6308
9.0000 2.6472
10.0000 2.6587
11.0000 2.6156
12.0000 2.7086
13.0000 2.6147
14.0000 2.5809
15.0000 2.5764
16.0000 2.5678
17.0000 2.5815
18.0000 2.6814
19.0000 2.7340
20.0000 2.7803
21.0000 2.7239
22.0000 2.7022
23.0000 2.6061
24.0000 2.5408
25.0000 2.4844
26.0000 2.4865
27.0000 2.5069
28.0000 2.4936
29.0000 2.3980
30.0000 2.3035
31.0000 2.2091
32.0000 2.1691
33.0000 2.0906
34.0000 2.0254
35.0000 1.9254
36.0000 1.8497
37.0000 1.9183
38.0000 2.0082
39.0000 1.9877
40.0000 1.9687
41.0000 1.9734
42.0000 1.9920
43.0000 2.0289
44.0000 1.9929
45.0000 1.9126
46.0000 1.8235
47.0000 1.7315
48.0000 1.6590
49.0000 1.5694
50.0000 1.4839
51.0000 1.4599
52.0000 1.4835
53.0000 1.5834
54.0000 1.6828
55.0000 1.7741
56.0000 1.8735
57.0000 1.9566
58.0000 2.0491
59.0000 2.1297
60.0000 2.1549
61.0000 2.1313
62.0000 2.1787
63.0000 2.2770
64.0000 2.3640
65.0000 2.4418
66.0000 2.5407
67.0000 2.6393
68.0000 2.6042
69.0000 2.6901
70.0000 2.7250
71.0000 2.7499
72.0000 2.7448
73.0000 2.6474
74.0000 2.6729
75.0000 2.7090
76.0000 2.7817
77.0000 2.8458
78.0000 2.8399
79.0000 2.7974
80.0000 2.8120
81.0000 2.7291
82.0000 2.6806
83.0000 2.6487
84.0000 2.5489
85.0000 2.4491
86.0000 2.3665
87.0000 2.2667
88.0000 2.2811
89.0000 2.2852
90.0000 2.3175
91.0000 2.3203
92.0000 2.3539
93.0000 2.4506
94.0000 2.5497
95.0000 2.6337
96.0000 2.6989
97.0000 2.7346
98.0000 2.8076
99.0000 2.7832
100.0000 2.7673
101.0000 2.8360
102.0000 2.8324
103.0000 2.7388
104.0000 2.6498
105.0000 2.5861
106.0000 2.4944
107.0000 2.3948
108.0000 2.3129
109.0000 2.3207
110.0000 2.4133
111.0000 2.4839
112.0000 2.4697
113.0000 2.3708
114.0000 2.2713
115.0000 2.1785
116.0000 2.1621
117.0000 2.2218
118.0000 2.1744
119.0000 2.1203
120.0000 2.2153
121.0000 2.2320
122.0000 2.3143
123.0000 2.3325
124.0000 2.3114
125.0000 2.2349
126.0000 2.1364
127.0000 2.0678
128.0000 1.9872
129.0000 1.9845
130.0000 1.8867
131.0000 1.7921
132.0000 1.7489
133.0000 1.7572
134.0000 1.7293
135.0000 1.6780
136.0000 1.6102
137.0000 1.5507
138.0000 1.4646
139.0000 1.4304
140.0000 1.4052
141.0000 1.4172
142.0000 1.3276
143.0000 1.2289
144.0000 1.1882
145.0000 1.0893
146.0000 0.9948
147.0000 0.9584
148.0000 0.9399
149.0000 0.9909
150.0000 1.0447
