1.0000 2.1398
2.0000 2.0432
3.0000 1.9648
4.0000 1.8662
5.0000 1.7681
6.0000 1.6787
7.0000 1.6136
8.0000 1.5313
9.0000 1.4349
10.0000 1.3647
11.0000 1.3510
12.0000 1.3379
13.0000 1.2588
14.0000 1.1601
15.0000 1.0798
16.0000 1.1083
17.0000 1.0427
18.0000 0.9427
19.0000 0.8840
20.0000 0.9108
21.0000 0.8865
22.0000 0.8667
23.0000 0.8747
24.0000 0.8907
25.0000 0.9453
26.0000 1.0313
27.0000 1.1259
28.0000 1.1801
29.0000 1.1144
30.0000 1.0277
31.0000 0.9659
32.0000 0.8712
33.0000 0.8407
34.0000 0.9374
35.0000 1.0369
36.0000 1.1166
37.0000 1.1959
38.0000 1.1849
39.0000 1.1370
40.0000 1.0376
41.0000 0.9633
42.0000 0.9495
43.0000 0.8578
44.0000 0.7705
45.0000 0.7464
46.0000 0.6677
47.0000 0.7631
48.0000 0.8491
49.0000 0.9314
50.0000 0.9392
51.0000 0.9893
52.0000 0.8956
53.0000 0.8223
54.0000 0.7560
55.0000 0.7255
56.0000 0.8247
57.0000 0.9099
58.0000 0.9675
59.0000 0.9597
60.0000 1.0440
61.0000 1.0955
62.0000 1.1509
63.0000 1.1062
64.0000 1.0658
65.0000 0.9666
66.0000 0.8708
67.0000 0.7890
68.0000 0.6976
69.0000 0.6015
70.0000 0.5272
71.0000 0.4597
72.0000 0.4913
73.0000 0.4963
74.0000 0.4384
75.0000 0.5311
76.0000 0.5262
77.0000 0.4917
78.0000 0.4316
79.0000 0.3575
80.0000 0.3685
81.0000 0.4066
82.0000 0.4996
83.0000 0.5824
84.0000 0.6682
85.0000 0.7539
86.0000 0.8331
87.0000 0.8899
88.0000 0.8960
89.0000 0.9180
90.0000 0.9835
91.0000 1.0676
92.0000 1.1603
93.0000 1.2593
94.0000 1.2835
95.0000 1.3642
96.0000 1.4634
97.0000 1.5477
98.0000 1.6215
99.0000 1.6587
100.0000 1.6512
101.0000 1.5914
102.0000 1.5844
103.0000 1.5855
104.0000 1.4925
105.0000 1.4298
106.0000 1.3386
107.0000 1.2557
108.0000 1.1997
109.0000 1.1942
110.0000 1.2632
111.0000 1.2383
112.0000 1.1493
113.0000 1.1191
114.0000 1.0345
115.0000 0.9424
116.0000 0.9304
117.0000 0.9393
118.0000 0.9515
119.0000 0.8992
120.0000 0.9154
121.0000 0.8846
122.0000 0.8534
123.0000 0.7639
124.0000 0.6771
125.0000 0.6179
126.0000 0.6607
127.0000 0.5770
128.0000 0.4833
129.0000 0.3834
130.0000 0.2836
131.0000 0.2001
132.0000 0.1639
133.0000 0.1744
134.0000 0.1356
135.0000 0.1806
136.0000 0.2662
137.0000 0.3129
138.0000 0.4059
139.0000 0.4739
140.0000 0.5538
141.0000 0.6332
142.0000 0.7292
143.0000 0.7718
144.0000 0.7837
145.0000 0.6939
146.0000 0.6606
147.0000 0.5951
148.0000 0.5004
149.0000 0.5403
150.0000 0.5123
