1.0000 2.2159
2.0000 2.2984
3.0000 2.3236
4.0000 2.3302
5.0000 2.3523
6.0000 2.4176
7.0000 2.3793
8.0000 2.3283
9.0000 2.2987
10.0000 2.2604
11.0000 2.3570
12.0000 2.4167
13.0000 2.5166
14.0000 2.6160
15.0000 2.6976
16.0000 2.7129
17.0000 2.8084
18.0000 2.7727
19.0000 2.7942
20.0000 2.7977
21.0000 2.7856
22.0000 2.8506
23.0000 2.7569
24.0000 2.6921
25.0000 2.7012
26.0000 2.7718
27.0000 2.6913
28.0000 2.5984
29.0000 2.5246
30.0000 2.5751
31.0000 2.6459
32.0000 2.7439
33.0000 2.8391
34.0000 2.8282
35.0000 2.8023
36.0000 2.8248
37.0000 2.7359
38.0000 2.6405
39.0000 2.6543
40.0000 2.6062
41.0000 2.5141
42.0000 2.4863
43.0000 2.5729
44.0000 2.5087
45.0000 2.4640
46.0000 2.3654
47.0000 2.3424
48.0000 2.3682
49.0000 2.2774
50.0000 2.1781
51.0000 2.0833
52.0000 1.9915
53.0000 1.9451
54.0000 1.9891
55.0000 1.9048
56.0000 1.8728
57.0000 1.7898
58.0000 1.6923
59.0000 1.6586
60.0000 1.6271
61.0000 1.7047
62.0000 1.8020
63.0000 1.8998
64.0000 1.9792
65.0000 2.0759
66.0000 2.1385
67.0000 2.1810
68.0000 2.1989
69.0000 2.2056
70.0000 2.1974
71.0000 2.2805
72.0000 2.3617
73.0000 2.4347
74.0000 2.3386
75.0000 2.2682
76.0000 2.1932
77.0000 2.1720
78.0000 2.1070
79.0000 2.0729
80.0000 2.1301
81.0000 2.1955
82.0000 2.2945
83.0000 2.3814
84.0000 2.4678
85.0000 2.5152
86.0000 2.5006
87.0000 2.4275
88.0000 2.3409
89.0000 2.2749
90.0000 2.1795
91.0000 2.0841
92.0000 1.9952
93.0000 1.9000
94.0000 1.8006
95.0000 1.8536
96.0000 1.7805
97.0000 1.7405
98.0000 1.7367
99.0000 1.7878
100.0000 1.8508
101.0000 1.9339
102.0000 2.0076
103.0000 2.1074
104.0000 2.0826
105.0000 2.0144
106.0000 2.0064
107.0000 2.0850
108.0000 2.1207
109.0000 2.1632
110.0000 2.2615
111.0000 2.3539
112.0000 2.2848
113.0000 2.2049
114.0000 2.1403
115.0000 2.1493
116.0000 2.1167
117.0000 2.0208
118.0000 1.9934
119.0000 1.9010
120.0000 1.8251
121.0000 1.7769
122.0000 1.7694
123.0000 1.8238
124.0000 1.9047
125.0000 1.8688
126.0000 1.8530
127.0000 1.8700
128.0000 1.7773
129.0000 1.7536
130.0000 1.7988
131.0000 1.8154
132.0000 1.7436
133.0000 1.7980
134.0000 1.7504
135.0000 1.7825
136.0000 1.8717
137.0000 1.9698
138.0000 1.9950
139.0000 2.0948
140.0000 2.0535
141.0000 2.1242
142.0000 2.1423
143.0000 2.1413
144.0000 2.2204
145.0000 2.2752
146.0000 2.2908
147.0000 2.3575
148.0000 2.4156
149.0000 2.4895
150.0000 2.5454
