1.0000 2.1696
2.0000 2.0704
3.0000 1.9898
4.0000 1.8907
5.0000 1.8152
6.0000 1.7628
7.0000 1.6829
8.0000 1.5852
9.0000 1.5192
10.0000 1.4300
11.0000 1.3519
12.0000 1.2523
13.0000 1.1727
14.0000 1.0760
15.0000 1.0289
16.0000 0.9290
17.0000 0.8900
18.0000 0.7920
19.0000 0.7107
20.0000 0.6168
21.0000 0.5204
22.0000 0.4321
23.0000 0.5224
24.0000 0.5979
25.0000 0.6563
26.0000 0.6879
27.0000 0.5945
28.0000 0.4990
29.0000 0.3991
30.0000 0.3974
31.0000 0.4942
32.0000 0.5555
33.0000 0.6546
34.0000 0.7545
35.0000 0.8448
36.0000 0.9266
37.0000 1.0249
38.0000 1.1248
39.0000 1.2001
40.0000 1.2276
41.0000 1.2615
42.0000 1.2711
43.0000 1.2145
44.0000 1.1468
45.0000 1.0857
46.0000 1.0047
47.0000 1.0342
48.0000 1.0309
49.0000 1.0658
50.0000 1.1260
51.0000 1.0623
52.0000 0.9663
53.0000 0.8685
54.0000 0.8515
55.0000 0.9262
56.0000 1.0261
57.0000 1.0770
58.0000 1.0789
59.0000 1.0295
60.0000 0.9426
61.0000 0.8523
62.0000 0.7880
63.0000 0.6964
64.0000 0.6064
65.0000 0.6467
66.0000 0.6811
67.0000 0.7807
68.0000 0.8760
69.0000 0.9692
70.0000 1.0161
71.0000 1.0429
72.0000 1.0282
73.0000 0.9724
74.0000 0.9768
75.0000 0.9797
76.0000 0.9983
77.0000 0.9659
78.0000 1.0256
79.0000 1.0781
80.0000 1.1040
81.0000 1.1936
82.0000 1.2427
83.0000 1.1564
84.0000 1.1260
85.0000 1.1027
86.0000 1.0031
87.0000 0.9050
88.0000 0.8206
89.0000 0.7426
90.0000 0.7057
91.0000 0.6245
92.0000 0.5358
93.0000 0.4973
94.0000 0.4671
95.0000 0.3884
96.0000 0.3664
97.0000 0.4258
98.0000 0.4726
99.0000 0.4714
100.0000 0.4589
101.0000 0.5341
102.0000 0.6185
103.0000 0.6528
104.0000 0.6539
105.0000 0.6888
106.0000 0.7861
107.0000 0.8286
108.0000 0.8183
109.0000 0.7687
110.0000 0.6911
111.0000 0.7652
112.0000 0.8192
113.0000 0.8826
114.0000 0.9689
115.0000 1.0616
116.0000 1.0646
117.0000 1.1214
118.0000 1.0382
119.0000 0.9779
120.0000 1.0391
121.0000 1.1095
122.0000 1.0180
123.0000 0.9196
124.0000 0.8359
125.0000 0.7663
126.0000 0.7586
127.0000 0.7051
128.0000 0.7001
129.0000 0.6363
130.0000 0.6495
131.0000 0.5638
132.0000 0.4664
133.0000 0.3788
134.0000 0.3461
135.0000 0.3947
136.0000 0.4759
137.0000 0.4247
138.0000 0.3261
139.0000 0.2918
140.0000 0.2195
141.0000 0.2030
142.0000 0.2080
143.0000 0.1151
144.0000 0.2150
145.0000 0.2885
146.0000 0.2982
147.0000 0.3834
148.0000 0.3094
149.0000 0.2674
150.0000 0.2841
