1.0000 2.1787
2.0000 2.1733
3.0000 2.0910
4.0000 2.0970
5.0000 2.0690
6.0000 2.0066
7.0000 1.9806
8.0000 2.0479
9.0000 2.0446
10.0000 2.0502
11.0000 2.0539
12.0000 1.9779
13.0000 1.9575
14.0000 1.8583
15.0000 1.9051
16.0000 1.9288
17.0000 2.0060
18.0000 2.0119
19.0000 1.9952
20.0000 1.8979
21.0000 1.8402
22.0000 1.8883
23.0000 1.7945
24.0000 1.6945
25.0000 1.6010
26.0000 1.5019
27.0000 1.4066
28.0000 1.3526
29.0000 1.3599
30.0000 1.2731
31.0000 1.1811
32.0000 1.1045
33.0000 1.1585
34.0000 1.2506
35.0000 1.3256
36.0000 1.3344
37.0000 1.3153
38.0000 1.3851
39.0000 1.4004
40.0000 1.3006
41.0000 1.2017
42.0000 1.1380
43.0000 1.1377
44.0000 1.2151
45.0000 1.2341
46.0000 1.2916
47.0000 1.3761
48.0000 1.4723
49.0000 1.4560
50.0000 1.3887
51.0000 1.2897
52.0000 1.2221
53.0000 1.1389
54.0000 1.1471
55.0000 1.0537
56.0000 0.9571
57.0000 0.8597
58.0000 0.7843
59.0000 0.7457
60.0000 0.6875
61.0000 0.6324
62.0000 0.6151
63.0000 0.5512
64.0000 0.4530
65.0000 0.4004
66.0000 0.3019
67.0000 0.2032
68.0000 0.1121
69.0000 0.0956
70.0000 0.1335
71.0000 0.2164
72.0000 0.3143
73.0000 0.4127
74.0000 0.3613
75.0000 0.4285
76.0000 0.5094
77.0000 0.5632
78.0000 0.6631
79.0000 0.7302
80.0000 0.8155
81.0000 0.9082
82.0000 0.9996
83.0000 1.0259
84.0000 0.9972
85.0000 0.9480
86.0000 0.8576
87.0000 0.9089
88.0000 0.9992
89.0000 1.0953
90.0000 1.1077
91.0000 1.1985
92.0000 1.2515
93.0000 1.3195
94.0000 1.3989
95.0000 1.4923
96.0000 1.5850
97.0000 1.6849
98.0000 1.7828
99.0000 1.7759
100.0000 1.8416
101.0000 1.8252
102.0000 1.7270
103.0000 1.6509
104.0000 1.5718
105.0000 1.5156
106.0000 1.4493
107.0000 1.4566
108.0000 1.4064
109.0000 1.3139
110.0000 1.3207
111.0000 1.3663
112.0000 1.4663
113.0000 1.5607
114.0000 1.5701
115.0000 1.5272
116.0000 1.4465
117.0000 1.4241
118.0000 1.3320
119.0000 1.3357
120.0000 1.4050
121.0000 1.4898
122.0000 1.4659
123.0000 1.4268
124.0000 1.3573
125.0000 1.3634
126.0000 1.3906
127.0000 1.3663
128.0000 1.2830
129.0000 1.2019
130.0000 1.2108
131.0000 1.2017
132.0000 1.2448
133.0000 1.2580
134.0000 1.2356
135.0000 1.2892
136.0000 1.2576
137.0000 1.3187
138.0000 1.3316
139.0000 1.4257
140.0000 1.4238
141.0000 1.5138
142.0000 1.6018
143.0000 1.5283
144.0000 1.4400
145.0000 1.4332
146.0000 1.3980
147.0000 1.3688
148.0000 1.2925
149.0000 1.3382
150.0000 1.3663
