1.0000 2.2227
2.0000 2.2575
3.0000 2.3408
4.0000 2.3907
5.0000 2.3772
6.0000 2.2824
7.0000 2.3581
8.0000 2.4277
9.0000 2.5184
10.0000 2.5793
11.0000 2.5845
12.0000 2.4845
13.0000 2.3846
14.0000 2.2851
15.0000 2.2737
16.0000 2.2792
17.0000 2.3261
18.0000 2.4095
19.0000 2.4835
20.0000 2.4671
21.0000 2.4600
22.0000 2.5275
23.0000 2.6274
24.0000 2.6522
25.0000 2.6808
26.0000 2.6491
27.0000 2.6022
28.0000 2.5081
29.0000 2.4140
30.0000 2.3207
31.0000 2.4059
32.0000 2.4163
33.0000 2.4311
34.0000 2.3394
35.0000 2.3059
36.0000 2.3693
37.0000 2.4292
38.0000 2.4592
39.0000 2.4408
40.0000 2.3513
41.0000 2.3094
42.0000 2.2895
43.0000 2.2279
44.0000 2.2065
45.0000 2.2364
46.0000 2.2577
47.0000 2.2863
48.0000 2.2021
49.0000 2.1187
50.0000 2.0450
51.0000 2.0204
52.0000 2.0753
53.0000 1.9969
54.0000 1.9097
55.0000 1.9957
56.0000 2.0574
57.0000 2.0996
58.0000 2.0469
59.0000 1.9548
60.0000 1.8552
61.0000 1.7558
62.0000 1.7873
63.0000 1.8871
64.0000 1.9157
65.0000 1.9203
66.0000 1.9358
67.0000 1.9011
68.0000 1.9115
69.0000 1.9514
70.0000 2.0122
71.0000 2.1063
72.0000 2.2057
73.0000 2.3035
74.0000 2.3710
75.0000 2.4648
76.0000 2.5645
77.0000 2.6594
78.0000 2.5931
79.0000 2.5985
80.0000 2.5124
81.0000 2.4656
82.0000 2.3834
83.0000 2.2928
84.0000 2.2111
85.0000 2.1124
86.0000 2.0440
87.0000 1.9836
88.0000 1.9441
89.0000 1.9912
90.0000 1.9349
91.0000 1.8850
92.0000 1.8133
93.0000 1.7134
94.0000 1.6135
95.0000 1.5192
96.0000 1.6132
97.0000 1.6588
98.0000 1.7587
99.0000 1.8414
100.0000 1.9056
101.0000 1.9527
102.0000 1.9171
103.0000 1.9040
104.0000 1.9841
105.0000 2.0767
106.0000 2.0833
107.0000 1.9963
108.0000 1.9150
109.0000 1.8627
110.0000 1.9625
111.0000 2.0624
112.0000 2.0693
113.0000 2.0959
114.0000 2.0021
115.0000 1.9100
116.0000 2.0019
117.0000 2.0032
118.0000 1.9064
119.0000 1.8144
120.0000 1.7152
121.0000 1.6340
122.0000 1.5898
123.0000 1.4928
124.0000 1.3958
125.0000 1.3113
126.0000 1.3998
127.0000 1.4993
128.0000 1.5978
129.0000 1.6863
130.0000 1.7806
131.0000 1.8315
132.0000 1.8361
133.0000 1.8650
134.0000 1.8301
135.0000 1.8839
136.0000 1.9268
137.0000 1.9921
138.0000 2.0315
139.0000 2.0301
140.0000 1.9557
141.0000 1.9666
142.0000 1.8686
143.0000 1.7724
144.0000 1.6749
145.0000 1.5749
146.0000 1.4758
147.0000 1.3891
148.0000 1.2942
149.0000 1.2025
150.0000 1.1281
