1.0000 2.1366
2.0000 2.0876
3.0000 2.0698
4.0000 2.1123
5.0000 2.0241
6.0000 1.9287
7.0000 1.8596
8.0000 1.9250
9.0000 1.9576
10.0000 1.8759
11.0000 1.7769
12.0000 1.6849
13.0000 1.5924
14.0000 1.5457
15.0000 1.5965
16.0000 1.6296
17.0000 1.6419
18.0000 1.7383
19.0000 1.7544
20.0000 1.7125
21.0000 1.6220
22.0000 1.5701
23.0000 1.6457
24.0000 1.7166
25.0000 1.7057
26.0000 1.6916
27.0000 1.7006
28.0000 1.7962
29.0000 1.8877
30.0000 1.9188
31.0000 1.9034
32.0000 1.8187
33.0000 1.7283
34.0000 1.6590
35.0000 1.7515
36.0000 1.8386
37.0000 1.9226
38.0000 2.0159
39.0000 2.0453
40.0000 2.0452
41.0000 2.1110
42.0000 2.1165
43.0000 2.0312
44.0000 1.9596
45.0000 1.9337
46.0000 1.9176
47.0000 1.8374
48.0000 1.7514
49.0000 1.6657
50.0000 1.5696
51.0000 1.4701
52.0000 1.3745
53.0000 1.2789
54.0000 1.1872
55.0000 1.0942
56.0000 1.0133
57.0000 0.9575
58.0000 0.8679
59.0000 0.9658
60.0000 1.0167
61.0000 0.9885
62.0000 1.0130
63.0000 0.9256
64.0000 0.8798
65.0000 0.9554
66.0000 1.0419
67.0000 1.1378
68.0000 1.1989
69.0000 1.2634
70.0000 1.2678
71.0000 1.3477
72.0000 1.4376
73.0000 1.5362
74.0000 1.6237
75.0000 1.6834
76.0000 1.7277
77.0000 1.7763
78.0000 1.8483
79.0000 1.8037
80.0000 1.7937
81.0000 1.7600
82.0000 1.8193
83.0000 1.9136
84.0000 1.9144
85.0000 1.8840
86.0000 1.9049
87.0000 1.8162
88.0000 1.7539
89.0000 1.8538
90.0000 1.9419
91.0000 1.9764
92.0000 1.8772
93.0000 1.8141
94.0000 1.7325
95.0000 1.6579
96.0000 1.6038
97.0000 1.6072
98.0000 1.6682
99.0000 1.7359
100.0000 1.8249
101.0000 1.8447
102.0000 1.8722
103.0000 1.8109
104.0000 1.8372
105.0000 1.8595
106.0000 1.7982
107.0000 1.7197
108.0000 1.6232
109.0000 1.5441
110.0000 1.5020
111.0000 1.4442
112.0000 1.5063
113.0000 1.6055
114.0000 1.6473
115.0000 1.7473
116.0000 1.8167
117.0000 1.9128
118.0000 1.9052
119.0000 1.9587
120.0000 2.0515
121.0000 2.1230
122.0000 2.1311
123.0000 2.2226
124.0000 2.3070
125.0000 2.3851
126.0000 2.4455
127.0000 2.4473
128.0000 2.4100
129.0000 2.4535
130.0000 2.5200
131.0000 2.4846
132.0000 2.3962
133.0000 2.3023
134.0000 2.2411
135.0000 2.2294
136.0000 2.3166
137.0000 2.4154
138.0000 2.4320
139.0000 2.3659
140.0000 2.2668
141.0000 2.1684
142.0000 2.0685
143.0000 2.0052
144.0000 2.0055
145.0000 1.9190
146.0000 1.8201
147.0000 1.7574
148.0000 1.7288
149.0000 1.8152
150.0000 1.8050
