1.0000 2.1362
2.0000 2.0399
3.0000 1.9411
4.0000 1.8596
5.0000 1.8347
6.0000 1.8343
7.0000 1.8768
8.0000 1.8340
9.0000 1.8294
10.0000 1.7294
11.0000 1.6325
12.0000 1.5387
13.0000 1.4470
14.0000 1.3750
15.0000 1.2848
16.0000 1.2816
17.0000 1.1999
18.0000 1.1229
19.0000 1.0229
20.0000 0.9230
21.0000 0.8588
22.0000 0.8215
23.0000 0.7256
24.0000 0.6420
25.0000 0.6271
26.0000 0.6173
27.0000 0.6225
28.0000 0.6626
29.0000 0.7104
30.0000 0.8087
31.0000 0.8663
32.0000 0.9556
33.0000 1.0552
34.0000 1.1137
35.0000 1.0573
36.0000 1.0710
37.0000 1.0927
38.0000 1.0996
39.0000 1.0776
40.0000 1.0102
41.0000 0.9683
42.0000 0.9264
43.0000 0.8908
44.0000 0.8057
45.0000 0.7261
46.0000 0.7209
47.0000 0.7843
48.0000 0.8078
49.0000 0.8044
50.0000 0.8161
51.0000 0.7820
52.0000 0.7716
53.0000 0.8041
54.0000 0.7578
55.0000 0.8510
56.0000 0.9359
57.0000 0.9788
58.0000 1.0667
59.0000 1.1298
60.0000 1.2275
61.0000 1.3161
62.0000 1.3987
63.0000 1.4877
64.0000 1.5560
65.0000 1.5770
66.0000 1.6751
67.0000 1.7531
68.0000 1.8304
69.0000 1.8999
70.0000 1.9717
71.0000 1.9068
72.0000 1.8517
73.0000 1.7558
74.0000 1.6856
75.0000 1.5985
76.0000 1.5643
77.0000 1.4655
78.0000 1.4697
79.0000 1.4552
80.0000 1.3562
81.0000 1.2852
82.0000 1.2129
83.0000 1.3122
84.0000 1.4024
85.0000 1.4436
86.0000 1.5436
87.0000 1.6175
88.0000 1.7071
89.0000 1.7656
90.0000 1.8640
91.0000 1.9519
92.0000 1.9736
93.0000 1.9793
94.0000 1.9760
95.0000 1.8953
96.0000 1.8957
97.0000 1.7978
98.0000 1.7005
99.0000 1.6069
100.0000 1.5071
101.0000 1.4562
102.0000 1.4353
103.0000 1.4084
104.0000 1.4338
105.0000 1.5018
106.0000 1.5782
107.0000 1.4957
108.0000 1.4410
109.0000 1.3412
110.0000 1.2656
111.0000 1.2039
112.0000 1.1818
113.0000 1.0826
114.0000 0.9888
115.0000 0.8891
116.0000 0.7927
117.0000 0.7628
118.0000 0.6789
119.0000 0.5847
120.0000 0.4847
121.0000 0.3850
122.0000 0.2874
123.0000 0.3178
124.0000 0.3678
125.0000 0.4563
126.0000 0.5523
127.0000 0.6301
128.0000 0.7290
129.0000 0.8108
130.0000 0.7222
131.0000 0.7710
132.0000 0.8692
133.0000 0.9692
134.0000 1.0585
135.0000 1.1580
136.0000 1.2506
137.0000 1.3208
138.0000 1.3672
139.0000 1.4631
140.0000 1.5282
141.0000 1.4781
142.0000 1.4277
143.0000 1.3366
144.0000 1.3011
145.0000 1.2054
146.0000 1.2636
147.0000 1.2672
148.0000 1.2921
149.0000 1.2389
150.0000 1.2571
