1.0000 2.1431
2.0000 2.0599
3.0000 1.9668
4.0000 1.8828
5.0000 1.7843
6.0000 1.6922
7.0000 1.6002
8.0000 1.5002
9.0000 1.4564
10.0000 1.4681
11.0000 1.5230
12.0000 1.4510
13.0000 1.4703
14.0000 1.5077
15.0000 1.5057
16.0000 1.4255
17.0000 1.4085
18.0000 1.3677
19.0000 1.3433
20.0000 1.3742
21.0000 1.2813
22.0000 1.1817
23.0000 1.0899
24.0000 1.0066
25.0000 0.9194
26.0000 0.8225
27.0000 0.7262
28.0000 0.6406
29.0000 0.6770
30.0000 0.7411
31.0000 0.8376
32.0000 0.9141
33.0000 0.9999
34.0000 1.0922
35.0000 1.1187
36.0000 1.0188
37.0000 0.9265
38.0000 0.8973
39.0000 0.9685
40.0000 1.0483
41.0000 1.0700
42.0000 1.1687
43.0000 1.2203
44.0000 1.2664
45.0000 1.3636
46.0000 1.4495
47.0000 1.5473
48.0000 1.5194
49.0000 1.4507
50.0000 1.3515
51.0000 1.2729
52.0000 1.2827
53.0000 1.2370
54.0000 1.1909
55.0000 1.1966
56.0000 1.1684
57.0000 1.1339
58.0000 1.1980
59.0000 1.2581
60.0000 1.2257
61.0000 1.2052
62.0000 1.1358
63.0000 1.2181
64.0000 1.2437
65.0000 1.3414
66.0000 1.4254
67.0000 1.4613
68.0000 1.4725
69.0000 1.3777
70.0000 1.2843
71.0000 1.2174
72.0000 1.1175
73.0000 1.0209
74.0000 0.9417
75.0000 0.8464
76.0000 0.7593
77.0000 0.7914
78.0000 0.7336
79.0000 0.6336
80.0000 0.5970
81.0000 0.6912
82.0000 0.7352
83.0000 0.7211
84.0000 0.8204
85.0000 0.8782
86.0000 0.9563
87.0000 1.0554
88.0000 1.1542
89.0000 1.2410
90.0000 1.3043
91.0000 1.3086
92.0000 1.3378
93.0000 1.3092
94.0000 1.3921
95.0000 1.4422
96.0000 1.5382
97.0000 1.5693
98.0000 1.5294
99.0000 1.4348
100.0000 1.3851
101.0000 1.4371
102.0000 1.5048
103.0000 1.5948
104.0000 1.5361
105.0000 1.5187
106.0000 1.5339
107.0000 1.5887
108.0000 1.6393
109.0000 1.7325
110.0000 1.7433
111.0000 1.7968
112.0000 1.8462
113.0000 1.8905
114.0000 1.9234
115.0000 1.9401
116.0000 1.8472
117.0000 1.7635
118.0000 1.6821
119.0000 1.6396
120.0000 1.6007
121.0000 1.5424
122.0000 1.4438
123.0000 1.3557
124.0000 1.2854
125.0000 1.1918
126.0000 1.2478
127.0000 1.2839
128.0000 1.3831
129.0000 1.3795
130.0000 1.2823
131.0000 1.1939
132.0000 1.0951
133.0000 1.0100
134.0000 0.9620
135.0000 0.9370
136.0000 0.9739
137.0000 1.0726
138.0000 1.1085
139.0000 1.0476
140.0000 0.9865
141.0000 1.0434
142.0000 1.1194
143.0000 1.1906
144.0000 1.2023
145.0000 1.2577
146.0000 1.3575
147.0000 1.4540
148.0000 1.5423
149.0000 1.6388
150.0000 1.6260
