1.0000 2.1361
2.0000 2.0601
3.0000 2.1462
4.0000 2.2455
5.0000 2.2909
6.0000 2.2251
7.0000 2.1772
8.0000 2.0834
9.0000 2.0383
10.0000 2.0711
11.0000 2.1499
12.0000 2.2191
13.0000 2.3191
14.0000 2.4051
15.0000 2.4651
16.0000 2.5582
17.0000 2.5945
18.0000 2.5229
19.0000 2.5617
20.0000 2.6098
21.0000 2.6490
22.0000 2.7488
23.0000 2.8207
24.0000 2.7428
25.0000 2.6818
26.0000 2.5819
27.0000 2.4830
28.0000 2.4455
29.0000 2.4610
30.0000 2.5134
31.0000 2.4255
32.0000 2.3413
33.0000 2.2413
34.0000 2.1755
35.0000 2.2436
36.0000 2.3230
37.0000 2.3553
38.0000 2.2553
39.0000 2.1701
40.0000 2.1135
41.0000 2.1661
42.0000 2.1949
43.0000 2.1198
44.0000 2.0261
45.0000 1.9368
46.0000 1.8371
47.0000 1.7864
48.0000 1.7383
49.0000 1.7595
50.0000 1.6934
51.0000 1.7805
52.0000 1.8621
53.0000 1.9612
54.0000 2.0608
55.0000 2.1577
56.0000 2.2308
57.0000 2.3174
58.0000 2.4082
59.0000 2.3763
60.0000 2.2783
61.0000 2.2100
62.0000 2.1670
63.0000 2.0913
64.0000 2.1584
65.0000 2.1179
66.0000 2.0560
67.0000 2.1418
68.0000 2.2308
69.0000 2.3285
70.0000 2.4047
71.0000 2.4823
72.0000 2.5751
73.0000 2.6084
74.0000 2.5339
75.0000 2.4389
76.0000 2.3389
77.0000 2.3172
78.0000 2.3829
79.0000 2.4826
80.0000 2.5598
81.0000 2.6401
82.0000 2.6905
83.0000 2.6597
84.0000 2.6061
85.0000 2.5907
86.0000 2.5142
87.0000 2.4350
88.0000 2.4342
89.0000 2.3939
90.0000 2.3666
91.0000 2.3685
92.0000 2.2705
93.0000 2.2107
94.0000 2.3061
95.0000 2.3827
96.0000 2.2983
97.0000 2.2003
98.0000 2.1456
99.0000 2.0492
100.0000 1.9493
101.0000 1.8571
102.0000 1.7648
103.0000 1.7322
104.0000 1.7614
105.0000 1.8469
106.0000 1.8810
107.0000 1.9690
108.0000 2.0615
109.0000 2.1614
110.0000 2.2005
111.0000 2.2477
112.0000 2.2370
113.0000 2.1751
114.0000 2.2091
115.0000 2.1597
116.0000 2.1053
117.0000 2.1361
118.0000 2.2094
119.0000 2.2350
120.0000 2.2789
121.0000 2.2257
122.0000 2.2293
123.0000 2.2706
124.0000 2.3260
125.0000 2.3691
126.0000 2.4221
127.0000 2.4534
128.0000 2.3838
129.0000 2.2858
130.0000 2.1858
131.0000 2.1280
132.0000 2.0281
133.0000 1.9639
134.0000 1.8665
135.0000 1.8588
136.0000 1.7868
137.0000 1.6868
138.0000 1.5951
139.0000 1.4973
140.0000 1.3985
141.0000 1.3183
142.0000 1.3976
143.0000 1.3294
144.0000 1.2821
145.0000 1.1893
146.0000 1.1546
147.0000 1.0968
148.0000 0.9969
149.0000 0.9680
150.0000 0.8914
