1.0000 2.1682
2.0000 2.0986
3.0000 2.0781
4.0000 2.0237
5.0000 1.9382
6.0000 1.9421
7.0000 1.8613
8.0000 1.8925
9.0000 1.9909
10.0000 2.0871
11.0000 2.1245
12.0000 2.1807
13.0000 2.2450
14.0000 2.1901
15.0000 2.0951
16.0000 1.9954
17.0000 1.9142
18.0000 1.8665
19.0000 1.8508
20.0000 1.9486
21.0000 1.9639
22.0000 1.9730
23.0000 2.0424
24.0000 2.1233
25.0000 2.2104
26.0000 2.1976
27.0000 2.1838
28.0000 2.2570
29.0000 2.2757
30.0000 2.3735
31.0000 2.4698
32.0000 2.4065
33.0000 2.3255
34.0000 2.2333
35.0000 2.1432
36.0000 2.0485
37.0000 1.9487
38.0000 1.9494
39.0000 1.9653
40.0000 1.9045
41.0000 1.8377
42.0000 1.7422
43.0000 1.6602
44.0000 1.6150
45.0000 1.5330
46.0000 1.4569
47.0000 1.4353
48.0000 1.4061
49.0000 1.3163
50.0000 1.2228
51.0000 1.1229
52.0000 1.1298
53.0000 1.1971
54.0000 1.2667
55.0000 1.3630
56.0000 1.4126
57.0000 1.4936
58.0000 1.5867
59.0000 1.6842
60.0000 1.7804
61.0000 1.8505
62.0000 1.9123
63.0000 1.9674
64.0000 1.9334
65.0000 1.9159
66.0000 1.8485
67.0000 1.7615
68.0000 1.7452
69.0000 1.7540
70.0000 1.8040
71.0000 1.9035
72.0000 1.9611
73.0000 2.0466
74.0000 2.0588
75.0000 1.9760
76.0000 1.8852
77.0000 1.8819
78.0000 1.7828
79.0000 1.6836
80.0000 1.6452
81.0000 1.6382
82.0000 1.5389
83.0000 1.4399
84.0000 1.3770
85.0000 1.4631
86.0000 1.5405
87.0000 1.5867
88.0000 1.6717
89.0000 1.7708
90.0000 1.7335
91.0000 1.7264
92.0000 1.6348
93.0000 1.6946
94.0000 1.6489
95.0000 1.6793
96.0000 1.6891
97.0000 1.7370
98.0000 1.8370
99.0000 1.9092
100.0000 1.9212
101.0000 1.9654
102.0000 1.9534
103.0000 2.0270
104.0000 2.1183
105.0000 2.2158
106.0000 2.3086
107.0000 2.3977
108.0000 2.4955
109.0000 2.5955
110.0000 2.6899
111.0000 2.7502
112.0000 2.7687
113.0000 2.6702
114.0000 2.5818
115.0000 2.5206
116.0000 2.4489
117.0000 2.3500
118.0000 2.3310
119.0000 2.2878
120.0000 2.2809
121.0000 2.2349
122.0000 2.1371
123.0000 2.0549
124.0000 2.0046
125.0000 1.9528
126.0000 1.9570
127.0000 1.8969
128.0000 1.8030
129.0000 1.7224
130.0000 1.6482
131.0000 1.5485
132.0000 1.4544
133.0000 1.4246
134.0000 1.4641
135.0000 1.3726
136.0000 1.2899
137.0000 1.3400
138.0000 1.4353
139.0000 1.5197
140.0000 1.5568
141.0000 1.5877
142.0000 1.4926
143.0000 1.3963
144.0000 1.3059
145.0000 1.3858
146.0000 1.4852
147.0000 1.5852
148.0000 1.6427
149.0000 1.6598
150.0000 1.7193
