1.0000 2.2744
2.0000 2.3312
3.0000 2.3633
4.0000 2.3602
5.0000 2.3025
6.0000 2.2184
7.0000 2.1695
8.0000 2.1345
9.0000 2.1978
10.0000 2.2879
11.0000 2.3780
12.0000 2.3628
13.0000 2.3026
14.0000 2.2402
15.0000 2.1615
16.0000 2.0889
17.0000 2.1333
18.0000 2.1861
19.0000 2.2746
20.0000 2.3118
21.0000 2.3068
22.0000 2.3733
23.0000 2.3767
24.0000 2.3484
25.0000 2.3399
26.0000 2.3094
27.0000 2.3442
28.0000 2.4376
29.0000 2.5376
30.0000 2.6376
31.0000 2.6836
32.0000 2.6705
33.0000 2.6670
34.0000 2.6447
35.0000 2.5713
36.0000 2.4950
37.0000 2.4438
38.0000 2.5196
39.0000 2.5586
40.0000 2.5973
41.0000 2.6944
42.0000 2.7864
43.0000 2.8687
44.0000 2.8605
45.0000 2.8797
46.0000 2.8470
47.0000 2.7909
48.0000 2.7427
49.0000 2.7100
50.0000 2.7710
51.0000 2.8134
52.0000 2.8067
53.0000 2.8750
54.0000 2.8349
55.0000 2.8443
56.0000 2.8013
57.0000 2.7079
58.0000 2.7928
59.0000 2.8759
60.0000 2.8579
61.0000 2.8224
62.0000 2.7832
63.0000 2.7173
64.0000 2.6398
65.0000 2.7189
66.0000 2.7226
67.0000 2.6757
68.0000 2.6819
69.0000 2.6509
70.0000 2.6286
71.0000 2.6446
72.0000 2.5512
73.0000 2.4563
74.0000 2.4433
75.0000 2.4276
76.0000 2.4746
77.0000 2.4981
78.0000 2.5164
79.0000 2.5416
80.0000 2.5257
81.0000 2.4705
82.0000 2.4124
83.0000 2.3448
84.0000 2.2449
85.0000 2.1604
86.0000 2.0883
87.0000 1.9928
88.0000 1.9095
89.0000 1.8180
90.0000 1.7746
91.0000 1.8746
92.0000 1.9745
93.0000 2.0744
94.0000 2.1452
95.0000 2.2092
96.0000 2.2725
97.0000 2.3463
98.0000 2.2564
99.0000 2.2121
100.0000 2.2467
101.0000 2.2564
102.0000 2.2426
103.0000 2.1436
104.0000 2.0461
105.0000 2.0003
106.0000 2.0109
107.0000 2.0216
108.0000 1.9893
109.0000 2.0019
110.0000 2.0976
111.0000 2.1302
112.0000 2.1472
113.0000 2.0789
114.0000 1.9822
115.0000 1.9861
116.0000 1.9575
117.0000 1.9102
118.0000 1.8102
119.0000 1.7413
120.0000 1.6431
121.0000 1.5868
122.0000 1.6175
123.0000 1.5180
124.0000 1.4389
125.0000 1.4356
126.0000 1.4939
127.0000 1.5257
128.0000 1.5395
129.0000 1.5190
130.0000 1.5473
131.0000 1.5473
132.0000 1.5620
133.0000 1.5992
134.0000 1.6466
135.0000 1.7352
136.0000 1.8023
137.0000 1.8242
138.0000 1.8776
139.0000 1.9291
140.0000 1.9845
141.0000 2.0739
142.0000 2.0666
143.0000 2.1029
144.0000 2.1171
145.0000 2.1479
146.0000 2.2313
147.0000 2.3267
148.0000 2.3866
149.0000 2.4155
150.0000 2.4821
