1.0000 2.1585
2.0000 2.2175
3.0000 2.1777
4.0000 2.0781
5.0000 1.9952
6.0000 2.0047
7.0000 1.9506
8.0000 1.8527
9.0000 1.8059
10.0000 1.7171
11.0000 1.6594
12.0000 1.6855
13.0000 1.6613
14.0000 1.6437
15.0000 1.6373
16.0000 1.6369
17.0000 1.6393
18.0000 1.6657
19.0000 1.7533
20.0000 1.8504
21.0000 1.9303
22.0000 1.9720
23.0000 1.8772
24.0000 1.8859
25.0000 1.8020
26.0000 1.7625
27.0000 1.8512
28.0000 1.9502
29.0000 1.9747
30.0000 1.8849
31.0000 1.7889
32.0000 1.7011
33.0000 1.6501
34.0000 1.5995
35.0000 1.5334
36.0000 1.4897
37.0000 1.4032
38.0000 1.3630
39.0000 1.4516
40.0000 1.4931
41.0000 1.4591
42.0000 1.3614
43.0000 1.3243
44.0000 1.3306
45.0000 1.2618
46.0000 1.1840
47.0000 1.1443
48.0000 1.0626
49.0000 0.9958
50.0000 1.0017
51.0000 0.9072
52.0000 0.8674
53.0000 0.8473
54.0000 0.9202
55.0000 1.0200
56.0000 1.0972
57.0000 1.1028
58.0000 1.0820
59.0000 1.1820
60.0000 1.2593
61.0000 1.3384
62.0000 1.3956
63.0000 1.3420
64.0000 1.2776
65.0000 1.2854
66.0000 1.2569
67.0000 1.1608
68.0000 1.0748
69.0000 1.1587
70.0000 1.2511
71.0000 1.3409
72.0000 1.4235
73.0000 1.5104
74.0000 1.5941
75.0000 1.6940
76.0000 1.7915
77.0000 1.8913
78.0000 1.9899
79.0000 1.9577
80.0000 1.8632
81.0000 1.7825
82.0000 1.7141
83.0000 1.6698
84.0000 1.5699
85.0000 1.4933
86.0000 1.4908
87.0000 1.5391
88.0000 1.6334
89.0000 1.7225
90.0000 1.7851
91.0000 1.8646
92.0000 1.9601
93.0000 1.9458
94.0000 1.8461
95.0000 1.7475
96.0000 1.7544
97.0000 1.8298
98.0000 1.9253
99.0000 2.0244
100.0000 1.9496
101.0000 1.8540
102.0000 1.8002
103.0000 1.7002
104.0000 1.6129
105.0000 1.5361
106.0000 1.4414
107.0000 1.3929
108.0000 1.4379
109.0000 1.5325
110.0000 1.6323
111.0000 1.7323
112.0000 1.7558
113.0000 1.8097
114.0000 1.8226
115.0000 1.8784
116.0000 1.8886
117.0000 1.9761
118.0000 1.9895
119.0000 1.9894
120.0000 1.9263
121.0000 1.8289
122.0000 1.7606
123.0000 1.6846
124.0000 1.6011
125.0000 1.5079
126.0000 1.4109
127.0000 1.3136
128.0000 1.2569
129.0000 1.2478
130.0000 1.1635
131.0000 1.0881
132.0000 1.0054
133.0000 0.9300
134.0000 0.8580
135.0000 0.7631
136.0000 0.7634
137.0000 0.8514
138.0000 0.9067
139.0000 0.9543
140.0000 0.9627
141.0000 1.0594
142.0000 0.9924
143.0000 0.9683
144.0000 1.0682
145.0000 1.1679
146.0000 1.2179
147.0000 1.2850
148.0000 1.3511
149.0000 1.4405
150.0000 1.5395
