1.0000 2.1832
2.0000 2.1065
3.0000 2.1356
4.0000 2.1033
5.0000 2.0262
6.0000 1.9968
7.0000 1.9739
8.0000 1.8765
9.0000 1.7963
10.0000 1.8065
11.0000 1.7218
12.0000 1.6383
13.0000 1.6806
14.0000 1.6679
15.0000 1.6720
16.0000 1.5841
17.0000 1.5623
18.0000 1.4639
19.0000 1.3770
20.0000 1.3915
21.0000 1.3000
22.0000 1.2471
23.0000 1.1494
24.0000 1.1185
25.0000 1.0279
26.0000 1.0739
27.0000 1.1540
28.0000 1.2204
29.0000 1.2696
30.0000 1.3611
31.0000 1.4543
32.0000 1.5270
33.0000 1.6064
34.0000 1.6351
35.0000 1.7303
36.0000 1.8132
37.0000 1.8528
38.0000 1.8941
39.0000 1.7993
40.0000 1.7305
41.0000 1.6332
42.0000 1.5346
43.0000 1.4363
44.0000 1.4836
45.0000 1.5659
46.0000 1.5341
47.0000 1.5210
48.0000 1.4885
49.0000 1.5871
50.0000 1.6766
51.0000 1.7762
52.0000 1.8390
53.0000 1.9067
54.0000 1.8467
55.0000 1.7789
56.0000 1.7521
57.0000 1.6521
58.0000 1.5575
59.0000 1.4576
60.0000 1.3643
61.0000 1.2743
62.0000 1.1881
63.0000 1.0975
64.0000 0.9977
65.0000 0.8978
66.0000 0.8346
67.0000 0.7365
68.0000 0.6477
69.0000 0.5707
70.0000 0.4739
71.0000 0.3764
72.0000 0.3139
73.0000 0.2142
74.0000 0.1646
75.0000 0.2153
76.0000 0.2483
77.0000 0.3482
78.0000 0.4481
79.0000 0.5369
80.0000 0.6359
81.0000 0.6851
82.0000 0.7839
83.0000 0.8835
84.0000 0.9757
85.0000 1.0746
86.0000 1.1643
87.0000 1.2441
88.0000 1.2845
89.0000 1.3324
90.0000 1.2869
91.0000 1.2287
92.0000 1.2400
93.0000 1.3367
94.0000 1.2951
95.0000 1.2683
96.0000 1.2240
97.0000 1.2014
98.0000 1.2741
99.0000 1.2316
100.0000 1.1333
101.0000 1.1596
102.0000 1.0963
103.0000 0.9966
104.0000 0.9715
105.0000 0.8873
106.0000 0.8118
107.0000 0.7412
108.0000 0.6465
109.0000 0.5499
110.0000 0.4559
111.0000 0.4301
112.0000 0.4552
113.0000 0.4043
114.0000 0.4513
115.0000 0.4248
116.0000 0.3249
117.0000 0.2502
118.0000 0.3422
119.0000 0.4376
120.0000 0.5292
121.0000 0.4873
122.0000 0.5655
123.0000 0.6270
124.0000 0.7097
125.0000 0.7699
126.0000 0.8401
127.0000 0.8974
128.0000 0.9745
129.0000 1.0575
130.0000 1.1553
131.0000 1.2449
132.0000 1.3254
133.0000 1.4121
134.0000 1.5047
135.0000 1.4480
136.0000 1.3616
137.0000 1.3278
138.0000 1.3405
139.0000 1.3103
140.0000 1.2519
141.0000 1.1870
142.0000 1.0975
143.0000 1.0136
144.0000 0.9192
145.0000 0.8201
146.0000 0.7207
147.0000 0.6474
148.0000 0.6384
149.0000 0.6656
150.0000 0.7655
