1.0000 2.2012
2.0000 2.1113
3.0000 2.2002
4.0000 2.1730
5.0000 2.1008
6.0000 2.1680
7.0000 2.1047
8.0000 2.0310
9.0000 1.9321
10.0000 1.8321
11.0000 1.7430
12.0000 1.7002
13.0000 1.6718
14.0000 1.6938
15.0000 1.7626
16.0000 1.7914
17.0000 1.8849
18.0000 1.9733
19.0000 2.0728
20.0000 2.0278
21.0000 1.9285
22.0000 1.9264
23.0000 1.8821
24.0000 1.8227
25.0000 1.7868
26.0000 1.6904
27.0000 1.6228
28.0000 1.6095
29.0000 1.6886
30.0000 1.7329
31.0000 1.8219
32.0000 1.9207
33.0000 1.9706
34.0000 2.0397
35.0000 2.1009
36.0000 2.0551
37.0000 1.9968
38.0000 1.9238
39.0000 1.8341
40.0000 1.7488
41.0000 1.6497
42.0000 1.6210
43.0000 1.6148
44.0000 1.5518
45.0000 1.4681
46.0000 1.3877
47.0000 1.2965
48.0000 1.2085
49.0000 1.1798
50.0000 1.2045
51.0000 1.1630
52.0000 1.0943
53.0000 1.1358
54.0000 1.1450
55.0000 1.2087
56.0000 1.2926
57.0000 1.3917
58.0000 1.4877
59.0000 1.5812
60.0000 1.6237
61.0000 1.6745
62.0000 1.7333
63.0000 1.6612
64.0000 1.5770
65.0000 1.5065
66.0000 1.4428
67.0000 1.4453
68.0000 1.5427
69.0000 1.6359
70.0000 1.7355
71.0000 1.8071
72.0000 1.9023
73.0000 1.9779
74.0000 2.0519
75.0000 2.1402
76.0000 2.1509
77.0000 2.2257
78.0000 2.2539
79.0000 2.2862
80.0000 2.1864
81.0000 2.1923
82.0000 2.2738
83.0000 2.3719
84.0000 2.3895
85.0000 2.3112
86.0000 2.2216
87.0000 2.1370
88.0000 2.0536
89.0000 1.9999
90.0000 1.9039
91.0000 1.8708
92.0000 1.9608
93.0000 2.0561
94.0000 2.1557
95.0000 2.2115
96.0000 2.2708
97.0000 2.3438
98.0000 2.4391
99.0000 2.4858
100.0000 2.4302
101.0000 2.3358
102.0000 2.2489
103.0000 2.1883
104.0000 2.2404
105.0000 2.3347
106.0000 2.4086
107.0000 2.4752
108.0000 2.5442
109.0000 2.5280
110.0000 2.4945
111.0000 2.5702
112.0000 2.5413
113.0000 2.5129
114.0000 2.4754
115.0000 2.3804
116.0000 2.2822
117.0000 2.1900
118.0000 2.0936
119.0000 2.0582
120.0000 2.0684
121.0000 2.0503
122.0000 2.0045
123.0000 1.9114
124.0000 1.8713
125.0000 1.9244
126.0000 1.9961
127.0000 2.0709
128.0000 2.1579
129.0000 2.2481
130.0000 2.3481
131.0000 2.4380
132.0000 2.5258
133.0000 2.5257
134.0000 2.4957
135.0000 2.5231
136.0000 2.4285
137.0000 2.3514
138.0000 2.2594
139.0000 2.3335
140.0000 2.3211
141.0000 2.2329
142.0000 2.1452
143.0000 2.0734
144.0000 2.0199
145.0000 2.0035
146.0000 1.9657
147.0000 1.9798
148.0000 1.9365
149.0000 1.8611
150.0000 1.9400
