1.0000 2.1917
2.0000 2.1054
3.0000 2.0164
4.0000 2.0332
5.0000 2.0515
6.0000 2.0782
7.0000 2.1461
8.0000 2.1523
9.0000 2.0593
10.0000 2.0015
11.0000 1.9019
12.0000 1.8516
13.0000 1.9516
14.0000 2.0414
15.0000 2.1218
16.0000 2.1047
17.0000 2.0654
18.0000 1.9740
19.0000 1.8783
20.0000 1.7867
21.0000 1.7057
22.0000 1.6429
23.0000 1.6032
24.0000 1.5707
25.0000 1.5367
26.0000 1.4557
27.0000 1.3736
28.0000 1.3157
29.0000 1.2469
30.0000 1.1732
31.0000 1.1260
32.0000 1.1453
33.0000 1.2436
34.0000 1.3412
35.0000 1.4319
36.0000 1.4956
37.0000 1.5754
38.0000 1.6666
39.0000 1.6936
40.0000 1.7747
41.0000 1.8265
42.0000 1.9263
43.0000 2.0256
44.0000 2.0833
45.0000 2.1820
46.0000 2.1352
47.0000 2.0851
48.0000 1.9868
49.0000 1.9124
50.0000 1.9548
51.0000 2.0545
52.0000 2.0623
53.0000 2.0296
54.0000 1.9630
55.0000 1.9121
56.0000 1.9704
57.0000 1.9580
58.0000 1.9216
59.0000 1.8749
60.0000 1.8235
61.0000 1.7336
62.0000 1.6440
63.0000 1.5443
64.0000 1.4794
65.0000 1.3860
66.0000 1.2954
67.0000 1.2339
68.0000 1.1351
69.0000 1.0954
70.0000 1.0535
71.0000 0.9996
72.0000 1.0083
73.0000 1.0821
74.0000 1.1381
75.0000 1.1548
76.0000 1.0786
77.0000 1.0791
78.0000 1.1351
79.0000 1.1450
80.0000 1.0765
81.0000 0.9837
82.0000 0.8927
83.0000 0.8767
84.0000 0.8974
85.0000 0.9215
86.0000 0.9680
87.0000 0.9864
88.0000 1.0752
89.0000 1.0381
90.0000 1.0061
91.0000 0.9080
92.0000 0.8084
93.0000 0.7088
94.0000 0.7098
95.0000 0.8035
96.0000 0.8999
97.0000 0.9881
98.0000 1.0570
99.0000 1.1337
100.0000 1.2272
101.0000 1.3082
102.0000 1.2968
103.0000 1.3968
104.0000 1.4964
105.0000 1.5893
106.0000 1.6779
107.0000 1.7128
108.0000 1.7359
109.0000 1.6824
110.0000 1.6023
111.0000 1.5025
112.0000 1.5490
113.0000 1.6377
114.0000 1.6747
115.0000 1.7745
116.0000 1.8639
117.0000 1.9556
118.0000 1.9325
119.0000 1.8512
120.0000 1.8343
121.0000 1.9073
122.0000 2.0058
123.0000 2.0694
124.0000 2.1647
125.0000 2.2560
126.0000 2.3559
127.0000 2.4140
128.0000 2.4240
129.0000 2.3240
130.0000 2.2334
131.0000 2.2324
132.0000 2.3087
133.0000 2.2636
134.0000 2.2050
135.0000 2.2118
136.0000 2.2527
137.0000 2.3442
138.0000 2.4423
139.0000 2.4688
140.0000 2.4963
141.0000 2.5509
142.0000 2.4713
143.0000 2.5512
144.0000 2.5537
145.0000 2.6239
146.0000 2.6063
147.0000 2.5961
148.0000 2.6129
149.0000 2.5623
150.0000 2.4634
