1.0000 2.1413
2.0000 2.0490
3.0000 1.9758
4.0000 1.8826
5.0000 1.8606
6.0000 1.9328
7.0000 2.0049
8.0000 2.0958
9.0000 2.1958
10.0000 2.1566
11.0000 2.1366
12.0000 2.0708
13.0000 1.9710
14.0000 1.9489
15.0000 2.0150
16.0000 2.0288
17.0000 2.1105
18.0000 2.1955
19.0000 2.2110
20.0000 2.1987
21.0000 2.2391
22.0000 2.3375
23.0000 2.4286
24.0000 2.4980
25.0000 2.4755
26.0000 2.3755
27.0000 2.2823
28.0000 2.2047
29.0000 2.1804
30.0000 2.1008
31.0000 2.0163
32.0000 1.9173
33.0000 1.8178
34.0000 1.7200
35.0000 1.6244
36.0000 1.5320
37.0000 1.4366
38.0000 1.3701
39.0000 1.3458
40.0000 1.2490
41.0000 1.1562
42.0000 1.0743
43.0000 0.9744
44.0000 0.8856
45.0000 0.7987
46.0000 0.7001
47.0000 0.6330
48.0000 0.5343
49.0000 0.4343
50.0000 0.3780
51.0000 0.2894
52.0000 0.2276
53.0000 0.2741
54.0000 0.2083
55.0000 0.2106
56.0000 0.2319
57.0000 0.1921
58.0000 0.2139
59.0000 0.3075
60.0000 0.4007
61.0000 0.3031
62.0000 0.2785
63.0000 0.3735
64.0000 0.4641
65.0000 0.5570
66.0000 0.6406
67.0000 0.7279
68.0000 0.8009
69.0000 0.8998
70.0000 0.9223
71.0000 0.9539
72.0000 1.0383
73.0000 1.1367
74.0000 1.2345
75.0000 1.3216
76.0000 1.3821
77.0000 1.4649
78.0000 1.4965
79.0000 1.4219
80.0000 1.4474
81.0000 1.5443
82.0000 1.6002
83.0000 1.6607
84.0000 1.7411
85.0000 1.8132
86.0000 1.8262
87.0000 1.7398
88.0000 1.6556
89.0000 1.5598
90.0000 1.5575
91.0000 1.5460
92.0000 1.5717
93.0000 1.6057
94.0000 1.6686
95.0000 1.6969
96.0000 1.7711
97.0000 1.8131
98.0000 1.9018
99.0000 2.0017
100.0000 2.0982
101.0000 2.1167
102.0000 2.2043
103.0000 2.2947
104.0000 2.3944
105.0000 2.4907
106.0000 2.5607
107.0000 2.5569
108.0000 2.5544
109.0000 2.6349
110.0000 2.6718
111.0000 2.6053
112.0000 2.5058
113.0000 2.4649
114.0000 2.3692
115.0000 2.2815
116.0000 2.1822
117.0000 2.0844
118.0000 1.9861
119.0000 1.9205
120.0000 1.9215
121.0000 2.0202
122.0000 2.1157
123.0000 2.2138
124.0000 2.3085
125.0000 2.4070
126.0000 2.4402
127.0000 2.5293
128.0000 2.5260
129.0000 2.4299
130.0000 2.3947
131.0000 2.3774
132.0000 2.2863
133.0000 2.1981
134.0000 2.1223
135.0000 2.0430
136.0000 1.9463
137.0000 1.8527
138.0000 1.7640
139.0000 1.7498
140.0000 1.7849
141.0000 1.8845
142.0000 1.9571
143.0000 1.9539
144.0000 1.8672
145.0000 1.8088
146.0000 1.8619
147.0000 1.8049
148.0000 1.8302
149.0000 1.7534
150.0000 1.6536
