1.0000 2.1383
2.0000 2.1233
3.0000 2.1376
4.0000 2.0562
5.0000 1.9877
6.0000 1.9072
7.0000 1.9456
8.0000 2.0430
9.0000 1.9545
10.0000 1.8706
11.0000 1.8173
12.0000 1.7173
13.0000 1.6181
14.0000 1.5517
15.0000 1.4532
16.0000 1.3599
17.0000 1.2691
18.0000 1.1784
19.0000 1.1533
20.0000 1.2086
21.0000 1.3066
22.0000 1.4006
23.0000 1.4019
24.0000 1.4804
25.0000 1.4823
26.0000 1.4311
27.0000 1.3716
28.0000 1.3892
29.0000 1.3584
30.0000 1.4100
31.0000 1.3905
32.0000 1.4670
33.0000 1.5654
34.0000 1.6428
35.0000 1.7406
36.0000 1.8388
37.0000 1.9210
38.0000 1.8663
39.0000 1.7847
40.0000 1.7020
41.0000 1.6047
42.0000 1.5143
43.0000 1.4617
44.0000 1.3920
45.0000 1.4724
46.0000 1.4564
47.0000 1.5424
48.0000 1.6285
49.0000 1.6913
50.0000 1.7834
51.0000 1.8832
52.0000 1.9816
53.0000 1.9444
54.0000 1.8489
55.0000 1.8257
56.0000 1.7884
57.0000 1.6918
58.0000 1.7177
59.0000 1.7547
60.0000 1.8042
61.0000 1.9002
62.0000 1.9910
63.0000 1.9719
64.0000 1.8835
65.0000 1.8055
66.0000 1.7220
67.0000 1.6867
68.0000 1.6543
69.0000 1.7056
70.0000 1.7577
71.0000 1.8576
72.0000 1.9559
73.0000 2.0080
74.0000 1.9703
75.0000 2.0318
76.0000 2.0492
77.0000 1.9511
78.0000 1.9259
79.0000 1.8432
80.0000 1.7866
81.0000 1.7694
82.0000 1.8307
83.0000 1.8356
84.0000 1.9349
85.0000 2.0078
86.0000 2.0486
87.0000 1.9931
88.0000 1.9724
89.0000 1.9159
90.0000 1.9270
91.0000 1.8738
92.0000 1.8848
93.0000 1.8085
94.0000 1.8664
95.0000 1.8198
96.0000 1.7768
97.0000 1.7936
98.0000 1.7336
99.0000 1.6965
100.0000 1.7777
101.0000 1.8746
102.0000 1.9294
103.0000 2.0076
104.0000 2.0888
105.0000 2.1872
106.0000 2.2842
107.0000 2.3800
108.0000 2.4676
109.0000 2.4800
110.0000 2.4245
111.0000 2.3292
112.0000 2.2606
113.0000 2.2387
114.0000 2.2499
115.0000 2.2524
116.0000 2.2295
117.0000 2.2993
118.0000 2.3940
119.0000 2.4866
120.0000 2.5553
121.0000 2.5848
122.0000 2.4873
123.0000 2.4513
124.0000 2.3924
125.0000 2.3089
126.0000 2.2133
127.0000 2.1491
128.0000 2.0517
129.0000 1.9519
130.0000 1.9623
131.0000 1.8836
132.0000 1.7983
133.0000 1.7610
134.0000 1.8524
135.0000 1.9281
136.0000 2.0079
137.0000 1.9621
138.0000 1.8625
139.0000 1.8111
140.0000 1.8493
141.0000 1.9317
142.0000 2.0154
143.0000 2.0949
144.0000 2.0580
145.0000 2.0030
146.0000 2.0629
147.0000 2.1437
148.0000 2.1436
149.0000 2.0979
150.0000 2.1330
