1.0000 2.1853
2.0000 2.1186
3.0000 2.0438
4.0000 2.0154
5.0000 1.9797
6.0000 1.9484
7.0000 1.8593
8.0000 1.7724
9.0000 1.6733
10.0000 1.5733
11.0000 1.4834
12.0000 1.3967
13.0000 1.3966
14.0000 1.4519
15.0000 1.5298
16.0000 1.4622
17.0000 1.5074
18.0000 1.6050
19.0000 1.7048
20.0000 1.7921
21.0000 1.8745
22.0000 1.9111
23.0000 1.9558
24.0000 2.0106
25.0000 1.9161
26.0000 1.9838
27.0000 2.0188
28.0000 2.0092
29.0000 1.9595
30.0000 1.8884
31.0000 1.8079
32.0000 1.7172
33.0000 1.7215
34.0000 1.6433
35.0000 1.5636
36.0000 1.5584
37.0000 1.6495
38.0000 1.6177
39.0000 1.5949
40.0000 1.6390
41.0000 1.7038
42.0000 1.7988
43.0000 1.8942
44.0000 1.9445
45.0000 1.9740
46.0000 1.9711
47.0000 2.0113
48.0000 1.9335
49.0000 1.9176
50.0000 2.0025
51.0000 2.0274
52.0000 2.0870
53.0000 2.0737
54.0000 2.1058
55.0000 2.1955
56.0000 2.2934
57.0000 2.3933
58.0000 2.4671
59.0000 2.4587
60.0000 2.5430
61.0000 2.5836
62.0000 2.4851
63.0000 2.3854
64.0000 2.2890
65.0000 2.1918
66.0000 2.0968
67.0000 1.9970
68.0000 1.9155
69.0000 1.8224
70.0000 1.8652
71.0000 1.9277
72.0000 1.9870
73.0000 2.0751
74.0000 2.1544
75.0000 2.2540
76.0000 2.3387
77.0000 2.4384
78.0000 2.5102
79.0000 2.6066
80.0000 2.5510
81.0000 2.5521
82.0000 2.5608
83.0000 2.4946
84.0000 2.4301
85.0000 2.3301
86.0000 2.2880
87.0000 2.2822
88.0000 2.2413
89.0000 2.2875
90.0000 2.3763
91.0000 2.4401
92.0000 2.4954
93.0000 2.5949
94.0000 2.5238
95.0000 2.4239
96.0000 2.3275
97.0000 2.3069
98.0000 2.2860
99.0000 2.2099
100.0000 2.2228
101.0000 2.2353
102.0000 2.2588
103.0000 2.2204
104.0000 2.1967
105.0000 2.1184
106.0000 2.2087
107.0000 2.2546
108.0000 2.2089
109.0000 2.1705
110.0000 2.2350
111.0000 2.3248
112.0000 2.3587
113.0000 2.4558
114.0000 2.5505
115.0000 2.5567
116.0000 2.6336
117.0000 2.5337
118.0000 2.4548
119.0000 2.4041
120.0000 2.3109
121.0000 2.2999
122.0000 2.3455
123.0000 2.4171
124.0000 2.5170
125.0000 2.6092
126.0000 2.6264
127.0000 2.6197
128.0000 2.5221
129.0000 1.9279
130.0000 1.8441
131.0000 1.7464
132.0000 1.7245
133.0000 1.8242
134.0000 2.6160
135.0000 2.5696
136.0000 2.4826
137.0000 2.3975
138.0000 2.3725
139.0000 2.3117
140.0000 2.3629
141.0000 2.4455
142.0000 2.5275
143.0000 2.4902
144.0000 2.3959
145.0000 2.3026
146.0000 2.2040
147.0000 2.2120
148.0000 2.2938
149.0000 2.3558
150.0000 2.4107
