1.0000 2.1564
2.0000 2.2052
3.0000 2.3048
4.0000 2.2814
5.0000 2.3372
6.0000 2.3741
7.0000 2.3407
8.0000 2.3883
9.0000 2.4880
10.0000 2.5560
11.0000 2.5351
12.0000 2.5306
13.0000 2.6284
14.0000 2.7115
15.0000 2.6168
16.0000 2.6068
17.0000 2.5176
18.0000 2.4281
19.0000 2.3654
20.0000 2.2782
21.0000 2.2019
22.0000 2.1024
23.0000 2.0326
24.0000 2.0719
25.0000 2.1683
26.0000 2.0742
27.0000 2.0254
28.0000 2.0795
29.0000 2.1643
30.0000 2.2492
31.0000 2.3171
32.0000 2.3268
33.0000 2.2578
34.0000 2.2234
35.0000 2.1235
36.0000 2.0270
37.0000 1.9374
38.0000 1.8539
39.0000 1.8261
40.0000 1.7832
41.0000 1.7680
42.0000 1.6887
43.0000 1.6652
44.0000 1.6556
45.0000 1.5692
46.0000 1.4693
47.0000 1.3769
48.0000 1.3728
49.0000 1.4687
50.0000 1.5333
51.0000 1.6318
52.0000 1.7223
53.0000 1.8043
54.0000 1.8392
55.0000 1.8910
56.0000 1.9650
57.0000 2.0084
58.0000 1.9738
59.0000 1.8809
60.0000 1.7809
61.0000 1.6812
62.0000 1.6172
63.0000 1.5600
64.0000 1.5423
65.0000 1.5368
66.0000 1.4633
67.0000 1.4693
68.0000 1.4861
69.0000 1.5234
70.0000 1.5524
71.0000 1.5835
72.0000 1.4836
73.0000 1.4536
74.0000 1.4085
75.0000 1.3259
76.0000 1.2336
77.0000 1.1574
78.0000 1.0690
79.0000 0.9974
80.0000 1.0436
81.0000 1.1426
82.0000 1.2406
83.0000 1.3316
84.0000 1.4061
85.0000 1.4967
86.0000 1.5110
87.0000 1.5780
88.0000 1.6773
89.0000 1.7771
90.0000 1.8491
91.0000 1.9326
92.0000 2.0316
93.0000 2.0920
94.0000 2.1351
95.0000 2.0582
96.0000 1.9595
97.0000 1.8672
98.0000 1.8494
99.0000 1.8969
100.0000 1.8395
101.0000 1.7411
102.0000 1.7230
103.0000 1.8035
104.0000 1.9025
105.0000 1.9856
106.0000 1.9458
107.0000 1.8670
108.0000 1.7672
109.0000 1.6963
110.0000 1.6718
111.0000 1.6582
112.0000 1.7009
113.0000 1.6621
114.0000 1.5985
115.0000 1.5000
116.0000 1.4039
117.0000 1.3278
118.0000 1.3623
119.0000 1.4188
120.0000 1.5188
121.0000 1.5621
122.0000 1.6618
123.0000 1.7532
124.0000 1.7747
125.0000 1.7803
126.0000 1.8795
127.0000 1.9794
128.0000 2.0656
129.0000 2.1571
130.0000 2.0908
131.0000 2.1405
132.0000 2.2383
133.0000 2.2630
134.0000 2.1678
135.0000 2.1754
136.0000 2.1750
137.0000 2.0923
138.0000 1.9937
139.0000 1.9410
140.0000 1.9359
141.0000 1.8502
142.0000 1.8031
143.0000 1.7045
144.0000 1.6203
145.0000 1.5271
146.0000 1.4385
147.0000 1.3567
148.0000 1.3101
149.0000 1.2633
150.0000 1.2560
