1.0000 2.2411
2.0000 2.1927
3.0000 2.1893
4.0000 2.2687
5.0000 2.3465
6.0000 2.4150
7.0000 2.4436
8.0000 2.3634
9.0000 2.2745
10.0000 2.1756
11.0000 2.0811
12.0000 1.9919
13.0000 1.9218
14.0000 1.8592
15.0000 1.7676
16.0000 1.7619
17.0000 1.8612
18.0000 1.9372
19.0000 2.0341
20.0000 2.0697
21.0000 2.1581
22.0000 2.2581
23.0000 2.3382
24.0000 2.3325
25.0000 2.3501
26.0000 2.4480
27.0000 2.4663
28.0000 2.4702
29.0000 2.4482
30.0000 2.4953
31.0000 2.5668
32.0000 2.6666
33.0000 2.6777
34.0000 2.5854
35.0000 2.4920
36.0000 2.5354
37.0000 2.6354
38.0000 2.6691
39.0000 2.6308
40.0000 2.6181
41.0000 2.6274
42.0000 2.5424
43.0000 2.4688
44.0000 2.3987
45.0000 2.3524
46.0000 2.2958
47.0000 2.3375
48.0000 2.3199
49.0000 2.3665
50.0000 2.3296
51.0000 2.2398
52.0000 2.1671
53.0000 2.0671
54.0000 1.9767
55.0000 1.8770
56.0000 1.8055
57.0000 1.7060
58.0000 1.6122
59.0000 1.5128
60.0000 1.4182
61.0000 1.3532
62.0000 1.2852
63.0000 1.3200
64.0000 1.4151
65.0000 1.4744
66.0000 1.5673
67.0000 1.6647
68.0000 1.5908
69.0000 1.4908
70.0000 1.3909
71.0000 1.3463
72.0000 1.3668
73.0000 1.3932
74.0000 1.4849
75.0000 1.5681
76.0000 1.6660
77.0000 1.7074
78.0000 1.8072
79.0000 1.8149
80.0000 1.8127
81.0000 1.8899
82.0000 1.9803
83.0000 2.0608
84.0000 2.1093
85.0000 2.0508
86.0000 1.9852
87.0000 1.8984
88.0000 1.9160
89.0000 1.8305
90.0000 1.7354
91.0000 1.6394
92.0000 1.5459
93.0000 1.4698
94.0000 1.4331
95.0000 1.3760
96.0000 1.2775
97.0000 1.1958
98.0000 1.1050
99.0000 1.0151
100.0000 0.9411
101.0000 0.9771
102.0000 0.9917
103.0000 0.9377
104.0000 0.8413
105.0000 0.7450
106.0000 0.6489
107.0000 0.5702
108.0000 0.4898
109.0000 0.4286
110.0000 0.3988
111.0000 0.4282
112.0000 0.4300
113.0000 0.4915
114.0000 0.5906
115.0000 0.6477
116.0000 0.6705
117.0000 0.6055
118.0000 0.5694
119.0000 0.4866
120.0000 0.5099
121.0000 0.5402
122.0000 0.5606
123.0000 0.6497
124.0000 0.7263
125.0000 0.8255
126.0000 0.8754
127.0000 0.8766
128.0000 0.9474
129.0000 0.9749
130.0000 0.9133
131.0000 0.8179
132.0000 0.7510
133.0000 0.7098
134.0000 0.7334
135.0000 0.8179
136.0000 0.9164
137.0000 0.9278
138.0000 0.8389
139.0000 0.7935
140.0000 0.8604
141.0000 0.7891
142.0000 0.8835
143.0000 0.9706
144.0000 0.9787
145.0000 0.9852
146.0000 1.0180
147.0000 0.9225
148.0000 0.9191
149.0000 0.8282
150.0000 0.7808
