1.0000 2.1560
2.0000 2.0949
3.0000 1.9986
4.0000 1.9605
5.0000 1.9980
6.0000 2.0661
7.0000 2.0977
8.0000 2.0322
9.0000 2.0938
10.0000 2.1874
11.0000 2.2858
12.0000 2.3807
13.0000 2.4799
14.0000 2.5277
15.0000 2.5840
16.0000 2.5887
17.0000 2.5427
18.0000 2.5060
19.0000 2.4062
20.0000 2.3199
21.0000 2.3096
22.0000 2.3823
23.0000 2.3253
24.0000 2.3398
25.0000 2.3326
26.0000 2.3189
27.0000 2.2791
28.0000 2.3597
29.0000 2.4209
30.0000 2.5199
31.0000 2.6194
32.0000 2.7131
33.0000 2.8128
34.0000 2.7921
35.0000 2.6926
36.0000 2.5997
37.0000 2.4999
38.0000 2.5138
39.0000 2.4339
40.0000 2.3350
41.0000 2.2380
42.0000 2.1417
43.0000 2.0440
44.0000 1.9917
45.0000 1.9733
46.0000 1.8930
47.0000 1.8520
48.0000 1.7640
49.0000 1.7215
50.0000 1.6494
51.0000 1.5599
52.0000 1.4608
53.0000 1.3630
54.0000 1.3657
55.0000 1.3717
56.0000 1.2787
57.0000 1.2022
58.0000 1.1070
59.0000 1.0629
60.0000 0.9973
61.0000 0.8975
62.0000 0.8151
63.0000 0.7189
64.0000 0.6241
65.0000 0.5429
66.0000 0.4710
67.0000 0.4570
68.0000 0.5358
69.0000 0.6265
70.0000 0.7265
71.0000 0.8227
72.0000 0.9213
73.0000 0.9570
74.0000 1.0521
75.0000 1.0974
76.0000 1.1943
77.0000 1.2821
78.0000 1.3548
79.0000 1.4548
80.0000 1.5526
81.0000 1.5058
82.0000 1.5147
83.0000 1.5454
84.0000 1.6341
85.0000 1.7099
86.0000 1.7731
87.0000 1.8660
88.0000 1.9582
89.0000 2.0539
90.0000 1.9824
91.0000 1.8911
92.0000 1.8144
93.0000 1.7860
94.0000 1.8081
95.0000 1.8969
96.0000 1.8695
97.0000 1.8848
98.0000 1.9821
99.0000 1.9928
100.0000 1.9473
101.0000 2.0461
102.0000 2.1328
103.0000 2.2308
104.0000 2.3184
105.0000 2.3427
106.0000 2.4305
107.0000 2.3399
108.0000 2.2533
109.0000 2.1842
110.0000 2.0938
111.0000 2.1334
112.0000 2.1507
113.0000 2.2439
114.0000 2.2775
115.0000 2.2720
116.0000 2.2640
117.0000 2.1815
118.0000 2.0937
119.0000 2.0006
120.0000 1.9195
121.0000 1.8534
122.0000 1.7572
123.0000 1.6782
124.0000 1.7470
125.0000 1.8423
126.0000 1.9410
127.0000 2.0275
128.0000 2.0866
129.0000 2.0722
130.0000 2.0056
131.0000 1.9248
132.0000 1.9112
133.0000 1.9903
134.0000 2.0355
135.0000 2.0418
136.0000 2.0476
137.0000 1.9487
138.0000 1.8571
139.0000 1.7583
140.0000 1.6597
141.0000 1.5725
142.0000 1.4925
143.0000 1.4327
144.0000 1.3936
145.0000 1.2937
146.0000 1.1953
147.0000 1.1118
148.0000 1.0386
149.0000 1.0237
150.0000 1.1207
