1.0000 2.1488
2.0000 2.0705
3.0000 2.0031
4.0000 1.9291
5.0000 1.8291
6.0000 1.7291
7.0000 1.6691
8.0000 1.7512
9.0000 1.7716
10.0000 1.6796
11.0000 1.5819
12.0000 1.4880
13.0000 1.3987
14.0000 1.3007
15.0000 1.2200
16.0000 1.2563
17.0000 1.3181
18.0000 1.4120
19.0000 1.4987
20.0000 1.5807
21.0000 1.6781
22.0000 1.6985
23.0000 1.6102
24.0000 1.6020
25.0000 1.6952
26.0000 1.7937
27.0000 1.7169
28.0000 1.6778
29.0000 1.6937
30.0000 1.6608
31.0000 1.5978
32.0000 1.5366
33.0000 1.4554
34.0000 1.3751
35.0000 1.3159
36.0000 1.3272
37.0000 1.2642
38.0000 1.2599
39.0000 1.3488
40.0000 1.3767
41.0000 1.3804
42.0000 1.4766
43.0000 1.5233
44.0000 1.5818
45.0000 1.6378
46.0000 1.7364
47.0000 1.8282
48.0000 1.9282
49.0000 2.0145
50.0000 2.0101
51.0000 2.0970
52.0000 2.1902
53.0000 2.2860
54.0000 2.3133
55.0000 2.2383
56.0000 2.2117
57.0000 2.1637
58.0000 2.2330
59.0000 2.2768
60.0000 2.2998
61.0000 2.3572
62.0000 2.3517
63.0000 2.4350
64.0000 2.4438
65.0000 2.4891
66.0000 2.5879
67.0000 2.6544
68.0000 2.6388
69.0000 2.6310
70.0000 2.7024
71.0000 2.7059
72.0000 2.6187
73.0000 2.5494
74.0000 2.4624
75.0000 2.3886
76.0000 2.2891
77.0000 2.1931
78.0000 2.1077
79.0000 2.0559
80.0000 2.0791
81.0000 2.0563
82.0000 1.9747
83.0000 1.9021
84.0000 1.9506
85.0000 2.0506
86.0000 2.1486
87.0000 2.1745
88.0000 2.2646
89.0000 2.3394
90.0000 2.3987
91.0000 2.3412
92.0000 2.3688
93.0000 2.3991
94.0000 2.4779
95.0000 2.4422
96.0000 2.3430
97.0000 2.2784
98.0000 2.2457
99.0000 2.2788
100.0000 2.2431
101.0000 2.1642
102.0000 2.1125
103.0000 2.0269
104.0000 1.9269
105.0000 1.9159
106.0000 1.8680
107.0000 1.7770
108.0000 1.6858
109.0000 1.5859
110.0000 1.5064
111.0000 1.4072
112.0000 1.3803
113.0000 1.3547
114.0000 1.4180
115.0000 1.5041
116.0000 1.6012
117.0000 1.5854
118.0000 1.5893
119.0000 1.6611
120.0000 1.7436
121.0000 1.6608
122.0000 1.5623
123.0000 1.5592
124.0000 1.6495
125.0000 1.6742
126.0000 1.7652
127.0000 1.8157
128.0000 1.7267
129.0000 1.6599
130.0000 1.6632
131.0000 1.7191
132.0000 1.6594
133.0000 1.6439
134.0000 1.6000
135.0000 1.5853
136.0000 1.4969
137.0000 1.5706
138.0000 1.6695
139.0000 1.7047
140.0000 1.7793
141.0000 1.8236
142.0000 1.9236
143.0000 2.0061
144.0000 1.9565
145.0000 1.8569
146.0000 1.7660
147.0000 1.7556
148.0000 1.8521
149.0000 1.8726
150.0000 1.8976
