1.0000 2.2025
2.0000 2.1687
3.0000 2.1291
4.0000 2.2124
5.0000 2.3123
6.0000 2.3781
7.0000 2.3231
8.0000 2.2388
9.0000 2.1401
10.0000 2.1665
11.0000 2.2163
12.0000 2.1993
13.0000 2.1035
14.0000 2.0169
15.0000 1.9562
16.0000 2.0562
17.0000 2.1354
18.0000 2.0730
19.0000 1.9966
20.0000 1.8969
21.0000 1.8385
22.0000 1.8302
23.0000 1.8772
24.0000 1.8865
25.0000 1.8808
26.0000 1.9716
27.0000 2.0640
28.0000 2.1555
29.0000 2.2542
30.0000 2.3406
31.0000 2.4106
32.0000 2.4024
33.0000 2.3299
34.0000 2.3059
35.0000 2.3836
36.0000 2.4629
37.0000 2.3904
38.0000 2.2907
39.0000 2.2002
40.0000 2.1313
41.0000 2.0507
42.0000 1.9676
43.0000 1.9333
44.0000 1.9502
45.0000 1.9092
46.0000 1.8878
47.0000 1.9468
48.0000 2.0010
49.0000 2.0936
50.0000 2.1935
51.0000 2.2468
52.0000 2.2167
53.0000 2.1587
54.0000 2.1074
55.0000 2.2032
56.0000 2.3020
57.0000 2.3531
58.0000 2.3987
59.0000 2.3677
60.0000 2.3492
61.0000 2.3782
62.0000 2.3242
63.0000 2.2846
64.0000 2.1998
65.0000 2.2084
66.0000 2.1728
67.0000 2.1092
68.0000 2.0413
69.0000 1.9650
70.0000 1.9047
71.0000 1.8052
72.0000 1.7095
73.0000 1.6104
74.0000 1.5880
75.0000 1.6864
76.0000 1.7861
77.0000 1.8826
78.0000 1.9761
79.0000 2.0612
80.0000 2.0069
81.0000 1.9524
82.0000 1.9149
83.0000 1.8709
84.0000 1.8315
85.0000 1.8178
86.0000 1.8349
87.0000 1.9325
88.0000 2.0004
89.0000 2.1000
90.0000 2.0939
91.0000 2.0186
92.0000 1.9520
93.0000 1.9485
94.0000 1.9681
95.0000 1.9601
96.0000 2.0189
97.0000 2.0649
98.0000 2.0705
99.0000 2.1157
100.0000 2.0674
101.0000 2.0174
102.0000 2.0683
103.0000 2.0407
104.0000 1.9908
105.0000 1.9788
106.0000 1.8862
107.0000 1.8057
108.0000 1.7380
109.0000 1.7431
110.0000 1.6770
111.0000 1.5870
112.0000 1.5272
113.0000 1.5688
114.0000 1.6687
115.0000 1.7360
116.0000 1.7797
117.0000 1.8696
118.0000 1.9188
119.0000 1.9705
120.0000 1.9972
121.0000 2.0262
122.0000 2.1042
123.0000 2.0192
124.0000 2.0449
125.0000 2.0836
126.0000 2.1543
127.0000 2.1337
128.0000 2.2196
129.0000 2.2980
130.0000 2.2479
131.0000 2.1766
132.0000 2.0767
133.0000 2.0092
134.0000 1.9093
135.0000 1.8125
136.0000 1.7325
137.0000 1.7214
138.0000 1.7478
139.0000 1.7431
140.0000 1.7074
141.0000 1.6343
142.0000 1.6106
143.0000 1.5170
144.0000 1.4197
145.0000 1.3642
146.0000 1.2911
147.0000 1.1919
148.0000 1.0922
149.0000 1.1587
150.0000 1.2489
