1.0000 2.1780
2.0000 2.1142
3.0000 2.0374
4.0000 1.9565
5.0000 1.9793
6.0000 1.8816
7.0000 1.8464
8.0000 1.7514
9.0000 1.6574
10.0000 1.5616
11.0000 1.4994
12.0000 1.3997
13.0000 1.3036
14.0000 1.2708
15.0000 1.2543
16.0000 1.3527
17.0000 1.4507
18.0000 1.5410
19.0000 1.6391
20.0000 1.6854
21.0000 1.7325
22.0000 1.6755
23.0000 1.5757
24.0000 1.4757
25.0000 1.4070
26.0000 1.3986
27.0000 1.4303
28.0000 1.3801
29.0000 1.3314
30.0000 1.2988
31.0000 1.3932
32.0000 1.4896
33.0000 1.5894
34.0000 1.6331
35.0000 1.5360
36.0000 1.4375
37.0000 1.3390
38.0000 1.2881
39.0000 1.3457
40.0000 1.4383
41.0000 1.5318
42.0000 1.6299
43.0000 1.7202
44.0000 1.8179
45.0000 1.9101
46.0000 1.9594
47.0000 1.9194
48.0000 2.0093
49.0000 2.1075
50.0000 2.2033
51.0000 2.2058
52.0000 2.2140
53.0000 2.2776
54.0000 2.3743
55.0000 2.4114
56.0000 2.4872
57.0000 2.4631
58.0000 2.3742
59.0000 2.3042
60.0000 2.3257
61.0000 2.2938
62.0000 2.2684
63.0000 2.2252
64.0000 2.1663
65.0000 2.0886
66.0000 1.9909
67.0000 1.9042
68.0000 1.8581
69.0000 1.7584
70.0000 1.6654
71.0000 1.5865
72.0000 1.4896
73.0000 1.3909
74.0000 1.2948
75.0000 1.2023
76.0000 1.1418
77.0000 1.0448
78.0000 0.9554
79.0000 0.8573
80.0000 0.7957
81.0000 0.8088
82.0000 0.9054
83.0000 1.0010
84.0000 1.0999
85.0000 1.1256
86.0000 1.2241
87.0000 1.3151
88.0000 1.4067
89.0000 1.5057
90.0000 1.6030
91.0000 1.6893
92.0000 1.7826
93.0000 1.8636
94.0000 1.9553
95.0000 2.0200
96.0000 2.0954
97.0000 2.1281
98.0000 2.1641
99.0000 2.2275
100.0000 2.3189
101.0000 2.2653
102.0000 2.1719
103.0000 2.1284
104.0000 2.1578
105.0000 2.2129
106.0000 2.1638
107.0000 2.0652
108.0000 2.0758
109.0000 2.1686
110.0000 2.2678
111.0000 2.3300
112.0000 2.2852
113.0000 2.1878
114.0000 2.1433
115.0000 2.1087
116.0000 2.0152
117.0000 1.9702
118.0000 2.0131
119.0000 2.1060
120.0000 2.1160
121.0000 2.1076
122.0000 2.1073
123.0000 2.1840
124.0000 2.1451
125.0000 2.2058
126.0000 2.1112
127.0000 2.0387
128.0000 1.9425
129.0000 1.8501
130.0000 1.9381
131.0000 2.0355
132.0000 2.1351
133.0000 2.2134
134.0000 2.2543
135.0000 2.2902
136.0000 2.2866
137.0000 2.2626
138.0000 2.2509
139.0000 2.1566
140.0000 2.0676
141.0000 2.0019
142.0000 1.9069
143.0000 1.8174
144.0000 1.7195
145.0000 1.6808
146.0000 1.6114
147.0000 1.6414
148.0000 1.6348
149.0000 1.5854
150.0000 1.5302
