1.0000 2.2306
2.0000 2.2877
3.0000 2.2854
4.0000 2.1864
5.0000 2.0892
6.0000 1.9951
7.0000 1.8952
8.0000 1.8031
9.0000 1.7075
10.0000 1.6821
11.0000 1.5860
12.0000 1.4880
13.0000 1.4913
14.0000 1.5104
15.0000 1.6075
16.0000 1.6370
17.0000 1.7242
18.0000 1.7954
19.0000 1.8952
20.0000 1.9228
21.0000 1.9223
22.0000 1.8754
23.0000 1.7917
24.0000 1.6922
25.0000 1.6461
26.0000 1.6241
27.0000 1.5325
28.0000 1.4358
29.0000 1.4437
30.0000 1.4462
31.0000 1.4904
32.0000 1.5400
33.0000 1.6104
34.0000 1.7102
35.0000 1.8069
36.0000 1.8463
37.0000 1.7731
38.0000 1.6849
39.0000 1.5897
40.0000 1.4973
41.0000 1.3974
42.0000 1.3249
43.0000 1.2454
44.0000 1.2312
45.0000 1.2615
46.0000 1.1861
47.0000 1.0883
48.0000 1.0118
49.0000 1.0022
50.0000 0.9725
51.0000 0.8838
52.0000 0.7838
53.0000 0.7666
54.0000 0.6704
55.0000 0.5704
56.0000 0.4705
57.0000 0.3709
58.0000 0.3067
59.0000 0.3141
60.0000 0.4139
61.0000 0.4984
62.0000 0.5980
63.0000 0.6979
64.0000 0.7210
65.0000 0.7981
66.0000 0.8451
67.0000 0.8773
68.0000 0.9560
69.0000 0.9819
70.0000 0.9176
71.0000 0.8276
72.0000 0.7320
73.0000 0.7587
74.0000 0.7156
75.0000 0.6707
76.0000 0.7166
77.0000 0.6169
78.0000 0.6132
79.0000 0.6979
80.0000 0.7958
81.0000 0.7716
82.0000 0.7110
83.0000 0.7231
84.0000 0.7230
85.0000 0.7650
86.0000 0.8650
87.0000 0.9625
88.0000 1.0082
89.0000 1.0967
90.0000 1.0871
91.0000 1.0432
92.0000 0.9991
93.0000 1.0207
94.0000 0.9319
95.0000 0.8328
96.0000 0.7335
97.0000 0.6340
98.0000 0.5899
99.0000 0.5248
100.0000 0.4720
101.0000 0.3842
102.0000 0.2855
103.0000 0.1886
104.0000 0.0908
105.0000 0.1087
106.0000 0.2083
107.0000 0.3082
108.0000 0.3968
109.0000 0.4966
110.0000 0.5451
111.0000 0.4784
112.0000 0.4281
113.0000 0.4688
114.0000 0.4704
115.0000 0.5423
116.0000 0.6304
117.0000 0.6489
118.0000 0.5984
119.0000 0.6925
120.0000 0.7893
121.0000 0.8208
122.0000 0.9052
123.0000 1.0035
124.0000 1.0803
125.0000 1.1624
126.0000 1.1170
127.0000 1.0284
128.0000 0.9582
129.0000 0.8600
130.0000 0.7992
131.0000 0.7224
132.0000 0.6705
133.0000 0.6079
134.0000 0.5783
135.0000 0.6680
136.0000 0.7668
137.0000 0.8372
138.0000 0.9204
139.0000 1.0017
140.0000 0.9882
141.0000 1.0879
142.0000 1.1867
143.0000 1.2683
144.0000 1.3682
145.0000 1.4628
146.0000 1.5627
147.0000 1.5634
148.0000 1.6130
149.0000 1.6330
150.0000 1.7255
