1.0000 2.1523
2.0000 2.0764
3.0000 1.9920
4.0000 1.8981
5.0000 1.7984
6.0000 1.7135
7.0000 1.6516
8.0000 1.6532
9.0000 1.6444
10.0000 1.6139
11.0000 1.6669
12.0000 1.7323
13.0000 1.7819
14.0000 1.7717
15.0000 1.7087
16.0000 1.6589
17.0000 1.5620
18.0000 1.5543
19.0000 1.4595
20.0000 1.3596
21.0000 1.3180
22.0000 1.3427
23.0000 1.2558
24.0000 1.1572
25.0000 1.1689
26.0000 1.2688
27.0000 1.3322
28.0000 1.4094
29.0000 1.4871
30.0000 1.5655
31.0000 1.5398
32.0000 1.5031
33.0000 1.4639
34.0000 1.4377
35.0000 1.4033
36.0000 1.3908
37.0000 1.2910
38.0000 1.2028
39.0000 1.1056
40.0000 1.0057
41.0000 0.9225
42.0000 0.8287
43.0000 0.8131
44.0000 0.8084
45.0000 0.7085
46.0000 0.6143
47.0000 0.5790
48.0000 0.6252
49.0000 0.5441
50.0000 0.4583
51.0000 0.3605
52.0000 0.2656
53.0000 0.2123
54.0000 0.3114
55.0000 0.4070
56.0000 0.4184
57.0000 0.3647
58.0000 0.2803
59.0000 0.3080
60.0000 0.3693
61.0000 0.4691
62.0000 0.5304
63.0000 0.6202
64.0000 0.6591
65.0000 0.5873
66.0000 0.5287
67.0000 0.4736
68.0000 0.4707
69.0000 0.4954
70.0000 0.5847
71.0000 0.6676
72.0000 0.7577
73.0000 0.6632
74.0000 0.5797
75.0000 0.4804
76.0000 0.4212
77.0000 0.3309
78.0000 0.2830
79.0000 0.1885
80.0000 0.0892
81.0000 0.0125
82.0000 0.1125
83.0000 0.2110
84.0000 0.2919
85.0000 0.3886
86.0000 0.4830
87.0000 0.5771
88.0000 0.6257
89.0000 0.6593
90.0000 0.7589
91.0000 0.8577
92.0000 0.8375
93.0000 0.7376
94.0000 0.7322
95.0000 0.6981
96.0000 0.6172
97.0000 0.5221
98.0000 0.4279
99.0000 0.3574
100.0000 0.4064
101.0000 0.3195
102.0000 0.2319
103.0000 0.1879
104.0000 0.1883
105.0000 0.2647
106.0000 0.3515
107.0000 0.4486
108.0000 0.4941
109.0000 0.5913
110.0000 0.6905
111.0000 0.7859
112.0000 0.8715
113.0000 0.9028
114.0000 0.9576
115.0000 1.0576
116.0000 1.1575
117.0000 1.2553
118.0000 1.2203
119.0000 1.1413
120.0000 1.1763
121.0000 1.2750
122.0000 1.3338
123.0000 1.4030
124.0000 1.3872
125.0000 1.3952
126.0000 1.4173
127.0000 1.3859
128.0000 1.3299
129.0000 1.2600
130.0000 1.2778
131.0000 1.3651
132.0000 1.4514
133.0000 1.5429
134.0000 1.6429
135.0000 1.7375
136.0000 1.7578
137.0000 1.7213
138.0000 1.6465
139.0000 1.6641
140.0000 1.5676
141.0000 1.5657
142.0000 1.5627
143.0000 1.5999
144.0000 1.6027
145.0000 1.5166
146.0000 1.4171
147.0000 1.3186
148.0000 1.2326
149.0000 1.1339
150.0000 1.0803
