1.0000 2.1471
2.0000 2.0687
3.0000 2.0456
4.0000 2.0317
5.0000 1.9384
6.0000 1.9016
7.0000 1.9184
8.0000 2.0147
9.0000 1.9614
10.0000 1.8939
11.0000 1.9321
12.0000 2.0100
13.0000 2.0621
14.0000 2.0569
15.0000 2.0568
16.0000 2.0235
17.0000 1.9287
18.0000 1.8396
19.0000 1.7647
20.0000 1.8215
21.0000 1.8295
22.0000 1.7350
23.0000 1.6543
24.0000 1.5989
25.0000 1.5637
26.0000 1.5443
27.0000 1.5249
28.0000 1.5715
29.0000 1.6697
30.0000 1.7548
31.0000 1.8424
32.0000 1.9284
33.0000 1.8861
34.0000 1.9856
35.0000 1.9459
36.0000 1.8949
37.0000 1.8496
38.0000 1.8123
39.0000 1.7644
40.0000 1.6676
41.0000 1.5719
42.0000 1.4751
43.0000 1.3754
44.0000 1.3117
45.0000 1.3092
46.0000 1.2981
47.0000 1.2923
48.0000 1.3027
49.0000 1.3277
50.0000 1.3343
51.0000 1.3998
52.0000 1.4994
53.0000 1.5804
54.0000 1.5510
55.0000 1.5785
56.0000 1.6145
57.0000 1.6138
58.0000 1.5330
59.0000 1.4964
60.0000 1.5194
61.0000 1.6193
62.0000 1.6290
63.0000 1.7103
64.0000 1.8103
65.0000 1.8874
66.0000 1.9858
67.0000 2.0841
68.0000 2.1566
69.0000 2.0965
70.0000 2.0087
71.0000 1.9159
72.0000 1.8174
73.0000 1.8388
74.0000 1.9083
75.0000 1.9791
76.0000 1.9875
77.0000 1.9505
78.0000 1.8729
79.0000 1.9114
80.0000 1.9323
81.0000 1.8860
82.0000 1.7860
83.0000 1.7498
84.0000 1.6794
85.0000 1.6958
86.0000 1.7529
87.0000 1.8255
88.0000 1.8065
89.0000 1.8628
90.0000 1.9568
91.0000 1.9941
92.0000 2.0328
93.0000 1.9924
94.0000 1.9560
95.0000 1.8641
96.0000 1.7700
97.0000 1.6700
98.0000 1.6668
99.0000 1.6613
100.0000 1.6632
101.0000 1.6976
102.0000 1.7645
103.0000 1.7935
104.0000 1.8901
105.0000 1.9794
106.0000 2.0024
107.0000 1.9174
108.0000 1.8490
109.0000 1.7866
110.0000 1.6867
111.0000 1.7352
112.0000 1.6741
113.0000 1.5808
114.0000 1.4873
115.0000 1.4329
116.0000 1.3697
117.0000 1.3878
118.0000 1.4332
119.0000 1.5308
120.0000 1.5368
121.0000 1.5109
122.0000 1.4119
123.0000 1.3208
124.0000 1.2243
125.0000 1.1364
126.0000 1.0438
127.0000 0.9610
128.0000 0.8779
129.0000 0.7822
130.0000 0.7024
131.0000 0.6047
132.0000 0.5073
133.0000 0.4492
134.0000 0.4407
135.0000 0.5363
136.0000 0.6315
137.0000 0.6813
138.0000 0.7043
139.0000 0.7817
140.0000 0.8316
141.0000 0.8763
142.0000 0.9511
143.0000 0.9338
144.0000 0.8678
145.0000 0.7864
146.0000 0.7174
147.0000 0.6248
148.0000 0.6016
149.0000 0.6852
150.0000 0.7415
