1.0000 2.1364
2.0000 2.0834
3.0000 2.0286
4.0000 1.9866
5.0000 2.0263
6.0000 2.0851
7.0000 2.1402
8.0000 2.0641
9.0000 1.9858
10.0000 1.9644
11.0000 2.0626
12.0000 2.1586
13.0000 2.2449
14.0000 2.3323
15.0000 2.4288
16.0000 2.5204
17.0000 2.6188
18.0000 2.7185
19.0000 2.7331
20.0000 2.6924
21.0000 2.7066
22.0000 2.6291
23.0000 2.5310
24.0000 2.4446
25.0000 2.4299
26.0000 2.4836
27.0000 2.5622
28.0000 2.6400
29.0000 2.7090
30.0000 2.8010
31.0000 2.7614
32.0000 2.6697
33.0000 2.5906
34.0000 2.5169
35.0000 2.5347
36.0000 2.5630
37.0000 2.4899
38.0000 2.4048
39.0000 2.3132
40.0000 2.2135
41.0000 2.1245
42.0000 2.0874
43.0000 1.9891
44.0000 2.0353
45.0000 2.1310
46.0000 2.0417
47.0000 1.9429
48.0000 1.9274
49.0000 1.9375
50.0000 1.8376
51.0000 1.7818
52.0000 1.7093
53.0000 1.6160
54.0000 1.6048
55.0000 1.6559
56.0000 1.6246
57.0000 1.7001
58.0000 1.7594
59.0000 1.8327
60.0000 1.8023
61.0000 1.7833
62.0000 1.7326
63.0000 1.7915
64.0000 1.7966
65.0000 1.8461
66.0000 1.9003
67.0000 1.9909
68.0000 2.0577
69.0000 2.1195
70.0000 2.1709
71.0000 2.1886
72.0000 2.2155
73.0000 2.2126
74.0000 2.1630
75.0000 2.1631
76.0000 2.2138
77.0000 2.1943
78.0000 2.1382
79.0000 2.0603
80.0000 2.0118
81.0000 2.0304
82.0000 2.0643
83.0000 2.1462
84.0000 2.1617
85.0000 2.1801
86.0000 2.1338
87.0000 2.2091
88.0000 2.1998
89.0000 2.1387
90.0000 2.1295
91.0000 2.1037
92.0000 2.1899
93.0000 2.2779
94.0000 2.3201
95.0000 2.2282
96.0000 2.1712
97.0000 2.1228
98.0000 2.0916
99.0000 2.0676
100.0000 2.0232
101.0000 1.9413
102.0000 1.8450
103.0000 1.7451
104.0000 1.6453
105.0000 1.5552
106.0000 1.4658
107.0000 1.4442
108.0000 1.4047
109.0000 1.3142
110.0000 1.2174
111.0000 1.1240
112.0000 1.0733
113.0000 1.0446
114.0000 1.0478
115.0000 0.9685
116.0000 0.9492
117.0000 1.0027
118.0000 1.0080
119.0000 0.9307
120.0000 0.8411
121.0000 0.8232
122.0000 0.8839
123.0000 0.9047
124.0000 0.8929
125.0000 0.9076
126.0000 0.9870
127.0000 1.0851
128.0000 1.1848
129.0000 1.1604
130.0000 1.2266
131.0000 1.3054
132.0000 1.3596
133.0000 1.4542
134.0000 1.5474
135.0000 1.5433
136.0000 1.5737
137.0000 1.6188
138.0000 1.6856
139.0000 1.6873
140.0000 1.6268
141.0000 1.5276
142.0000 1.4395
143.0000 1.3610
144.0000 1.2671
145.0000 1.1688
146.0000 1.1016
147.0000 1.0183
148.0000 0.9218
149.0000 0.8228
150.0000 0.7416
