1.0000 2.1362
2.0000 2.0386
3.0000 1.9618
4.0000 1.8648
5.0000 1.8045
6.0000 1.8236
7.0000 1.9232
8.0000 2.0230
9.0000 2.1216
10.0000 2.2114
11.0000 2.3084
12.0000 2.3221
13.0000 2.3209
14.0000 2.3126
15.0000 2.3434
16.0000 2.4369
17.0000 2.4969
18.0000 2.5649
19.0000 2.6175
20.0000 2.6907
21.0000 2.7763
22.0000 2.7806
23.0000 2.6813
24.0000 2.7073
25.0000 2.6664
26.0000 2.6514
27.0000 2.5581
28.0000 2.5191
29.0000 2.5151
30.0000 2.4872
31.0000 2.3894
32.0000 2.2895
33.0000 2.1908
34.0000 2.1199
35.0000 2.0399
36.0000 2.0603
37.0000 2.0998
38.0000 2.1867
39.0000 2.2859
40.0000 2.3260
41.0000 2.4217
42.0000 2.3421
43.0000 2.2745
44.0000 2.2730
45.0000 2.2573
46.0000 2.2049
47.0000 2.1711
48.0000 2.0748
49.0000 1.9771
50.0000 1.8773
51.0000 1.7799
52.0000 1.7015
53.0000 1.6080
54.0000 1.5146
55.0000 1.5521
56.0000 1.6219
57.0000 1.6102
58.0000 1.6714
59.0000 1.5772
60.0000 1.4773
61.0000 1.4321
62.0000 1.4981
63.0000 1.5872
64.0000 1.6109
65.0000 1.7092
66.0000 1.8008
67.0000 1.8802
68.0000 1.9782
69.0000 1.9810
70.0000 1.9193
71.0000 1.8193
72.0000 1.8021
73.0000 1.8529
74.0000 1.7723
75.0000 1.7563
76.0000 1.6563
77.0000 1.5568
78.0000 1.4607
79.0000 1.3677
80.0000 1.2701
81.0000 1.1913
82.0000 1.1960
83.0000 1.2647
84.0000 1.3629
85.0000 1.4195
86.0000 1.5129
87.0000 1.5848
88.0000 1.6452
89.0000 1.7440
90.0000 1.8426
91.0000 1.9128
92.0000 1.9472
93.0000 2.0159
94.0000 2.1033
95.0000 2.2022
96.0000 2.2891
97.0000 2.2043
98.0000 2.1053
99.0000 2.0070
100.0000 1.9111
101.0000 1.8223
102.0000 1.8366
103.0000 1.8810
104.0000 1.9748
105.0000 2.0485
106.0000 2.1454
107.0000 2.2322
108.0000 2.2452
109.0000 2.3284
110.0000 2.4012
111.0000 2.4597
112.0000 2.4532
113.0000 2.4405
114.0000 2.4817
115.0000 2.5257
116.0000 2.6085
117.0000 2.7084
118.0000 2.7956
119.0000 2.8035
120.0000 2.7834
121.0000 2.7967
122.0000 2.8062
123.0000 2.7200
124.0000 2.6747
125.0000 2.7109
126.0000 2.6637
127.0000 2.5905
128.0000 2.5622
129.0000 2.5570
130.0000 2.5294
131.0000 2.5153
132.0000 2.4557
133.0000 2.3769
134.0000 2.3837
135.0000 2.2837
136.0000 2.1858
137.0000 2.0867
138.0000 1.9867
139.0000 1.9098
140.0000 1.8298
141.0000 1.7701
142.0000 1.7092
143.0000 1.6135
144.0000 1.5263
145.0000 1.4429
146.0000 1.3431
147.0000 1.2432
148.0000 1.3014
149.0000 1.3954
150.0000 1.4325
