1.0000 2.1867
2.0000 2.0998
3.0000 2.0002
4.0000 1.9098
5.0000 1.8375
6.0000 1.7376
7.0000 1.7285
8.0000 1.6589
9.0000 1.6459
10.0000 1.6284
11.0000 1.7069
12.0000 1.8066
13.0000 1.9051
14.0000 2.0050
15.0000 2.0955
16.0000 2.1906
17.0000 2.2737
18.0000 2.3115
19.0000 2.2683
20.0000 2.1683
21.0000 2.0813
22.0000 2.0217
23.0000 1.9315
24.0000 1.8404
25.0000 1.8800
26.0000 1.9793
27.0000 2.0757
28.0000 2.1415
29.0000 2.1428
30.0000 2.0435
31.0000 1.9936
32.0000 1.9427
33.0000 1.9866
34.0000 2.0665
35.0000 2.1134
36.0000 2.0557
37.0000 2.0087
38.0000 2.0649
39.0000 2.0713
40.0000 2.0492
41.0000 2.1460
42.0000 2.2368
43.0000 2.3360
44.0000 2.2865
45.0000 2.2673
46.0000 2.3618
47.0000 2.4267
48.0000 2.4799
49.0000 2.5109
50.0000 2.4219
51.0000 2.3431
52.0000 2.3752
53.0000 2.2881
54.0000 2.2663
55.0000 2.3050
56.0000 2.3558
57.0000 2.2574
58.0000 2.2008
59.0000 2.1962
60.0000 2.1085
61.0000 2.0126
62.0000 2.0465
63.0000 2.1247
64.0000 2.2097
65.0000 2.2966
66.0000 2.3962
67.0000 2.4110
68.0000 2.4590
69.0000 2.4836
70.0000 2.5575
71.0000 2.6269
72.0000 2.6595
73.0000 2.6332
74.0000 2.6658
75.0000 2.6447
76.0000 2.6457
77.0000 2.6737
78.0000 2.6248
79.0000 2.5764
80.0000 2.6127
81.0000 2.5722
82.0000 2.5932
83.0000 2.5757
84.0000 2.4796
85.0000 2.4199
86.0000 2.4039
87.0000 2.4757
88.0000 2.5614
89.0000 2.5651
90.0000 2.4720
91.0000 2.3720
92.0000 2.2782
93.0000 2.2445
94.0000 2.1528
95.0000 2.0665
96.0000 1.9812
97.0000 1.8864
98.0000 1.8072
99.0000 1.7857
100.0000 1.7673
101.0000 1.7690
102.0000 1.8675
103.0000 1.9522
104.0000 2.0034
105.0000 2.0887
106.0000 2.1509
107.0000 2.2232
108.0000 2.3138
109.0000 2.4128
110.0000 2.4698
111.0000 2.4073
112.0000 2.3203
113.0000 2.2304
114.0000 2.1483
115.0000 2.1855
116.0000 2.2782
117.0000 2.2208
118.0000 2.1690
119.0000 2.1120
120.0000 2.0921
121.0000 2.0794
122.0000 2.0490
123.0000 2.0221
124.0000 2.0624
125.0000 2.1288
126.0000 2.0985
127.0000 2.0738
128.0000 2.1567
129.0000 2.2550
130.0000 2.3508
131.0000 2.3458
132.0000 2.4458
133.0000 2.5324
134.0000 2.6222
135.0000 2.7198
136.0000 2.6639
137.0000 2.5668
138.0000 2.6067
139.0000 2.6352
140.0000 2.6256
141.0000 2.6425
142.0000 2.5719
143.0000 2.5014
144.0000 2.4089
145.0000 2.3157
146.0000 2.2196
147.0000 2.1196
148.0000 2.0914
149.0000 2.1507
150.0000 2.2477
