1.0000 2.1404
2.0000 2.0822
3.0000 2.1075
4.0000 2.1499
5.0000 2.2017
6.0000 2.2882
7.0000 2.3842
8.0000 2.4019
9.0000 2.3466
10.0000 2.2519
11.0000 2.2350
12.0000 2.2622
13.0000 2.3196
14.0000 2.4178
15.0000 2.5013
16.0000 2.5149
17.0000 2.5760
18.0000 2.6706
19.0000 2.6430
20.0000 2.5993
21.0000 2.5685
22.0000 2.6685
23.0000 2.6383
24.0000 2.5482
25.0000 2.4993
26.0000 2.4104
27.0000 2.3116
28.0000 2.2257
29.0000 2.1832
30.0000 2.1637
31.0000 2.1076
32.0000 2.1047
33.0000 2.1109
34.0000 2.1776
35.0000 2.2487
36.0000 2.1689
37.0000 2.0693
38.0000 1.9730
39.0000 1.9336
40.0000 1.8501
41.0000 1.7546
42.0000 1.6969
43.0000 1.6961
44.0000 1.6482
45.0000 1.5673
46.0000 1.4719
47.0000 1.3963
48.0000 1.3141
49.0000 1.2142
50.0000 1.1176
51.0000 1.0240
52.0000 0.9379
53.0000 0.8389
54.0000 0.7440
55.0000 0.6559
56.0000 0.5674
57.0000 0.5122
58.0000 0.4126
59.0000 0.3199
60.0000 0.2574
61.0000 0.2002
62.0000 0.1437
63.0000 0.1896
64.0000 0.2868
65.0000 0.3695
66.0000 0.3249
67.0000 0.3863
68.0000 0.4341
69.0000 0.5283
70.0000 0.5466
71.0000 0.4643
72.0000 0.4187
73.0000 0.4592
74.0000 0.4800
75.0000 0.5458
76.0000 0.6086
77.0000 0.7043
78.0000 0.8013
79.0000 0.8054
80.0000 0.7328
81.0000 0.6617
82.0000 0.5838
83.0000 0.4853
84.0000 0.4769
85.0000 0.3894
86.0000 0.3141
87.0000 0.3347
88.0000 0.2931
89.0000 0.2232
90.0000 0.1239
91.0000 0.0286
92.0000 0.0832
93.0000 0.1805
94.0000 0.2371
95.0000 0.3371
96.0000 0.4368
97.0000 0.5348
98.0000 0.6348
99.0000 0.7346
100.0000 0.8074
101.0000 0.8971
102.0000 0.9460
103.0000 0.9244
104.0000 0.9108
105.0000 0.9225
106.0000 0.8554
107.0000 0.9463
108.0000 1.0381
109.0000 1.1345
110.0000 1.2085
111.0000 1.2663
112.0000 1.2776
113.0000 1.1892
114.0000 1.0913
115.0000 1.0999
116.0000 1.1173
117.0000 1.1764
118.0000 1.2264
119.0000 1.3219
120.0000 1.3211
121.0000 1.3276
122.0000 1.3232
123.0000 1.4063
124.0000 1.4634
125.0000 1.5386
126.0000 1.4654
127.0000 1.4484
128.0000 1.3774
129.0000 1.4466
130.0000 1.4575
131.0000 1.4595
132.0000 1.4746
133.0000 1.5183
134.0000 1.5442
135.0000 1.4827
136.0000 1.4372
137.0000 1.4589
138.0000 1.5293
139.0000 1.6063
140.0000 1.6207
141.0000 1.5234
142.0000 1.4313
143.0000 1.4624
144.0000 1.4205
145.0000 1.4010
146.0000 1.4860
147.0000 1.4945
148.0000 1.3953
149.0000 1.3333
150.0000 1.3204
