1.0000 2.1381
2.0000 2.0453
3.0000 2.0180
4.0000 2.0269
5.0000 2.0160
6.0000 1.9420
7.0000 1.8558
8.0000 1.7564
9.0000 1.6688
10.0000 1.5689
11.0000 1.4977
12.0000 1.4638
13.0000 1.5069
14.0000 1.5668
15.0000 1.5005
16.0000 1.4376
17.0000 1.3932
18.0000 1.4091
19.0000 1.3421
20.0000 1.2723
21.0000 1.1723
22.0000 1.2412
23.0000 1.3296
24.0000 1.3726
25.0000 1.4115
26.0000 1.5092
27.0000 1.5126
28.0000 1.5962
29.0000 1.6955
30.0000 1.7765
31.0000 1.8327
32.0000 1.9087
33.0000 2.0039
34.0000 2.0963
35.0000 2.0895
36.0000 2.1891
37.0000 2.2458
38.0000 2.2116
39.0000 2.1665
40.0000 2.0895
41.0000 2.0011
42.0000 2.0203
43.0000 2.1123
44.0000 2.1706
45.0000 2.1085
46.0000 2.0138
47.0000 2.0832
48.0000 2.1498
49.0000 2.2400
50.0000 2.2787
51.0000 2.3448
52.0000 2.4295
53.0000 2.5209
54.0000 2.6141
55.0000 2.6875
56.0000 2.7846
57.0000 2.7357
58.0000 2.7300
59.0000 2.8297
60.0000 2.7823
61.0000 2.7575
62.0000 2.6648
63.0000 2.5860
64.0000 2.4939
65.0000 2.4227
66.0000 2.3940
67.0000 2.4504
68.0000 2.5272
69.0000 2.5569
70.0000 2.5862
71.0000 2.6451
72.0000 2.6025
73.0000 2.5030
74.0000 2.5101
75.0000 2.5926
76.0000 2.6712
77.0000 2.7602
78.0000 2.8139
79.0000 2.8130
80.0000 2.7656
81.0000 2.7968
82.0000 2.7422
83.0000 2.7333
84.0000 2.7954
85.0000 2.8946
86.0000 2.8654
87.0000 2.7663
88.0000 2.6663
89.0000 2.5673
90.0000 2.6028
91.0000 2.6606
92.0000 2.7160
93.0000 2.7212
94.0000 2.8025
95.0000 2.7747
96.0000 2.6899
97.0000 2.7168
98.0000 2.6553
99.0000 2.6750
100.0000 2.6710
101.0000 2.6907
102.0000 2.7686
103.0000 2.6836
104.0000 2.5963
105.0000 2.5421
106.0000 2.5497
107.0000 2.6415
108.0000 2.6710
109.0000 2.5801
110.0000 2.5015
111.0000 2.4866
112.0000 2.4981
113.0000 2.4631
114.0000 2.4193
115.0000 2.5041
116.0000 2.5809
117.0000 2.6089
118.0000 2.5240
119.0000 2.5119
120.0000 2.4592
121.0000 2.3868
122.0000 2.3778
123.0000 2.3840
124.0000 2.4823
125.0000 2.5602
126.0000 2.6352
127.0000 2.6009
128.0000 2.5534
129.0000 2.4535
130.0000 2.3847
131.0000 2.3201
132.0000 2.2615
133.0000 2.2754
134.0000 2.1755
135.0000 2.1402
136.0000 2.0820
137.0000 1.9890
138.0000 1.8928
139.0000 1.7961
140.0000 1.7581
141.0000 1.6581
142.0000 1.6054
143.0000 1.6214
144.0000 1.6974
145.0000 1.7904
146.0000 1.8765
147.0000 1.7916
148.0000 1.8829
149.0000 1.9716
150.0000 1.9674
