1.0000 2.1808
2.0000 2.1088
3.0000 2.0638
4.0000 2.0885
5.0000 2.0408
6.0000 1.9614
7.0000 1.8763
8.0000 1.8455
9.0000 1.8278
10.0000 1.7355
11.0000 1.6360
12.0000 1.5386
13.0000 1.5706
14.0000 1.5682
15.0000 1.6664
16.0000 1.7641
17.0000 1.8634
18.0000 1.9576
19.0000 2.0563
20.0000 2.0303
21.0000 2.0331
22.0000 2.0153
23.0000 1.9909
24.0000 1.9290
25.0000 1.9161
26.0000 2.0035
27.0000 1.9930
28.0000 1.9890
29.0000 1.8946
30.0000 1.8311
31.0000 1.7635
32.0000 1.7186
33.0000 1.6286
34.0000 1.5312
35.0000 1.4328
36.0000 1.4836
37.0000 1.4113
38.0000 1.4120
39.0000 1.5016
40.0000 1.5499
41.0000 1.6494
42.0000 1.7491
43.0000 1.7916
44.0000 1.8169
45.0000 1.9053
46.0000 1.9906
47.0000 2.0493
48.0000 1.9562
49.0000 1.8601
50.0000 1.8356
51.0000 1.7853
52.0000 1.6956
53.0000 1.5974
54.0000 1.5206
55.0000 1.4320
56.0000 1.3474
57.0000 1.2610
58.0000 1.3084
59.0000 1.2750
60.0000 1.2352
61.0000 1.2973
62.0000 1.3020
63.0000 1.2616
64.0000 1.2110
65.0000 1.1396
66.0000 1.2193
67.0000 1.1369
68.0000 1.0377
69.0000 0.9379
70.0000 0.8468
71.0000 0.8072
72.0000 0.7480
73.0000 0.7392
74.0000 0.6955
75.0000 0.6503
76.0000 0.6841
77.0000 0.7293
78.0000 0.8004
79.0000 0.7763
80.0000 0.7614
81.0000 0.6811
82.0000 0.6104
83.0000 0.5829
84.0000 0.5651
85.0000 0.5593
86.0000 0.5740
87.0000 0.5714
88.0000 0.5321
89.0000 0.5455
90.0000 0.6357
91.0000 0.7295
92.0000 0.7599
93.0000 0.8444
94.0000 0.7551
95.0000 0.6623
96.0000 0.5623
97.0000 0.4803
98.0000 0.5709
99.0000 0.6573
100.0000 0.6191
101.0000 0.6404
102.0000 0.6613
103.0000 0.6732
104.0000 0.6193
105.0000 0.6876
106.0000 0.7058
107.0000 0.7440
108.0000 0.8021
109.0000 0.8810
110.0000 0.9563
111.0000 1.0219
112.0000 0.9986
113.0000 1.0961
114.0000 1.1947
115.0000 1.2731
116.0000 1.2757
117.0000 1.3040
118.0000 1.3720
119.0000 1.4619
120.0000 1.5526
121.0000 1.6517
122.0000 1.7515
123.0000 1.8471
124.0000 1.9471
125.0000 2.0405
126.0000 2.1321
127.0000 2.2255
128.0000 2.2883
129.0000 2.2565
130.0000 2.1968
131.0000 2.2796
132.0000 2.3760
133.0000 2.4405
134.0000 2.5337
135.0000 2.6037
136.0000 2.6837
137.0000 2.7547
138.0000 2.8546
139.0000 2.9271
140.0000 3.0108
141.0000 2.9215
142.0000 2.8290
143.0000 2.8324
144.0000 2.9282
145.0000 2.8498
146.0000 2.7544
147.0000 2.6578
148.0000 2.5581
149.0000 2.4624
150.0000 2.3641
