1.0000 2.1402
2.0000 2.0678
3.0000 2.0566
4.0000 2.1120
5.0000 2.0211
6.0000 1.9406
7.0000 1.8474
8.0000 1.7776
9.0000 1.6794
10.0000 1.5855
11.0000 1.5062
12.0000 1.4089
13.0000 1.3101
14.0000 1.2448
15.0000 1.1480
16.0000 1.0520
17.0000 0.9921
18.0000 0.8922
19.0000 0.7945
20.0000 0.7117
21.0000 0.6479
22.0000 0.7038
23.0000 0.7499
24.0000 0.8473
25.0000 0.9470
26.0000 1.0432
27.0000 1.1046
28.0000 1.1869
29.0000 1.2821
30.0000 1.3366
31.0000 1.4060
32.0000 1.4909
33.0000 1.5077
34.0000 1.5565
35.0000 1.5087
36.0000 1.4156
37.0000 1.4159
38.0000 1.3251
39.0000 1.2285
40.0000 1.2753
41.0000 1.1978
42.0000 1.1588
43.0000 1.2421
44.0000 1.3418
45.0000 1.4089
46.0000 1.3190
47.0000 1.2542
48.0000 1.1684
49.0000 1.1093
50.0000 1.0575
51.0000 1.0913
52.0000 1.1725
53.0000 1.1462
54.0000 1.1961
55.0000 1.1449
56.0000 1.0759
57.0000 0.9786
58.0000 0.9015
59.0000 0.8562
60.0000 0.8204
61.0000 0.8925
62.0000 0.9519
63.0000 0.9613
64.0000 0.9953
65.0000 1.0241
66.0000 1.0071
67.0000 0.9643
68.0000 1.0622
69.0000 1.1567
70.0000 1.2513
71.0000 1.3158
72.0000 1.3815
73.0000 1.3818
74.0000 1.4590
75.0000 1.5403
76.0000 1.6357
77.0000 1.7356
78.0000 1.8325
79.0000 1.8514
80.0000 1.8738
81.0000 1.8682
82.0000 1.8982
83.0000 1.8968
84.0000 1.8075
85.0000 1.7097
86.0000 1.6329
87.0000 1.6872
88.0000 1.7866
89.0000 1.8864
90.0000 1.9186
91.0000 2.0048
92.0000 2.0426
93.0000 1.9768
94.0000 1.8858
95.0000 1.7923
96.0000 1.7409
97.0000 1.6640
98.0000 1.5950
99.0000 1.6312
100.0000 1.5338
101.0000 1.4547
102.0000 1.3548
103.0000 1.2548
104.0000 1.1753
105.0000 1.1421
106.0000 1.2062
107.0000 1.2708
108.0000 1.3650
109.0000 1.4266
110.0000 1.5099
111.0000 1.6070
112.0000 1.7068
113.0000 1.7894
114.0000 1.8378
115.0000 1.7863
116.0000 1.7423
117.0000 1.6542
118.0000 1.6238
119.0000 1.5641
120.0000 1.5345
121.0000 1.5012
122.0000 1.4021
123.0000 1.3045
124.0000 1.2213
125.0000 1.1323
126.0000 1.0405
127.0000 0.9405
128.0000 0.8453
129.0000 0.7742
130.0000 0.7402
131.0000 0.6425
132.0000 0.5426
133.0000 0.5219
134.0000 0.5262
135.0000 0.4655
136.0000 0.3879
137.0000 0.3323
138.0000 0.3790
139.0000 0.4133
140.0000 0.5123
141.0000 0.5965
142.0000 0.6962
143.0000 0.7372
144.0000 0.7617
145.0000 0.8157
146.0000 0.8447
147.0000 0.9068
148.0000 0.9731
149.0000 1.0731
150.0000 1.1391
