1.0000 2.1405
2.0000 2.0474
3.0000 2.0498
4.0000 1.9599
5.0000 1.8671
6.0000 1.8403
7.0000 1.7875
8.0000 1.7299
9.0000 1.7268
10.0000 1.6279
11.0000 1.6366
12.0000 1.7298
13.0000 1.8044
14.0000 1.8985
15.0000 1.9965
16.0000 1.9175
17.0000 1.8302
18.0000 1.7662
19.0000 1.6917
20.0000 1.7186
21.0000 1.8156
22.0000 1.9148
23.0000 1.9704
24.0000 2.0327
25.0000 1.9788
26.0000 1.9278
27.0000 1.8617
28.0000 1.7804
29.0000 1.7155
30.0000 1.6408
31.0000 1.5427
32.0000 1.4662
33.0000 1.3733
34.0000 1.3123
35.0000 1.2418
36.0000 1.2223
37.0000 1.3092
38.0000 1.2676
39.0000 1.1782
40.0000 1.0873
41.0000 0.9907
42.0000 0.8954
43.0000 0.8477
44.0000 0.7532
45.0000 0.6664
46.0000 0.6193
47.0000 0.5774
48.0000 0.5976
49.0000 0.6361
50.0000 0.7064
51.0000 0.7699
52.0000 0.7389
53.0000 0.8117
54.0000 0.7432
55.0000 0.7020
56.0000 0.6681
57.0000 0.5752
58.0000 0.5446
59.0000 0.6386
60.0000 0.6878
61.0000 0.6030
62.0000 0.5059
63.0000 0.4458
64.0000 0.4943
65.0000 0.4758
66.0000 0.4690
67.0000 0.5612
68.0000 0.6465
69.0000 0.7324
70.0000 0.8174
71.0000 0.9171
72.0000 1.0082
73.0000 1.1078
74.0000 1.1542
75.0000 1.2108
76.0000 1.2787
77.0000 1.3673
78.0000 1.4191
79.0000 1.5185
80.0000 1.6063
81.0000 1.7040
82.0000 1.7421
83.0000 1.8420
84.0000 1.9124
85.0000 2.0123
86.0000 2.1000
87.0000 2.1122
88.0000 2.0264
89.0000 2.1079
90.0000 2.0559
91.0000 2.0735
92.0000 2.1256
93.0000 2.1571
94.0000 2.2451
95.0000 2.1517
96.0000 2.0953
97.0000 2.1333
98.0000 2.1821
99.0000 2.2491
100.0000 2.3414
101.0000 2.4327
102.0000 2.4352
103.0000 2.4157
104.0000 2.4763
105.0000 2.5229
106.0000 2.5291
107.0000 2.5351
108.0000 2.5682
109.0000 2.5479
110.0000 2.6128
111.0000 2.5736
112.0000 2.5325
113.0000 2.4926
114.0000 2.3986
115.0000 2.3266
116.0000 2.2344
117.0000 2.1951
118.0000 2.0965
119.0000 2.0472
120.0000 2.0860
121.0000 2.1712
122.0000 2.2611
123.0000 2.3128
124.0000 2.4121
125.0000 2.5117
126.0000 2.4262
127.0000 2.3756
128.0000 2.3066
129.0000 2.3131
130.0000 2.3943
131.0000 2.3524
132.0000 2.3239
133.0000 2.2598
134.0000 2.3458
135.0000 2.3108
136.0000 2.2723
137.0000 2.2602
138.0000 2.3600
139.0000 2.3716
140.0000 2.4526
141.0000 2.5240
142.0000 2.5603
143.0000 2.6041
144.0000 2.5862
145.0000 2.5569
146.0000 1.9429
147.0000 1.9681
148.0000 1.9375
149.0000 1.8952
150.0000 1.8310
