1.0000 2.1373
2.0000 2.0999
3.0000 2.1288
4.0000 2.1226
5.0000 2.1464
6.0000 2.0789
7.0000 2.0532
8.0000 2.0751
9.0000 1.9989
10.0000 1.9003
11.0000 1.9002
12.0000 1.9836
13.0000 2.0621
14.0000 2.1368
15.0000 2.1812
16.0000 2.2228
17.0000 2.2752
18.0000 2.3119
19.0000 2.2838
20.0000 2.2457
21.0000 2.1469
22.0000 2.0961
23.0000 2.1367
24.0000 2.1174
25.0000 2.0361
26.0000 2.0207
27.0000 2.0697
28.0000 1.9960
29.0000 1.9780
30.0000 2.0053
31.0000 2.0323
32.0000 2.0429
33.0000 2.0557
34.0000 2.0633
35.0000 2.0659
36.0000 2.0862
37.0000 2.0095
38.0000 2.0621
39.0000 2.1467
40.0000 2.2367
41.0000 2.2373
42.0000 2.1376
43.0000 2.0376
44.0000 1.9819
45.0000 2.0093
46.0000 2.0668
47.0000 2.0654
48.0000 1.9658
49.0000 1.9223
50.0000 1.8225
51.0000 1.7241
52.0000 1.6275
53.0000 1.5446
54.0000 1.5016
55.0000 1.4016
56.0000 1.3250
57.0000 1.3903
58.0000 1.4141
59.0000 1.4745
60.0000 1.4808
61.0000 1.4089
62.0000 1.3120
63.0000 1.2151
64.0000 1.1558
65.0000 1.0633
66.0000 0.9779
67.0000 0.9283
68.0000 0.9443
69.0000 0.9712
70.0000 1.0707
71.0000 1.1703
72.0000 1.2699
73.0000 1.3683
74.0000 1.4536
75.0000 1.5047
76.0000 1.4428
77.0000 1.3485
78.0000 1.2507
79.0000 1.1533
80.0000 1.0534
81.0000 0.9571
82.0000 0.9592
83.0000 0.9076
84.0000 0.9381
85.0000 0.9705
86.0000 0.9266
87.0000 0.8282
88.0000 0.7306
89.0000 0.7008
90.0000 0.7180
91.0000 0.7061
92.0000 0.6250
93.0000 0.6105
94.0000 0.5718
95.0000 0.5399
96.0000 0.6088
97.0000 0.6662
98.0000 0.7525
99.0000 0.7956
100.0000 0.7919
101.0000 0.6955
102.0000 0.5963
103.0000 0.5034
104.0000 0.4035
105.0000 0.4297
106.0000 0.4754
107.0000 0.5666
108.0000 0.6221
109.0000 0.6717
110.0000 0.6540
111.0000 0.6967
112.0000 0.7034
113.0000 0.7881
114.0000 0.7598
115.0000 0.7660
116.0000 0.8068
117.0000 0.7783
118.0000 0.7844
119.0000 0.8812
120.0000 0.9511
121.0000 1.0509
122.0000 1.0752
123.0000 1.0455
124.0000 1.0386
125.0000 1.1357
126.0000 1.2182
127.0000 1.1626
128.0000 1.0704
129.0000 1.0348
130.0000 1.0645
131.0000 0.9926
132.0000 0.8929
133.0000 0.8730
134.0000 0.7734
135.0000 0.6907
136.0000 0.6427
137.0000 0.5624
138.0000 0.6003
139.0000 0.6789
140.0000 0.6848
141.0000 0.7047
142.0000 0.7095
143.0000 0.7225
144.0000 0.7880
145.0000 0.7491
146.0000 0.6578
147.0000 0.5781
148.0000 0.5361
149.0000 0.4369
150.0000 0.4161
