1.0000 2.1484
2.0000 2.1561
3.0000 2.0770
4.0000 2.1140
5.0000 2.0393
6.0000 1.9767
7.0000 1.9378
8.0000 2.0013
9.0000 2.0764
10.0000 2.1741
11.0000 2.1195
12.0000 2.0854
13.0000 2.1053
14.0000 2.0120
15.0000 1.9154
16.0000 1.9101
17.0000 1.8306
18.0000 1.8097
19.0000 1.8110
20.0000 1.7160
21.0000 1.8003
22.0000 1.8513
23.0000 1.9513
24.0000 2.0512
25.0000 2.0986
26.0000 2.0853
27.0000 2.0766
28.0000 2.1648
29.0000 2.1990
30.0000 2.2741
31.0000 2.2416
32.0000 2.2830
33.0000 2.3183
34.0000 2.4125
35.0000 2.5089
36.0000 2.4992
37.0000 2.5855
38.0000 2.5313
39.0000 2.4679
40.0000 2.3680
41.0000 2.2687
42.0000 2.2981
43.0000 2.3554
44.0000 2.4339
45.0000 2.5203
46.0000 2.6180
47.0000 2.6317
48.0000 2.6886
49.0000 2.7860
50.0000 2.7752
51.0000 2.6752
52.0000 2.6744
53.0000 2.7629
54.0000 2.8109
55.0000 2.7131
56.0000 2.6224
57.0000 2.5571
58.0000 2.4572
59.0000 2.3573
60.0000 2.2769
61.0000 2.2194
62.0000 2.1313
63.0000 2.0580
64.0000 2.0575
65.0000 2.0646
66.0000 2.0736
67.0000 1.9816
68.0000 1.8989
69.0000 1.8362
70.0000 1.7977
71.0000 1.8551
72.0000 1.8116
73.0000 1.7460
74.0000 1.6511
75.0000 1.5543
76.0000 1.4560
77.0000 1.4831
78.0000 1.4425
79.0000 1.4780
80.0000 1.5559
81.0000 1.5906
82.0000 1.5106
83.0000 1.4361
84.0000 1.3362
85.0000 1.3901
86.0000 1.3454
87.0000 1.2455
88.0000 1.1719
89.0000 1.0807
90.0000 1.0559
91.0000 0.9663
92.0000 0.9387
93.0000 0.8604
94.0000 0.8963
95.0000 0.9737
96.0000 1.0189
97.0000 1.1052
98.0000 1.1577
99.0000 1.2496
100.0000 1.3085
101.0000 1.4030
102.0000 1.5015
103.0000 1.5396
104.0000 1.5641
105.0000 1.6557
106.0000 1.7385
107.0000 1.8259
108.0000 1.8916
109.0000 1.9713
110.0000 1.9688
111.0000 1.9939
112.0000 2.0555
113.0000 2.0542
114.0000 2.1054
115.0000 2.1842
116.0000 2.2503
117.0000 2.3354
118.0000 2.3958
119.0000 2.3457
120.0000 2.3491
121.0000 2.4486
122.0000 2.5203
123.0000 2.5770
124.0000 2.6646
125.0000 2.7411
126.0000 2.7854
127.0000 2.8263
128.0000 2.7717
129.0000 2.7517
130.0000 2.7755
131.0000 2.6926
132.0000 2.6481
133.0000 2.6089
134.0000 2.6032
135.0000 2.5087
136.0000 2.4190
137.0000 2.4696
138.0000 2.4730
139.0000 2.3762
140.0000 2.2785
141.0000 2.2002
142.0000 2.1022
143.0000 2.0027
144.0000 1.9028
145.0000 1.8278
146.0000 1.8702
147.0000 1.9620
148.0000 2.0395
149.0000 2.1015
150.0000 2.1687
