1.0000 2.1380
2.0000 2.0804
3.0000 2.1556
4.0000 2.2224
5.0000 2.2687
6.0000 2.2372
7.0000 2.1529
8.0000 2.0975
9.0000 2.0791
10.0000 2.0398
11.0000 2.0779
12.0000 2.1464
13.0000 2.1565
14.0000 2.1580
15.0000 2.2121
16.0000 2.2608
17.0000 2.3527
18.0000 2.3640
19.0000 2.3240
20.0000 2.2341
21.0000 2.2064
22.0000 2.2755
23.0000 2.3755
24.0000 2.3097
25.0000 2.2112
26.0000 2.1348
27.0000 2.0405
28.0000 1.9427
29.0000 1.8602
30.0000 1.7793
31.0000 1.7863
32.0000 1.8492
33.0000 1.8314
34.0000 1.7637
35.0000 1.7259
36.0000 1.7145
37.0000 1.6991
38.0000 1.6668
39.0000 1.6821
40.0000 1.7781
41.0000 1.7239
42.0000 1.6412
43.0000 1.5558
44.0000 1.4578
45.0000 1.3702
46.0000 1.2812
47.0000 1.1827
48.0000 1.2056
49.0000 1.2910
50.0000 1.2742
51.0000 1.2206
52.0000 1.1219
53.0000 1.0482
54.0000 0.9997
55.0000 0.8999
56.0000 0.8117
57.0000 0.7984
58.0000 0.8954
59.0000 0.9906
60.0000 1.0728
61.0000 1.1160
62.0000 1.2121
63.0000 1.2524
64.0000 1.3523
65.0000 1.2814
66.0000 1.2288
67.0000 1.2348
68.0000 1.2413
69.0000 1.2180
70.0000 1.1258
71.0000 1.0258
72.0000 0.9413
73.0000 0.8749
74.0000 0.7774
75.0000 0.8379
76.0000 0.8990
77.0000 0.9419
78.0000 0.8502
79.0000 0.8204
80.0000 0.8492
81.0000 0.9107
82.0000 0.9983
83.0000 1.0193
84.0000 1.0512
85.0000 1.0768
86.0000 1.0811
87.0000 1.1766
88.0000 1.1651
89.0000 1.2472
90.0000 1.3281
91.0000 1.4171
92.0000 1.3773
93.0000 1.4057
94.0000 1.5057
95.0000 1.5532
96.0000 1.5806
97.0000 1.4808
98.0000 1.3844
99.0000 1.3319
100.0000 1.3633
101.0000 1.4209
102.0000 1.4273
103.0000 1.3779
104.0000 1.3027
105.0000 1.2079
106.0000 1.1105
107.0000 1.0912
108.0000 1.0179
109.0000 0.9201
110.0000 0.8210
111.0000 0.7498
112.0000 0.8285
113.0000 0.8605
114.0000 0.9352
115.0000 0.8786
116.0000 0.8223
117.0000 0.8566
118.0000 0.8844
119.0000 0.8664
120.0000 0.7942
121.0000 0.7012
122.0000 0.7506
123.0000 0.7598
124.0000 0.8297
125.0000 0.8471
126.0000 0.7525
127.0000 0.6549
128.0000 0.5563
129.0000 0.5378
130.0000 0.6089
131.0000 0.6864
132.0000 0.7799
133.0000 0.8748
134.0000 0.9711
135.0000 1.0706
136.0000 1.1268
137.0000 1.2231
138.0000 1.2963
139.0000 1.3637
140.0000 1.4632
141.0000 1.5628
142.0000 1.6196
143.0000 1.6462
144.0000 1.6674
145.0000 1.7325
146.0000 1.7349
147.0000 1.6357
148.0000 1.5357
149.0000 1.4791
150.0000 1.4424
