1.0000 2.2753
2.0000 2.3284
3.0000 2.3173
4.0000 2.2529
5.0000 2.2038
6.0000 2.2212
7.0000 2.3095
8.0000 2.4092
9.0000 2.4739
10.0000 2.4591
11.0000 2.3928
12.0000 2.3664
13.0000 2.3735
14.0000 2.2736
15.0000 2.1805
16.0000 2.2339
17.0000 2.2721
18.0000 2.3089
19.0000 2.3514
20.0000 2.4513
21.0000 2.5066
22.0000 2.5207
23.0000 2.5868
24.0000 2.5666
25.0000 2.5602
26.0000 2.6177
27.0000 2.6558
28.0000 2.7034
29.0000 2.7614
30.0000 2.7718
31.0000 2.8350
32.0000 2.8838
33.0000 2.8805
34.0000 2.8010
35.0000 2.7850
36.0000 2.7242
37.0000 2.6563
38.0000 2.5567
39.0000 2.4602
40.0000 2.4092
41.0000 2.3683
42.0000 2.2819
43.0000 2.2779
44.0000 2.2087
45.0000 2.1111
46.0000 2.0133
47.0000 1.9141
48.0000 1.9094
49.0000 1.9411
50.0000 1.8927
51.0000 1.8248
52.0000 1.7460
53.0000 1.6922
54.0000 1.6821
55.0000 1.7771
56.0000 1.8771
57.0000 1.9771
58.0000 2.0760
59.0000 2.1696
60.0000 2.1980
61.0000 2.2917
62.0000 2.1962
63.0000 2.1652
64.0000 2.1400
65.0000 2.2385
66.0000 2.3293
67.0000 2.2309
68.0000 2.1484
69.0000 2.0492
70.0000 1.9511
71.0000 1.9823
72.0000 2.0326
73.0000 2.0173
74.0000 2.0008
75.0000 1.9452
76.0000 1.8517
77.0000 1.7579
78.0000 1.6853
79.0000 1.6388
80.0000 1.6617
81.0000 1.6934
82.0000 1.7759
83.0000 1.8353
84.0000 1.9194
85.0000 1.9775
86.0000 2.0770
87.0000 2.0853
88.0000 2.1056
89.0000 2.0096
90.0000 1.9144
91.0000 1.8256
92.0000 1.7475
93.0000 1.7562
94.0000 1.8506
95.0000 1.8431
96.0000 1.7569
97.0000 1.8026
98.0000 1.8642
99.0000 1.9416
100.0000 2.0353
101.0000 2.0740
102.0000 2.1043
103.0000 2.1572
104.0000 2.1782
105.0000 2.2674
106.0000 2.3558
107.0000 2.4094
108.0000 2.4312
109.0000 2.4513
110.0000 2.4173
111.0000 2.3228
112.0000 2.2290
113.0000 2.1634
114.0000 2.1123
115.0000 2.1175
116.0000 2.1416
117.0000 2.2399
118.0000 2.3152
119.0000 2.4120
120.0000 2.5117
121.0000 2.6065
122.0000 2.6269
123.0000 2.6464
124.0000 2.6476
125.0000 2.7066
126.0000 2.8016
127.0000 2.8852
128.0000 2.7950
129.0000 2.7000
130.0000 2.7093
131.0000 2.7988
132.0000 2.7687
133.0000 2.6940
134.0000 2.5953
135.0000 2.4974
136.0000 2.4473
137.0000 2.4306
138.0000 2.4181
139.0000 2.4854
140.0000 2.5854
141.0000 2.5514
142.0000 2.4535
143.0000 2.3575
144.0000 2.2819
145.0000 2.1956
146.0000 2.1816
147.0000 2.2689
148.0000 2.3125
149.0000 2.3506
150.0000 2.4141
