1.0000 2.1812
2.0000 2.0830
3.0000 2.0172
4.0000 2.1026
5.0000 2.1591
6.0000 2.2349
7.0000 2.2302
8.0000 2.2736
9.0000 2.3736
10.0000 2.3486
11.0000 2.2558
12.0000 2.1733
13.0000 2.1204
14.0000 2.0324
15.0000 1.9486
16.0000 1.9122
17.0000 2.0051
18.0000 1.9176
19.0000 1.8516
20.0000 1.8966
21.0000 1.9641
22.0000 2.0641
23.0000 2.1128
24.0000 2.2039
25.0000 2.1502
26.0000 2.0529
27.0000 2.0669
28.0000 2.1663
29.0000 2.1228
30.0000 2.0978
31.0000 2.0746
32.0000 2.0603
33.0000 2.0171
34.0000 1.9249
35.0000 1.8296
36.0000 1.7305
37.0000 1.6602
38.0000 1.5700
39.0000 1.4998
40.0000 1.4400
41.0000 1.3770
42.0000 1.2905
43.0000 1.2029
44.0000 1.1048
45.0000 1.0092
46.0000 0.9122
47.0000 0.9758
48.0000 0.9337
49.0000 0.8440
50.0000 0.7779
51.0000 0.7371
52.0000 0.8113
53.0000 0.9058
54.0000 1.0051
55.0000 1.0144
56.0000 0.9630
57.0000 1.0163
58.0000 1.0046
59.0000 0.9624
60.0000 0.9921
61.0000 1.0913
62.0000 1.1855
63.0000 1.2708
64.0000 1.3682
65.0000 1.4682
66.0000 1.5628
67.0000 1.6014
68.0000 1.6652
69.0000 1.7534
70.0000 1.7219
71.0000 1.7464
72.0000 1.8046
73.0000 1.7332
74.0000 1.7016
75.0000 1.7154
76.0000 1.6378
77.0000 1.5666
78.0000 1.5500
79.0000 1.5244
80.0000 1.4834
81.0000 1.4897
82.0000 1.5894
83.0000 1.6885
84.0000 1.7305
85.0000 1.6346
86.0000 1.6027
87.0000 1.5338
88.0000 1.5724
89.0000 1.5957
90.0000 1.5526
91.0000 1.5185
92.0000 1.4801
93.0000 1.4576
94.0000 1.4376
95.0000 1.4556
96.0000 1.5536
97.0000 1.6452
98.0000 1.7370
99.0000 1.7842
100.0000 1.8777
101.0000 1.9687
102.0000 1.9662
103.0000 1.8662
104.0000 1.7958
105.0000 1.8260
106.0000 1.7515
107.0000 1.6544
108.0000 1.5841
109.0000 1.5055
110.0000 1.4095
111.0000 1.3725
112.0000 1.2895
113.0000 1.2274
114.0000 1.2222
115.0000 1.1632
116.0000 1.1270
117.0000 1.2011
118.0000 1.2672
119.0000 1.2687
120.0000 1.1782
121.0000 1.2246
122.0000 1.2822
123.0000 1.3283
124.0000 1.4282
125.0000 1.5199
126.0000 1.5951
127.0000 1.6883
128.0000 1.7262
129.0000 1.8168
130.0000 1.8962
131.0000 1.8473
132.0000 1.9212
133.0000 1.9774
134.0000 2.0686
135.0000 2.1499
136.0000 2.2325
137.0000 2.3272
138.0000 2.3903
139.0000 2.3945
140.0000 2.4623
141.0000 2.5613
142.0000 2.5918
143.0000 2.5418
144.0000 2.4419
145.0000 2.4755
146.0000 2.4136
147.0000 2.3190
148.0000 2.3167
149.0000 2.4095
150.0000 2.4319
