0 0.00185234
0.01 0.00424999
0.02 0.00716454
0.03 0.00983838
0.04 0.0143705
0.05 0.0196353
0.06 0.0249444
0.07 0.0298252
0.08 0.035061
0.09 0.03925
0.1 0.0471561
0.11 0.0573313
0.12 0.0627379
0.13 0.0684651
0.14 0.0741488
0.15 0.0828388
0.16 0.0922837
0.17 0.106419
0.18 0.115016
0.19 0.119485
0.2 0.127706
0.21 0.134038
0.22 0.14299
0.23 0.15173
0.24 0.168971
0.25 0.177659
0.26 0.188665
0.27 0.19572
0.28 0.205432
0.29 0.212666
0.3 0.222825
0.31 0.235397
0.32 0.248659
0.33 0.262141
0.34 0.269339
0.35 0.276277
0.36 0.286306
0.37 0.302493
0.38 0.315245
0.39 0.327856
0.4 0.343089
0.41 0.360676
0.42 0.380419
0.43 0.394063
0.44 0.408177
0.45 0.425606
0.46 0.442259
0.47 0.4598
0.48 0.477932
0.49 0.495258
0.5 0.515078
0.51 0.536111
0.52 0.553475
0.53 0.565561
0.54 0.581518
0.55 0.602876
0.56 0.623993
0.57 0.643299
0.58 0.664581
0.59 0.676615
0.6 0.68889
0.61 0.715004
0.62 0.741617
0.63 0.767746
0.64 0.78663
0.65 0.812752
0.66 0.831204
0.67 0.854717
0.68 0.875974
0.69 0.902361
0.7 0.92844
0.71 0.971188
0.72 0.991295
0.73 1.01305
0.74 1.03696
0.75 1.06063
0.76 1.08527
0.77 1.10947
0.78 1.13176
0.79 1.15995
0.8 1.19004
0.81 1.21875
0.82 1.24562
0.83 1.2672
0.84 1.28797
0.85 1.30903
0.86 1.33621
0.87 1.35965
0.88 1.39874
0.89 1.42418
0.9 1.44643
0.91 1.47533
0.92 1.50353
0.93 1.53164
0.94 1.5549
0.95 1.59408
0.96 1.62892
0.97 1.66262
0.98 1.7004
0.99 1.72926
1 1.76105
1.01 1.79253
1.02 1.82124
1.03 1.85732
1.04 1.902
1.05 1.95526
1.06 2.00018
1.07 2.03383
1.08 2.0599
1.09 2.10106
1.1 2.13474
1.11 2.16006
1.12 2.19625
1.13 2.24281
1.14 2.30607
1.15 2.35674
1.16 2.39351
1.17 2.42622
1.18 2.47976
1.19 2.52442
1.2 2.56471
1.21 2.60401
1.22 2.66268
1.23 2.70811
1.24 2.72317
1.25 2.76421
1.26 2.80892
1.27 2.85316
1.28 2.89742
1.29 2.9571
1.3 3.00291
1.31 3.03569
1.32 3.06969
1.33 3.11367
1.34 3.14609
1.35 3.18994
1.36 3.22752
1.37 3.28073
1.38 3.3285
1.39 3.37363
1.4 3.42305
1.41 3.46722
1.42 3.52256
1.43 3.56082
1.44 3.62675
1.45 3.68411
1.46 3.74052
1.47 3.80028
1.48 3.84367
1.49 3.89806
1.5 3.95028
1.51 3.99394
1.52 4.0494
1.53 4.12516
1.54 4.18637
1.55 4.22302
1.56 4.26258
1.57 4.31917
1.58 4.38147
1.59 4.42334
1.6 4.48093
1.61 4.50675
1.62 4.53887
1.63 4.6015
1.64 4.6521
1.65 4.70723
1.66 4.76896
1.67 4.81918
1.68 4.88997
1.69 4.954
1.7 5.03415
1.71 5.07211
1.72 5.10781
1.73 5.1691
1.74 5.20772
1.75 5.25677
1.76 5.29842
1.77 5.34914
1.78 5.41503
1.79 5.4674
1.8 5.53476
1.81 5.59463
1.82 5.65741
1.83 5.70206
1.84 5.7428
1.85 5.79527
1.86 5.87246
1.87 5.94591
1.88 6.00847
1.89 6.08386
1.9 6.15424
1.91 6.22646
1.92 6.28651
1.93 6.34104
1.94 6.3993
1.95 6.4598
1.96 6.51838
1.97 6.57731
1.98 6.63392
1.99 6.67179
2 6.73229
2.01 6.80432
2.02 6.88005
2.03 6.94244
2.04 6.99144
2.05 7.075
2.06 7.15799
2.07 7.23381
2.08 7.30949
2.09 7.37575
2.1 7.44423
2.11 7.52042
2.12 7.59363
2.13 7.66074
2.14 7.73434
2.15 7.79243
2.16 7.86838
2.17 7.94461
2.18 8.00546
2.19 8.05721
2.2 8.12555
2.21 8.18846
2.22 8.24263
2.23 8.31673
2.24 8.40036
2.25 8.48761
2.26 8.53985
2.27 8.62557
2.28 8.69002
2.29 8.77548
2.3 8.84274
2.31 8.88981
2.32 8.95806
2.33 9.05394
2.34 9.13188
2.35 9.21218
2.36 9.30945
2.37 9.38723
2.38 9.46626
2.39 9.54417
2.4 9.61439
2.41 9.67689
2.42 9.73721
2.43 9.83445
2.44 9.92429
2.45 10.0268
2.46 10.1389
2.47 10.2588
2.48 10.3253
2.49 10.3974
2.5 10.4542
2.51 10.5639
2.52 10.6631
2.53 10.7804
2.54 10.8779
2.55 10.9651
2.56 11.032
2.57 11.099
2.58 11.152
2.59 11.2352
2.6 11.2925
2.61 11.397
2.62 11.5059
2.63 11.5968
2.64 11.6788
2.65 11.7838
2.66 11.8435
2.67 11.9186
2.68 11.9951
2.69 12.0852
2.7 12.1786
2.71 12.2746
2.72 12.3543
2.73 12.4158
2.74 12.5015
2.75 12.5771
2.76 12.6683
2.77 12.7684
2.78 12.8642
2.79 12.9256
2.8 13.0012
2.81 13.1078
2.82 13.1939
2.83 13.2592
2.84 13.3536
2.85 13.4421
2.86 13.4914
2.87 13.5463
2.88 13.586
2.89 13.666
2.9 13.7999
2.91 13.8913
2.92 13.9445
2.93 14.0587
2.94 14.1458
2.95 14.2478
2.96 14.3587
2.97 14.439
2.98 14.5309
2.99 14.6232
3 14.6971
3.01 14.7893
3.02 14.8605
3.03 15.0092
3.04 15.0964
3.05 15.1788
3.06 15.2989
3.07 15.4215
3.08 15.5126
3.09 15.6172
3.1 15.7088
3.11 15.7971
3.12 15.8971
3.13 15.9667
3.14 16.0552
3.15 16.1453
3.16 16.2554
3.17 16.345
3.18 16.4427
3.19 16.5348
3.2 16.6218
3.21 16.7053
3.22 16.8024
3.23 16.9284
3.24 17.0576
3.25 17.1322
3.26 17.2065
3.27 17.3066
3.28 17.4017
3.29 17.5074
3.3 17.5982
3.31 17.7345
3.32 17.8651
3.33 17.949
3.34 18.0414
3.35 18.1585
3.36 18.2221
3.37 18.3311
3.38 18.4832
3.39 18.6169
3.4 18.7348
3.41 18.835
3.42 18.927
3.43 18.9684
3.44 19.051
3.45 19.1653
3.46 19.2879
3.47 19.4025
3.48 19.5023
3.49 19.6227
3.5 19.7172
3.51 19.8139
3.52 19.9016
3.53 20.0269
3.54 20.1316
3.55 20.2371
3.56 20.3286
3.57 20.4246
3.58 20.5395
3.59 20.7138
3.6 20.8497
3.61 21.0018
3.62 21.1234
3.63 21.2381
3.64 21.3363
3.65 21.4226
3.66 21.5363
3.67 21.6702
3.68 21.7708
3.69 21.8903
3.7 21.9462
3.71 22.0301
3.72 22.1552
3.73 22.2993
3.74 22.3984
3.75 22.5152
3.76 22.5693
3.77 22.6599
3.78 22.7805
3.79 22.8826
3.8 23.0127
3.81 23.1327
3.82 23.2406
3.83 23.3473
3.84 23.431
3.85 23.5257
3.86 23.6317
3.87 23.7489
3.88 23.9102
3.89 24.0485
3.9 24.1664
3.91 24.2774
3.92 24.4123
3.93 24.5362
3.94 24.643
3.95 24.7291
3.96 24.8205
3.97 24.9023
3.98 25.0134
3.99 25.1379
4 25.2703
4.01 25.375
4.02 25.4728
4.03 25.5709
4.04 25.6927
4.05 25.7991
4.06 25.8969
4.07 26.02
4.08 26.094
4.09 26.2176
4.1 26.3263
4.11 26.428
4.12 26.5556
4.13 26.6839
4.14 26.8424
4.15 26.9897
4.16 27.1351
4.17 27.255
4.18 27.3717
4.19 27.5029
4.2 27.6275
4.21 27.7497
4.22 27.8443
4.23 27.9606
4.24 28.158
4.25 28.3313
4.26 28.4987
4.27 28.6079
4.28 28.7575
4.29 28.9271
4.3 29.047
4.31 29.2096
4.32 29.3186
4.33 29.4133
4.34 29.504
4.35 29.6512
4.36 29.7892
4.37 29.9421
4.38 30.0377
4.39 30.1193
4.4 30.1961
4.41 30.2739
4.42 30.376
4.43 30.5079
4.44 30.6405
4.45 30.8086
4.46 30.9247
4.47 31.0682
4.48 31.2829
4.49 31.4362
4.5 31.5938
4.51 31.7032
4.52 31.801
4.53 31.9279
4.54 32.0199
4.55 32.1677
4.56 32.3605
4.57 32.5312
4.58 32.7121
4.59 32.8428
4.6 32.9529
4.61 33.0445
4.62 33.1204
4.63 33.2388
4.64 33.359
4.65 33.4573
4.66 33.5774
4.67 33.6632
4.68 33.8049
4.69 33.9043
4.7 34.0636
4.71 34.2365
4.72 34.394
4.73 34.513
4.74 34.6758
4.75 34.8118
4.76 34.9661
4.77 35.1391
4.78 35.3003
4.79 35.3804
4.8 35.5366
4.81 35.7123
4.82 35.8913
4.83 36.034
4.84 36.1899
4.85 36.3541
4.86 36.5227
4.87 36.6521
4.88 36.763
4.89 36.8843
4.9 36.9903
4.91 37.0736
4.92 37.2083
4.93 37.3474
4.94 37.5357
4.95 37.641
4.96 37.7816
4.97 37.9263
4.98 38.0714
4.99 38.183
5 38.3396
5.01 38.5059
5.02 38.704
5.03 38.9056
5.04 39.0968
5.05 39.2898
5.06 39.4242
5.07 39.5347
5.08 39.638
5.09 39.7815
5.1 39.9818
5.11 40.1557
5.12 40.2865
5.13 40.4064
5.14 40.5442
5.15 40.6812
5.16 40.8482
5.17 41.0241
5.18 41.2501
5.19 41.4187
5.2 41.5601
5.21 41.6996
5.22 41.8489
5.23 42.0291
5.24 42.1551
5.25 42.2561
5.26 42.4078
5.27 42.4921
5.28 42.6815
5.29 42.8387
5.3 42.966
5.31 43.0821
5.32 43.1847
5.33 43.39
5.34 43.5682
5.35 43.6938
5.36 43.8544
5.37 44.0232
5.38 44.2049
5.39 44.3586
5.4 44.5347
5.41 44.8045
5.42 44.9976
5.43 45.2266
5.44 45.4219
5.45 45.5452
5.46 45.7436
5.47 45.8936
5.48 46.0056
5.49 46.1468
5.5 46.2704
5.51 46.3578
5.52 46.4575
5.53 46.6013
5.54 46.8512
5.55 47.0183
5.56 47.1895
5.57 47.3838
5.58 47.5322
5.59 47.7105
5.6 47.9137
5.61 48.1258
5.62 48.3472
5.63 48.5348
5.64 48.7349
5.65 48.8861
5.66 49.0991
5.67 49.259
5.68 49.3918
5.69 49.6227
5.7 49.8305
5.71 50.0286
5.72 50.2284
5.73 50.3797
5.74 50.5633
5.75 50.7081
5.76 50.9141
5.77 51.0489
5.78 51.1687
5.79 51.3844
5.8 51.6209
5.81 51.7941
5.82 51.9803
5.83 52.2037
5.84 52.339
5.85 52.5238
5.86 52.711
5.87 52.9157
5.88 53.0631
5.89 53.2633
5.9 53.3616
5.91 53.5282
5.92 53.669
5.93 53.834
5.94 53.9655
5.95 54.178
5.96 54.3415
5.97 54.4752
5.98 54.6524
5.99 54.7932
6 54.9187
6.01 55.0732
6.02 55.2133
6.03 55.4189
6.04 55.6224
6.05 55.7726
6.06 55.8715
6.07 55.9806
6.08 56.0972
6.09 56.2241
6.1 56.4093
6.11 56.6329
6.12 56.7737
6.13 56.962
6.14 57.1852
6.15 57.3674
6.16 57.5684
6.17 57.75
6.18 57.8798
6.19 58.0682
6.2 58.2058
6.21 58.3894
6.22 58.5473
6.23 58.7518
6.24 58.9924
6.25 59.1632
6.26 59.3523
6.27 59.5251
6.28 59.7812
6.29 60.0043
6.3 60.2286
6.31 60.4234
6.32 60.6022
6.33 60.8056
6.34 60.9291
6.35 61.0611
6.36 61.2017
6.37 61.3343
6.38 61.4916
6.39 61.6505
6.4 61.8579
6.41 61.998
6.42 62.0981
6.43 62.2942
6.44 62.4181
6.45 62.5455
6.46 62.6564
6.47 62.8311
6.48 63.0596
6.49 63.2167
6.5 63.3614
6.51 63.5469
6.52 63.7389
6.53 63.9453
6.54 64.1809
6.55 64.351
6.56 64.5659
6.57 64.7714
6.58 64.9912
6.59 65.1344
6.6 65.3315
6.61 65.5375
6.62 65.7189
6.63 65.9257
6.64 66.0899
6.65 66.2501
6.66 66.4436
6.67 66.7117
6.68 66.8848
6.69 67.0998
6.7 67.3348
6.71 67.6733
6.72 67.9787
6.73 68.1735
6.74 68.3554
6.75 68.5661
6.76 68.7824
6.77 68.9603
6.78 69.2603
6.79 69.5139
6.8 69.644
6.81 69.8406
6.82 70.1045
6.83 70.2608
6.84 70.4084
6.85 70.5999
6.86 70.7794
6.87 71.0269
6.88 71.2734
6.89 71.4556
6.9 71.642
6.91 71.9155
6.92 72.1781
6.93 72.4043
6.94 72.5731
6.95 72.7758
6.96 72.9894
6.97 73.2525
6.98 73.4864
6.99 73.6688
7 73.876
7.01 74.0828
7.02 74.2416
7.03 74.4419
7.04 74.6484
7.05 74.9612
7.06 75.2743
7.07 75.4565
7.08 75.6346
7.09 75.8545
7.1 76.0785
7.11 76.3025
7.12 76.4539
7.13 76.719
7.14 76.9116
7.15 77.0716
7.16 77.2843
7.17 77.4446
7.18 77.682
7.19 77.8814
7.2 78.115
7.21 78.3097
7.22 78.5378
7.23 78.7412
7.24 78.8972
7.25 79.0429
7.26 79.2461
7.27 79.4905
7.28 79.7153
7.29 79.8471
7.3 80.0041
7.31 80.1785
7.32 80.3423
7.33 80.5198
7.34 80.7557
7.35 80.9706
7.36 81.2212
7.37 81.49
7.38 81.7123
7.39 81.8937
7.4 82.1577
7.41 82.3945
7.42 82.4853
7.43 82.6397
7.44 82.8589
7.45 83.069
7.46 83.215
7.47 83.3849
7.48 83.5665
7.49 83.8281
7.5 84.0163
7.51 84.2556
7.52 84.4641
7.53 84.7144
7.54 84.9653
7.55 85.1519
7.56 85.4193
7.57 85.6269
7.58 85.8662
7.59 85.9759
7.6 86.1526
7.61 86.2762
7.62 86.5163
7.63 86.6571
7.64 86.9759
7.65 87.203
7.66 87.4513
7.67 87.6714
7.68 87.8092
7.69 88.023
7.7 88.249
7.71 88.4567
7.72 88.6728
7.73 88.9349
7.74 89.182
7.75 89.4319
7.76 89.6614
7.77 89.8849
7.78 90.0733
7.79 90.347
7.8 90.5458
7.81 90.8032
7.82 91.0578
7.83 91.2807
7.84 91.478
7.85 91.7019
7.86 91.9895
7.87 92.2036
7.88 92.5003
7.89 92.8275
7.9 93.0994
7.91 93.3118
7.92 93.5279
7.93 93.7532
7.94 93.9682
7.95 94.1486
7.96 94.3871
7.97 94.6494
7.98 94.8981
7.99 95.1455
8 95.3543
8.01 95.5056
8.02 95.7808
8.03 95.9799
8.04 96.1801
8.05 96.3273
8.06 96.5238
8.07 96.8192
8.08 97.0369
8.09 97.2185
8.1 97.4319
8.11 97.5804
8.12 97.7414
8.13 97.9431
8.14 98.234
8.15 98.4132
8.16 98.6097
8.17 98.7681
8.18 98.9281
8.19 99.1297
8.2 99.3372
8.21 99.562
8.22 99.8219
8.23 99.9671
8.24 100.123
8.25 100.358
8.26 100.621
8.27 100.855
8.28 101.058
8.29 101.321
8.3 101.558
8.31 101.806
8.32 102.123
8.33 102.403
8.34 102.682
8.35 102.912
8.36 103.213
8.37 103.504
8.38 103.629
8.39 103.863
8.4 104.264
8.41 104.543
8.42 104.808
8.43 105.099
8.44 105.301
8.45 105.572
8.46 105.788
8.47 106.053
8.48 106.197
8.49 106.514
8.5 106.708
8.51 107.032
8.52 107.295
8.53 107.633
8.54 107.791
8.55 107.917
8.56 108.132
8.57 108.264
8.58 108.408
8.59 108.686
8.6 108.928
8.61 109.088
8.62 109.25
8.63 109.525
8.64 109.745
8.65 110.045
8.66 110.266
8.67 110.418
8.68 110.591
8.69 110.879
8.7 111.037
8.71 111.252
8.72 111.487
8.73 111.726
8.74 111.834
8.75 111.985
8.76 112.205
8.77 112.533
8.78 112.859
8.79 113.042
8.8 113.229
8.81 113.472
8.82 113.662
8.83 113.855
8.84 114.089
8.85 114.306
8.86 114.552
8.87 114.807
8.88 114.95
8.89 115.251
8.9 115.497
8.91 115.673
8.92 115.897
8.93 116.087
8.94 116.261
8.95 116.522
8.96 116.855
8.97 117.095
8.98 117.288
8.99 117.59
9 117.778
9.01 117.937
9.02 118.157
9.03 118.439
9.04 118.705
9.05 118.844
9.06 119.083
9.07 119.406
9.08 119.619
9.09 119.832
9.1 120.099
9.11 120.506
9.12 120.701
9.13 120.984
9.14 121.159
9.15 121.374
9.16 121.718
9.17 121.892
9.18 122.046
9.19 122.104
9.2 122.33
9.21 122.623
9.22 122.828
9.23 123.059
9.24 123.316
9.25 123.583
9.26 123.77
9.27 123.996
9.28 124.132
9.29 124.415
9.3 124.587
9.31 124.787
9.32 124.981
9.33 125.256
9.34 125.493
9.35 125.845
9.36 126.182
9.37 126.494
9.38 126.752
9.39 126.873
9.4 127.093
9.41 127.274
9.42 127.492
9.43 127.797
9.44 128.041
9.45 128.234
9.46 128.622
9.47 128.826
9.48 129.174
9.49 129.413
9.5 129.727
9.51 129.966
9.52 130.146
9.53 130.301
9.54 130.534
9.55 130.74
9.56 131.027
9.57 131.269
9.58 131.466
9.59 131.709
9.6 131.927
9.61 132.151
9.62 132.287
9.63 132.554
9.64 132.839
9.65 133.006
9.66 133.325
9.67 133.496
9.68 133.689
9.69 133.888
9.7 134.047
9.71 134.176
9.72 134.34
9.73 134.586
9.74 134.883
9.75 135.077
9.76 135.349
9.77 135.61
9.78 135.909
9.79 136.155
9.8 136.462
9.81 136.733
9.82 137.022
9.83 137.362
9.84 137.546
9.85 137.824
9.86 138.1
9.87 138.361
9.88 138.695
9.89 138.927
9.9 139.157
9.91 139.471
9.92 139.731
9.93 139.885
9.94 140.059
9.95 140.262
9.96 140.58
9.97 140.748
9.98 140.958
9.99 141.217
10 141.475
10.01 141.699
10.02 141.961
10.03 142.196
10.04 142.357
10.05 142.716
10.06 142.922
10.07 143.176
10.08 143.418
10.09 143.574
10.1 143.823
10.11 144.116
10.12 144.275
10.13 144.457
10.14 144.669
10.15 144.885
10.16 145.155
10.17 145.464
10.18 145.81
10.19 146.017
10.2 146.37
10.21 146.625
10.22 146.929
10.23 147.097
10.24 147.289
10.25 147.507
10.26 147.745
10.27 148.017
10.28 148.34
10.29 148.72
10.3 149.099
10.31 149.427
10.32 149.672
10.33 149.928
10.34 150.201
10.35 150.532
10.36 150.831
10.37 151.098
10.38 151.367
10.39 151.642
10.4 151.906
10.41 152.18
10.42 152.363
10.43 152.562
10.44 152.705
10.45 152.896
10.46 153.13
10.47 153.351
10.48 153.689
10.49 154.001
10.5 154.242
10.51 154.542
10.52 154.742
10.53 155.102
10.54 155.455
10.55 155.676
10.56 155.906
10.57 156.13
10.58 156.425
10.59 156.721
10.6 157.093
10.61 157.468
10.62 157.636
10.63 157.849
10.64 158.215
10.65 158.54
10.66 158.786
10.67 159.049
10.68 159.374
10.69 159.684
10.7 159.913
10.71 160.102
10.72 160.294
10.73 160.537
10.74 160.733
10.75 160.989
10.76 161.315
10.77 161.53
10.78 161.85
10.79 162.121
10.8 162.406
10.81 162.643
10.82 162.942
10.83 163.227
10.84 163.386
10.85 163.66
10.86 163.816
10.87 164.039
10.88 164.262
10.89 164.493
10.9 164.78
10.91 165.149
10.92 165.414
10.93 165.773
10.94 165.94
10.95 166.183
10.96 166.417
10.97 166.72
10.98 166.975
10.99 167.194
11 167.366
11.01 167.553
11.02 167.776
11.03 168.107
11.04 168.402
11.05 168.574
11.06 168.897
11.07 169.163
11.08 169.317
11.09 169.589
11.1 169.832
11.11 170.066
11.12 170.362
11.13 170.672
11.14 171.07
11.15 171.347
11.16 171.691
11.17 171.967
11.18 172.242
11.19 172.44
11.2 172.708
11.21 173.084
11.22 173.392
11.23 173.649
11.24 173.92
11.25 174.134
11.26 174.396
11.27 174.683
11.28 174.947
11.29 175.185
11.3 175.434
11.31 175.759
11.32 176.011
11.33 176.375
11.34 176.623
11.35 176.826
11.36 177.041
11.37 177.274
11.38 177.563
11.39 177.867
11.4 178.112
11.41 178.273
11.42 178.542
11.43 178.742
11.44 179.016
11.45 179.295
11.46 179.475
11.47 179.735
11.48 180.007
11.49 180.27
11.5 180.601
11.51 180.871
11.52 181.101
11.53 181.235
11.54 181.483
11.55 181.692
11.56 181.962
11.57 182.219
11.58 182.531
11.59 182.762
11.6 183.077
11.61 183.324
11.62 183.556
11.63 183.818
11.64 184.132
11.65 184.402
11.66 184.618
11.67 184.824
11.68 185.165
11.69 185.464
11.7 185.704
11.71 186.126
11.72 186.507
11.73 186.858
11.74 187.253
11.75 187.456
11.76 187.696
11.77 187.893
11.78 188.002
11.79 188.225
11.8 188.46
11.81 188.731
11.82 189.033
11.83 189.173
11.84 189.392
11.85 189.759
11.86 190.023
11.87 190.242
11.88 190.467
11.89 190.765
11.9 191.036
11.91 191.278
11.92 191.64
11.93 191.928
11.94 192.228
11.95 192.496
11.96 192.638
11.97 192.936
11.98 193.181
11.99 193.415
12 193.64
12.01 193.937
12.02 194.172
12.03 194.379
12.04 194.585
12.05 194.761
12.06 195.033
12.07 195.255
12.08 195.536
12.09 195.694
12.1 196.058
12.11 196.182
12.12 196.309
12.13 196.419
12.14 196.633
12.15 196.999
12.16 197.216
12.17 197.447
12.18 197.654
12.19 197.953
12.2 198.247
12.21 198.656
12.22 199.042
12.23 199.434
12.24 199.688
12.25 200.085
12.26 200.379
12.27 200.585
12.28 200.838
12.29 201.098
12.3 201.295
12.31 201.544
12.32 201.866
12.33 202.198
12.34 202.459
12.35 202.666
12.36 202.874
12.37 203.204
12.38 203.523
12.39 203.843
12.4 204.042
12.41 204.235
12.42 204.413
12.43 204.733
12.44 205.081
12.45 205.403
12.46 205.744
12.47 206.029
12.48 206.33
12.49 206.592
12.5 206.775
12.51 206.974
12.52 207.231
12.53 207.518
12.54 207.876
12.55 208.176
12.56 208.62
12.57 208.818
12.58 209.006
12.59 209.31
12.6 209.607
12.61 209.911
12.62 210.233
12.63 210.48
12.64 210.692
12.65 210.882
12.66 211.038
12.67 211.297
12.68 211.602
12.69 211.751
12.7 212.068
12.71 212.456
12.72 212.655
12.73 212.798
12.74 213.078
12.75 213.238
12.76 213.4
12.77 213.681
12.78 214.076
12.79 214.46
12.8 214.769
12.81 214.957
12.82 215.181
12.83 215.53
12.84 215.85
12.85 216.208
12.86 216.439
12.87 216.783
12.88 217.102
12.89 217.401
12.9 217.636
12.91 217.832
12.92 218.03
12.93 218.316
12.94 218.626
12.95 218.848
12.96 219.052
12.97 219.533
12.98 219.896
12.99 220.245
13 220.701
13.01 221.01
13.02 221.304
13.03 221.722
13.04 221.959
13.05 222.339
13.06 222.605
13.07 222.85
13.08 223.2
13.09 223.506
13.1 223.771
13.11 224.084
13.12 224.32
13.13 224.803
13.14 225.118
13.15 225.533
13.16 225.937
13.17 226.293
13.18 226.589
13.19 226.859
13.2 227.173
13.21 227.463
13.22 227.859
13.23 228.059
13.24 228.188
13.25 228.461
13.26 228.767
13.27 228.991
13.28 229.28
13.29 229.601
13.3 229.884
13.31 230.184
13.32 230.394
13.33 230.638
13.34 230.993
13.35 231.3
13.36 231.585
13.37 231.995
13.38 232.435
13.39 232.975
13.4 233.349
13.41 233.742
13.42 234.157
13.43 234.403
13.44 234.787
13.45 235.097
13.46 235.569
13.47 235.876
13.48 236.296
13.49 236.685
13.5 236.956
13.51 237.256
13.52 237.616
13.53 237.898
13.54 238.223
13.55 238.618
13.56 238.879
13.57 239.302
13.58 239.617
13.59 239.873
13.6 240.312
13.61 240.761
13.62 241.104
13.63 241.48
13.64 241.789
13.65 242.206
13.66 242.595
13.67 242.842
13.68 243.244
13.69 243.492
13.7 243.776
13.71 244.124
13.72 244.443
13.73 244.736
13.74 245.076
13.75 245.326
13.76 245.655
13.77 245.857
13.78 245.93
13.79 246.211
13.8 246.577
13.81 246.809
13.82 247.12
13.83 247.466
13.84 247.852
13.85 248.168
13.86 248.394
13.87 248.831
13.88 249.089
13.89 249.265
13.9 249.48
13.91 249.714
13.92 249.964
13.93 250.198
13.94 250.5
13.95 250.859
13.96 251.137
13.97 251.389
13.98 251.632
13.99 251.864
14 252.032
14.01 252.27
14.02 252.481
14.03 252.703
14.04 253.004
14.05 253.415
14.06 253.81
14.07 254.241
14.08 254.555
14.09 254.793
14.1 255.052
14.11 255.271
14.12 255.678
14.13 255.958
14.14 256.177
14.15 256.474
14.16 256.809
14.17 257.162
14.18 257.423
14.19 257.588
14.2 257.795
14.21 258.259
14.22 258.68
14.23 259.144
14.24 259.4
14.25 259.797
14.26 260.005
14.27 260.375
14.28 260.681
14.29 261.07
14.3 261.474
14.31 261.741
14.32 261.983
14.33 262.311
14.34 262.656
14.35 262.947
14.36 263.336
14.37 263.712
14.38 263.911
14.39 264.085
14.4 264.347
14.41 264.792
14.42 265.241
14.43 265.514
14.44 265.813
14.45 266.096
14.46 266.408
14.47 266.718
14.48 267.063
14.49 267.361
14.5 267.881
14.51 268.317
14.52 268.595
14.53 268.9
14.54 269.173
14.55 269.42
14.56 269.801
14.57 270.225
14.58 270.61
14.59 270.909
14.6 271.137
14.61 271.442
14.62 271.63
14.63 271.789
14.64 272.114
14.65 272.378
14.66 272.701
14.67 273.11
14.68 273.308
14.69 273.737
14.7 274.025
14.71 274.255
14.72 274.491
14.73 274.723
14.74 275.056
14.75 275.34
14.76 275.639
14.77 276.025
14.78 276.218
14.79 276.557
14.8 276.727
14.81 277.035
14.82 277.486
14.83 277.88
14.84 278.188
14.85 278.681
14.86 279
14.87 279.329
14.88 279.758
14.89 280.173
14.9 280.46
14.91 280.671
14.92 280.92
14.93 281.23
14.94 281.462
14.95 281.832
14.96 282.156
14.97 282.355
14.98 282.661
14.99 282.999
15 283.237
15.01 283.391
15.02 283.575
15.03 284.033
15.04 284.445
15.05 284.746
15.06 285.196
15.07 285.605
15.08 286.012
15.09 286.283
15.1 286.68
15.11 286.826
15.12 286.957
15.13 287.232
15.14 287.686
15.15 287.955
15.16 288.194
15.17 288.408
15.18 288.707
15.19 289.224
15.2 289.646
15.21 290.016
15.22 290.403
15.23 290.747
15.24 291.268
15.25 291.632
15.26 291.871
15.27 292.157
15.28 292.625
15.29 293.01
15.3 293.483
15.31 293.77
15.32 294.059
15.33 294.463
15.34 294.84
15.35 295.214
15.36 295.594
15.37 295.905
15.38 296.233
15.39 296.814
15.4 297.113
15.41 297.517
15.42 297.812
15.43 298.178
15.44 298.587
15.45 299.01
15.46 299.482
15.47 299.96
15.48 300.358
15.49 300.732
15.5 301.197
15.51 301.668
15.52 302.031
15.53 302.434
15.54 302.674
15.55 303.013
15.56 303.298
15.57 303.614
15.58 303.849
15.59 304.154
15.6 304.486
15.61 304.801
15.62 304.958
15.63 305.228
15.64 305.617
15.65 306.008
15.66 306.388
15.67 306.676
15.68 307.051
15.69 307.314
15.7 307.817
15.71 308.2
15.72 308.338
15.73 308.604
15.74 308.936
15.75 309.372
15.76 309.676
15.77 309.976
15.78 310.18
15.79 310.568
15.8 310.893
15.81 311.166
15.82 311.479
15.83 311.832
15.84 312.334
15.85 312.611
15.86 312.982
15.87 313.375
15.88 313.706
15.89 314.022
15.9 314.258
15.91 314.598
15.92 315.077
15.93 315.543
15.94 315.987
15.95 316.268
15.96 316.635
15.97 316.998
15.98 317.295
15.99 317.473
16 317.766
16.01 318.091
16.02 318.502
16.03 318.903
16.04 319.312
16.05 319.586
16.06 319.977
16.07 320.048
16.08 320.313
16.09 320.586
16.1 320.935
16.11 321.231
16.12 321.646
16.13 322.104
16.14 322.495
16.15 322.829
16.16 323.093
16.17 323.446
16.18 323.805
16.19 324.219
16.2 324.636
16.21 325.012
16.22 325.25
16.23 325.569
16.24 325.974
16.25 326.283
16.26 326.697
16.27 326.989
16.28 327.354
16.29 327.828
16.3 328.471
16.31 328.856
16.32 329.321
16.33 329.671
16.34 330.149
16.35 330.735
16.36 331.097
16.37 331.735
16.38 332.119
16.39 332.368
16.4 332.646
16.41 333.014
16.42 333.387
16.43 333.724
16.44 334.187
16.45 334.638
16.46 334.996
16.47 335.396
16.48 335.722
16.49 336.103
16.5 336.563
16.51 336.952
16.52 337.324
16.53 337.55
16.54 337.705
16.55 338.085
16.56 338.356
16.57 338.74
16.58 338.991
16.59 339.4
16.6 339.732
16.61 340.116
16.62 340.348
16.63 340.586
16.64 340.773
16.65 341.208
16.66 341.68
16.67 342.223
16.68 342.617
16.69 342.942
16.7 343.272
16.71 343.859
16.72 344.109
16.73 344.513
16.74 344.94
16.75 345.193
16.76 345.52
16.77 345.686
16.78 346.003
16.79 346.29
16.8 346.68
16.81 346.905
16.82 347.315
16.83 347.839
16.84 348.279
16.85 348.591
16.86 348.968
16.87 349.359
16.88 349.817
16.89 350.259
16.9 350.607
16.91 350.908
16.92 351.26
16.93 351.641
16.94 351.976
16.95 352.312
16.96 352.619
16.97 353.079
16.98 353.371
16.99 353.879
17 354.282
17.01 354.582
17.02 354.948
17.03 355.191
17.04 355.551
17.05 355.731
17.06 355.941
17.07 356.37
17.08 356.67
17.09 357.117
17.1 357.413
17.11 357.661
17.12 358.156
17.13 358.444
17.14 358.722
17.15 359.065
17.16 359.558
17.17 359.986
17.18 360.305
17.19 360.662
17.2 360.958
17.21 361.167
17.22 361.615
17.23 361.928
17.24 362.528
17.25 363.119
17.26 363.572
17.27 363.868
17.28 364.322
17.29 364.708
17.3 365.102
17.31 365.289
17.32 365.466
17.33 365.845
17.34 366.354
17.35 366.82
17.36 367.168
17.37 367.514
17.38 367.863
17.39 368.297
17.4 368.659
17.41 369.178
17.42 369.573
17.43 369.991
17.44 370.404
17.45 370.705
17.46 371.075
17.47 371.225
17.48 371.561
17.49 371.86
17.5 372.145
17.51 372.559
17.52 373.097
17.53 373.533
17.54 373.803
17.55 374.301
17.56 374.814
17.57 375.061
17.58 375.229
17.59 375.398
17.6 375.761
17.61 376.031
17.62 376.357
17.63 376.64
17.64 377.003
17.65 377.323
17.66 377.762
17.67 377.989
17.68 378.395
17.69 378.943
17.7 379.326
17.71 379.587
17.72 379.83
17.73 380.068
17.74 380.655
17.75 381.037
17.76 381.404
17.77 381.967
17.78 382.578
17.79 383.019
17.8 383.365
17.81 383.613
17.82 384.083
17.83 384.456
17.84 384.927
17.85 385.34
17.86 385.636
17.87 385.937
17.88 386.419
17.89 386.933
17.9 387.239
17.91 387.681
17.92 388.154
17.93 388.436
17.94 388.724
17.95 389.198
17.96 389.741
17.97 390.098
17.98 390.451
17.99 390.892
18 391.339
18.01 391.559
18.02 391.914
18.03 392.478
18.04 392.84
18.05 393.355
18.06 393.755
18.07 394.044
18.08 394.449
18.09 394.794
18.1 395.113
18.11 395.505
18.12 395.786
18.13 396.152
18.14 396.457
18.15 396.74
18.16 397.172
18.17 397.541
18.18 397.903
18.19 398.311
18.2 398.522
18.21 398.767
18.22 399.078
18.23 399.486
18.24 399.797
18.25 400.231
18.26 400.548
18.27 400.74
18.28 401.06
18.29 401.332
18.3 401.753
18.31 402.037
18.32 402.337
18.33 402.653
18.34 402.999
18.35 403.568
18.36 404.024
18.37 404.475
18.38 404.732
18.39 405.278
18.4 405.774
18.41 406.208
18.42 406.392
18.43 406.686
18.44 407.092
18.45 407.331
18.46 407.767
18.47 408.096
18.48 408.469
18.49 409.062
18.5 409.555
18.51 410.006
18.52 410.423
18.53 410.884
18.54 411.26
18.55 411.595
18.56 411.859
18.57 412.234
18.58 412.484
18.59 412.687
18.6 413.057
18.61 413.523
18.62 413.879
18.63 414.065
18.64 414.255
18.65 414.565
18.66 414.832
18.67 415.194
18.68 415.548
18.69 415.874
18.7 416.207
18.71 416.492
18.72 416.829
18.73 417.237
18.74 417.591
18.75 418.063
18.76 418.315
18.77 418.625
18.78 419.095
18.79 419.538
18.8 419.888
18.81 420.464
18.82 421.13
18.83 421.519
18.84 421.773
18.85 422.158
18.86 422.54
18.87 422.711
18.88 423.016
18.89 423.46
18.9 424.001
18.91 424.224
18.92 424.572
18.93 424.961
18.94 425.33
18.95 425.717
18.96 426.058
18.97 426.421
18.98 426.707
18.99 427.001
19 427.457
19.01 427.874
19.02 428.285
19.03 428.727
19.04 429.219
19.05 429.801
19.06 430.25
19.07 430.791
19.08 431.098
19.09 431.492
19.1 432.096
19.11 432.508
19.12 432.928
19.13 433.252
19.14 433.521
19.15 433.839
19.16 434.163
19.17 434.469
19.18 434.827
19.19 435.202
19.2 435.578
19.21 435.932
19.22 436.184
19.23 436.338
19.24 436.767
19.25 437.114
19.26 437.525
19.27 437.921
19.28 438.233
19.29 438.43
19.3 438.781
19.31 439.289
19.32 439.706
19.33 440.241
19.34 440.725
19.35 441.069
19.36 441.276
19.37 441.749
19.38 442.197
19.39 442.52
19.4 442.871
19.41 443.408
19.42 443.921
19.43 444.246
19.44 444.82
19.45 445.208
19.46 445.572
19.47 445.949
19.48 446.4
19.49 446.864
19.5 447.183
19.51 447.523
19.52 447.912
19.53 448.366
19.54 448.894
19.55 449.709
19.56 450.139
19.57 450.43
19.58 450.778
19.59 451.277
19.6 451.654
19.61 452.016
19.62 452.345
19.63 452.747
19.64 453.095
19.65 453.496
19.66 453.966
19.67 454.402
19.68 454.972
19.69 455.314
19.7 455.582
19.71 455.728
19.72 456.134
19.73 456.337
19.74 456.709
19.75 456.989
19.76 457.329
19.77 457.625
19.78 458.037
19.79 458.289
19.8 458.637
19.81 459.117
19.82 459.656
19.83 460.046
19.84 460.172
19.85 460.409
19.86 460.574
19.87 460.958
19.88 461.287
19.89 461.703
19.9 461.915
19.91 462.426
19.92 463.032
19.93 463.526
19.94 464.025
19.95 464.314
19.96 464.706
19.97 465.105
19.98 465.419
19.99 465.868
20 466.395
20.01 466.741
20.02 467.288
20.03 467.927
20.04 468.419
20.05 468.713
20.06 469.051
20.07 469.371
20.08 469.729
20.09 470.06
20.1 470.477
20.11 470.886
20.12 471.207
20.13 471.577
20.14 471.953
20.15 472.467
20.16 472.791
20.17 473.324
20.18 473.752
20.19 474.089
20.2 474.373
20.21 474.567
20.22 475.115
20.23 475.557
20.24 475.985
20.25 476.488
20.26 476.989
20.27 477.304
20.28 477.717
20.29 478.054
20.3 478.453
20.31 478.896
20.32 479.266
20.33 479.47
20.34 480.009
20.35 480.51
20.36 480.952
20.37 481.383
20.38 481.764
20.39 482.103
20.4 482.65
20.41 482.916
20.42 483.256
20.43 483.691
20.44 484.241
20.45 484.665
20.46 485.048
20.47 485.314
20.48 485.734
20.49 486.093
20.5 486.426
20.51 486.937
20.52 487.627
20.53 488.072
20.54 488.484
20.55 488.923
20.56 489.353
20.57 489.739
20.58 489.915
20.59 490.119
20.6 490.522
20.61 490.832
20.62 491.182
20.63 491.531
20.64 491.996
20.65 492.235
20.66 492.618
20.67 492.976
20.68 493.353
20.69 493.556
20.7 494.194
20.71 494.49
20.72 494.754
20.73 495.149
20.74 495.547
20.75 495.936
20.76 496.353
20.77 496.513
20.78 496.889
20.79 497.154
20.8 497.402
20.81 497.595
20.82 498.166
20.83 498.604
20.84 498.92
20.85 499.093
20.86 499.355
20.87 499.739
20.88 500.191
20.89 500.58
20.9 500.987
20.91 501.303
20.92 501.762
20.93 502.086
20.94 502.376
20.95 502.621
20.96 503.015
20.97 503.434
20.98 504.003
20.99 504.564
21 504.847
21.01 505.277
21.02 505.607
21.03 506.028
21.04 506.473
21.05 506.732
21.06 506.919
21.07 507.331
21.08 507.736
21.09 508.077
21.1 508.483
21.11 508.749
21.12 508.953
21.13 509.331
21.14 509.604
21.15 509.804
21.16 510.283
21.17 510.804
21.18 511.166
21.19 511.68
21.2 512.098
21.21 512.378
21.22 512.523
21.23 512.803
21.24 513.208
21.25 513.48
21.26 513.916
21.27 514.396
21.28 514.872
21.29 515.179
21.3 515.591
21.31 515.893
21.32 516.349
21.33 516.804
21.34 517.101
21.35 517.723
21.36 518.262
21.37 518.704
21.38 518.993
21.39 519.222
21.4 519.496
21.41 520.02
21.42 520.444
21.43 520.828
21.44 521.055
21.45 521.502
21.46 521.979
21.47 522.534
21.48 522.965
21.49 523.577
21.5 523.877
21.51 524.328
21.52 524.908
21.53 525.357
21.54 525.901
21.55 526.395
21.56 526.794
21.57 527.323
21.58 527.706
21.59 528.207
21.6 528.699
21.61 529.004
21.62 529.503
21.63 529.948
21.64 530.416
21.65 530.768
21.66 531.041
21.67 531.464
21.68 531.765
21.69 532.003
21.7 532.228
21.71 532.445
21.72 532.622
21.73 532.959
21.74 533.253
21.75 533.716
21.76 534.044
21.77 534.362
21.78 534.653
21.79 535.109
21.8 535.5
21.81 535.792
21.82 536.083
21.83 536.234
21.84 536.57
21.85 536.959
21.86 537.443
21.87 537.964
21.88 538.271
21.89 538.607
21.9 538.86
21.91 539.22
21.92 539.484
21.93 539.823
21.94 540.172
21.95 540.567
21.96 541.019
21.97 541.633
21.98 542.242
21.99 542.651
22 542.998
22.01 543.387
22.02 543.912
22.03 544.365
22.04 544.862
22.05 545.194
22.06 545.816
22.07 546.166
22.08 546.635
22.09 546.903
22.1 547.427
22.11 547.756
22.12 548.128
22.13 548.52
22.14 548.929
22.15 549.306
22.16 549.819
22.17 550.211
22.18 550.472
22.19 551.032
22.2 551.549
22.21 551.969
22.22 552.377
22.23 552.847
22.24 553.1
22.25 553.53
22.26 554.104
22.27 554.512
22.28 554.911
22.29 555.241
22.3 555.568
22.31 556.112
22.32 556.535
22.33 556.951
22.34 557.235
22.35 557.686
22.36 558.257
22.37 558.456
22.38 558.932
22.39 559.277
22.4 559.618
22.41 560.082
22.42 560.47
22.43 560.825
22.44 561.1
22.45 561.367
22.46 561.644
22.47 562.167
22.48 562.856
22.49 563.129
22.5 563.476
22.51 563.917
22.52 564.458
22.53 564.857
22.54 565.282
22.55 565.758
22.56 566.157
22.57 566.45
22.58 566.779
22.59 567.172
22.6 567.677
22.61 568.12
22.62 568.386
22.63 568.781
22.64 568.963
22.65 569.308
22.66 569.686
22.67 570.073
22.68 570.576
22.69 571.018
22.7 571.458
22.71 571.758
22.72 572.372
22.73 572.825
22.74 573.112
22.75 573.372
22.76 573.638
22.77 573.978
22.78 574.351
22.79 574.62
22.8 574.854
22.81 575.187
22.82 575.593
22.83 575.937
22.84 576.228
22.85 576.682
22.86 576.975
22.87 577.456
22.88 577.893
22.89 578.25
22.9 578.547
22.91 579.02
22.92 579.537
22.93 579.978
22.94 580.419
22.95 580.697
22.96 581.12
22.97 581.62
22.98 582.085
22.99 582.63
23 583.073
23.01 583.354
23.02 583.85
23.03 584.328
23.04 584.836
23.05 585.201
23.06 585.706
23.07 585.967
23.08 586.381
23.09 586.961
23.1 587.566
23.11 587.988
23.12 588.423
23.13 588.662
23.14 588.908
23.15 589.3
23.16 589.843
23.17 590.233
23.18 590.609
23.19 591.046
23.2 591.403
23.21 591.763
23.22 592.146
23.23 592.696
23.24 593.205
23.25 593.56
23.26 594.043
23.27 594.521
23.28 595.031
23.29 595.368
23.3 595.698
23.31 596.17
23.32 596.599
23.33 597.027
23.34 597.485
23.35 597.947
23.36 598.362
23.37 598.672
23.38 599.183
23.39 599.496
23.4 599.811
23.41 600.283
23.42 600.711
23.43 600.996
23.44 601.587
23.45 601.896
23.46 602.388
23.47 602.806
23.48 603.281
23.49 603.752
23.5 604.25
23.51 604.645
23.52 604.876
23.53 605.166
23.54 605.438
23.55 605.812
23.56 606.292
23.57 606.733
23.58 607.153
23.59 607.4
23.6 607.769
23.61 608.08
23.62 608.506
23.63 609.015
23.64 609.596
23.65 609.97
23.66 610.214
23.67 610.593
23.68 611.044
23.69 611.29
23.7 611.593
23.71 612.191
23.72 612.694
23.73 613.162
23.74 613.646
23.75 614.077
23.76 614.408
23.77 614.658
23.78 614.883
23.79 615.162
23.8 615.671
23.81 616.054
23.82 616.653
23.83 617.105
23.84 617.688
23.85 617.911
23.86 618.137
23.87 618.398
23.88 618.844
23.89 619.346
23.9 619.621
23.91 619.908
23.92 620.246
23.93 620.782
23.94 621.34
23.95 621.908
23.96 622.43
23.97 622.702
23.98 623.185
23.99 623.552
24 624.02
24.01 624.397
24.02 624.6
24.03 624.996
24.04 625.411
24.05 625.807
24.06 626.142
24.07 626.341
24.08 626.635
24.09 626.892
24.1 627.227
24.11 627.757
24.12 628.239
24.13 628.802
24.14 629.235
24.15 629.726
24.16 630.431
24.17 630.861
24.18 631.392
24.19 631.932
24.2 632.483
24.21 632.858
24.22 633.518
24.23 634.017
24.24 634.559
24.25 635.02
24.26 635.475
24.27 635.847
24.28 636.369
24.29 636.822
24.3 637.307
24.31 637.732
24.32 638.086
24.33 638.652
24.34 638.913
24.35 639.226
24.36 639.785
24.37 640.134
24.38 640.492
24.39 640.867
24.4 641.402
24.41 641.926
24.42 642.481
24.43 643.263
24.44 643.644
24.45 644.277
24.46 644.564
24.47 644.929
24.48 645.315
24.49 645.833
24.5 646.231
24.51 646.888
24.52 647.27
24.53 647.743
24.54 648.173
24.55 648.609
24.56 648.999
24.57 649.492
24.58 649.938
24.59 650.515
24.6 650.944
24.61 651.325
24.62 651.723
24.63 652.307
24.64 652.861
24.65 653.33
24.66 653.728
24.67 654.078
24.68 654.338
24.69 654.728
24.7 655.227
24.71 655.649
24.72 656.059
24.73 656.605
24.74 657.132
24.75 657.517
24.76 657.892
24.77 658.197
24.78 658.718
24.79 659.285
24.8 659.547
24.81 660.104
24.82 660.598
24.83 661.069
24.84 661.449
24.85 661.725
24.86 662.073
24.87 662.381
24.88 662.946
24.89 663.308
24.9 663.689
24.91 664.215
24.92 664.593
24.93 665.084
24.94 665.423
24.95 665.825
24.96 666.183
24.97 666.476
24.98 666.963
24.99 667.417
25 667.753
25.01 668.346
25.02 668.892
25.03 669.437
25.04 669.827
25.05 670.378
25.06 670.624
25.07 671.206
25.08 671.425
25.09 671.8
25.1 672.281
25.11 672.7
25.12 672.938
25.13 673.24
25.14 673.712
25.15 674.05
25.16 674.434
25.17 674.81
25.18 675.025
25.19 675.41
25.2 675.851
25.21 675.996
25.22 676.286
25.23 676.819
25.24 677.274
25.25 677.741
25.26 678.037
25.27 678.61
25.28 679.022
25.29 679.391
25.3 679.642
25.31 680.052
25.32 680.321
25.33 680.724
25.34 681.116
25.35 681.654
25.36 681.924
25.37 682.235
25.38 682.549
25.39 683.001
25.4 683.573
25.41 684.073
25.42 684.604
25.43 684.924
25.44 685.251
25.45 685.707
25.46 686.068
25.47 686.321
25.48 686.566
25.49 687.006
25.5 687.538
25.51 688.092
25.52 688.552
25.53 688.98
25.54 689.285
25.55 689.544
25.56 689.966
25.57 690.375
25.58 690.734
25.59 691.146
25.6 691.628
25.61 692.245
25.62 692.649
25.63 692.999
25.64 693.128
25.65 693.537
25.66 693.891
25.67 694.192
25.68 694.516
25.69 695.136
25.7 695.351
25.71 695.702
25.72 696.136
25.73 696.415
25.74 696.632
25.75 696.836
25.76 696.977
25.77 697.194
25.78 697.463
25.79 697.773
25.8 698.087
25.81 698.45
25.82 698.919
25.83 699.412
25.84 699.845
25.85 700.282
25.86 700.599
25.87 700.962
25.88 701.481
25.89 702.047
25.9 702.564
25.91 702.907
25.92 703.144
25.93 703.394
25.94 703.603
25.95 703.83
25.96 704.302
25.97 704.573
25.98 704.828
25.99 705.247
26 705.614
26.01 706.162
26.02 706.677
26.03 707.019
26.04 707.264
26.05 707.673
26.06 708.206
26.07 708.661
26.08 709.185
26.09 709.61
26.1 709.962
26.11 710.324
26.12 710.554
26.13 710.975
26.14 711.47
26.15 711.833
26.16 712.252
26.17 712.595
26.18 712.906
26.19 713.149
26.2 713.362
26.21 713.671
26.22 714.116
26.23 714.341
26.24 714.664
26.25 715.194
26.26 715.384
26.27 715.854
26.28 716.405
26.29 716.824
26.3 717.021
26.31 717.459
26.32 717.996
26.33 718.418
26.34 719.16
26.35 719.616
26.36 719.937
26.37 720.367
26.38 720.743
26.39 721.204
26.4 721.689
26.41 722.273
26.42 722.584
26.43 722.966
26.44 723.582
26.45 724.022
26.46 724.392
26.47 724.813
26.48 725.264
26.49 725.686
26.5 726.345
26.51 726.989
26.52 727.357
26.53 727.64
26.54 727.95
26.55 728.302
26.56 728.705
26.57 729.058
26.58 729.334
26.59 729.411
26.6 729.78
26.61 729.969
26.62 730.449
26.63 730.947
26.64 731.116
26.65 731.398
26.66 731.897
26.67 732.443
26.68 732.907
26.69 733.385
26.7 733.703
26.71 733.953
26.72 734.41
26.73 734.682
26.74 735.086
26.75 735.478
26.76 735.855
26.77 736.178
26.78 736.518
26.79 736.908
26.8 737.297
26.81 737.573
26.82 737.787
26.83 737.996
26.84 738.395
26.85 738.797
26.86 739.132
26.87 739.388
26.88 739.702
26.89 740.095
26.9 740.462
26.91 740.831
26.92 741.145
26.93 741.742
26.94 742.045
26.95 742.411
26.96 742.673
26.97 742.922
26.98 743.372
26.99 744.096
27 744.591
27.01 744.981
27.02 745.544
27.03 745.906
27.04 746.175
27.05 746.369
27.06 746.842
27.07 747.058
27.08 747.561
27.09 748.02
27.1 748.447
27.11 748.968
27.12 749.514
27.13 750.035
27.14 750.457
27.15 750.881
27.16 751.204
27.17 751.838
27.18 752.286
27.19 753.03
27.2 753.433
27.21 753.815
27.22 754.263
27.23 754.536
27.24 754.987
27.25 755.375
27.26 755.742
27.27 756.092
27.28 756.615
27.29 756.856
27.3 757.454
27.31 757.906
27.32 758.367
27.33 758.941
27.34 759.543
27.35 760.071
27.36 760.729
27.37 761.236
27.38 761.524
27.39 761.855
27.4 762.09
27.41 762.773
27.42 763.235
27.43 763.838
27.44 764.343
27.45 764.527
27.46 764.993
27.47 765.2
27.48 765.518
27.49 765.831
27.5 766.107
27.51 766.423
27.52 766.826
27.53 767.285
27.54 767.915
27.55 768.293
27.56 768.739
27.57 769.094
27.58 769.534
27.59 769.905
27.6 770.286
27.61 770.625
27.62 771.081
27.63 771.452
27.64 771.679
27.65 771.96
27.66 772.394
27.67 772.79
27.68 773.176
27.69 773.407
27.7 773.884
27.71 774.432
27.72 774.753
27.73 775.053
27.74 775.33
27.75 775.811
27.76 776.088
27.77 776.584
27.78 776.968
27.79 777.255
27.8 777.578
27.81 777.839
27.82 778.267
27.83 778.698
27.84 779.207
27.85 779.663
27.86 780.188
27.87 780.582
27.88 780.793
27.89 781.223
27.9 781.544
27.91 781.968
27.92 782.407
27.93 782.614
27.94 782.982
27.95 783.246
27.96 783.696
27.97 784.165
27.98 784.556
27.99 785.087
28 785.455
28.01 785.688
28.02 786.033
28.03 786.426
28.04 786.761
28.05 787.182
28.06 787.632
28.07 788.231
28.08 788.645
28.09 789.015
28.1 789.384
28.11 789.955
28.12 790.459
28.13 790.6
28.14 790.868
28.15 791.039
28.16 791.52
28.17 792.062
28.18 792.539
28.19 792.912
28.2 793.099
28.21 793.454
28.22 793.981
28.23 794.448
28.24 794.897
28.25 795.348
28.26 795.742
28.27 796.016
28.28 796.365
28.29 796.808
28.3 796.99
28.31 797.1
28.32 797.254
28.33 797.619
28.34 798.09
28.35 798.446
28.36 798.868
28.37 799.163
28.38 799.51
28.39 799.743
28.4 800.126
28.41 800.536
28.42 801.036
28.43 801.246
28.44 801.588
28.45 802.163
28.46 802.746
28.47 803.191
28.48 803.537
28.49 803.551
28.5 803.819
28.51 804.054
28.52 804.571
28.53 804.948
28.54 805.492
28.55 805.744
28.56 806.003
28.57 806.455
28.58 806.92
28.59 807.21
28.6 807.293
28.61 807.662
28.62 808.093
28.63 808.799
28.64 809.315
28.65 809.947
28.66 810.27
28.67 810.503
28.68 810.814
28.69 811.413
28.7 811.927
28.71 812.475
28.72 812.719
28.73 813.134
28.74 813.602
28.75 813.808
28.76 814.371
28.77 814.597
28.78 815.091
28.79 815.579
28.8 816.202
28.81 816.561
28.82 816.878
28.83 817.343
28.84 817.573
28.85 817.888
28.86 818.256
28.87 818.564
28.88 818.905
28.89 819.11
28.9 819.526
28.91 819.675
28.92 819.961
28.93 820.366
28.94 820.876
28.95 821.377
28.96 821.961
28.97 822.281
28.98 822.767
28.99 823.374
29 823.99
29.01 824.272
29.02 824.647
29.03 825.142
29.04 825.572
29.05 825.741
29.06 826.246
29.07 826.66
29.08 827.168
29.09 827.592
29.1 827.92
29.11 828.429
29.12 828.918
29.13 829.4
29.14 830.038
29.15 830.735
29.16 831.369
29.17 832.041
29.18 832.804
29.19 832.835
29.2 833.127
29.21 833.688
29.22 834.15
29.23 834.491
29.24 834.949
29.25 835.382
29.26 835.677
29.27 836.099
29.28 836.654
29.29 837.064
29.3 837.603
29.31 838.4
29.32 838.821
29.33 839.114
29.34 839.462
29.35 839.757
29.36 840.155
29.37 840.66
29.38 840.943
29.39 841.377
29.4 841.696
29.41 842.075
29.42 842.571
29.43 843.111
29.44 843.628
29.45 844.089
29.46 844.296
29.47 844.708
29.48 845.244
29.49 845.797
29.5 846.284
29.51 846.844
29.52 847.277
29.53 847.722
29.54 848.223
29.55 848.539
29.56 848.927
29.57 849.328
29.58 850.056
29.59 850.464
29.6 850.818
29.61 851.415
29.62 852.009
29.63 852.543
29.64 852.985
29.65 853.447
29.66 853.837
29.67 854.184
29.68 854.597
29.69 854.907
29.7 855.199
29.71 855.406
29.72 855.706
29.73 855.964
29.74 856.322
29.75 856.68
29.76 857.276
29.77 857.562
29.78 857.868
29.79 857.993
29.8 858.325
29.81 858.559
29.82 858.813
29.83 859.168
29.84 859.757
29.85 860.063
29.86 860.242
29.87 860.514
29.88 860.619
29.89 860.745
29.9 861.059
29.91 861.563
29.92 862.032
29.93 862.598
29.94 862.964
29.95 863.312
29.96 863.663
29.97 864.22
29.98 864.578
29.99 865.165
