0 0.0122648
0.01 0.029951
0.02 0.0445072
0.03 0.063477
0.04 0.0888316
0.05 0.123382
0.06 0.147891
0.07 0.164507
0.08 0.179184
0.09 0.202251
0.1 0.233694
0.11 0.273766
0.12 0.309513
0.13 0.348319
0.14 0.387032
0.15 0.401924
0.16 0.409241
0.17 0.406253
0.18 0.437906
0.19 0.484211
0.2 0.522057
0.21 0.541551
0.22 0.563279
0.23 0.622067
0.24 0.665518
0.25 0.713782
0.26 0.737368
0.27 0.775093
0.28 0.810028
0.29 0.861958
0.3 0.964018
0.31 0.988307
0.32 1.00244
0.33 1.02732
0.34 1.06794
0.35 1.09795
0.36 1.16285
0.37 1.18251
0.38 1.28737
0.39 1.35363
0.4 1.45309
0.41 1.49625
0.42 1.51108
0.43 1.55759
0.44 1.59638
0.45 1.62817
0.46 1.62595
0.47 1.69989
0.48 1.75895
0.49 1.8224
0.5 1.87296
0.51 1.91877
0.52 1.9683
0.53 1.9888
0.54 2.0192
0.55 2.06158
0.56 2.16671
0.57 2.2558
0.58 2.34433
0.59 2.35587
0.6 2.43361
0.61 2.464
0.62 2.49083
0.63 2.57138
0.64 2.59807
0.65 2.65995
0.66 2.71188
0.67 2.77063
0.68 2.86038
0.69 2.79619
0.7 2.85904
0.71 2.91641
0.72 2.963
0.73 3.07428
0.74 3.13372
0.75 3.11401
0.76 3.12027
0.77 3.11806
0.78 3.15262
0.79 3.18417
0.8 3.25423
0.81 3.31655
0.82 3.43009
0.83 3.56804
0.84 3.63628
0.85 3.69567
0.86 3.78706
0.87 3.91131
0.88 4.0462
0.89 4.12929
0.9 4.26324
0.91 4.45036
0.92 4.56523
0.93 4.65107
0.94 4.67104
0.95 4.75774
0.96 4.8722
0.97 4.98096
0.98 5.07199
0.99 5.29529
1 5.31315
1.01 5.49368
1.02 5.54759
1.03 5.55766
1.04 5.61583
1.05 5.70156
1.06 5.79699
1.07 5.87995
1.08 5.92451
1.09 6.03499
1.1 6.06678
1.11 6.10292
1.12 6.26984
1.13 6.34012
1.14 6.50738
1.15 6.64626
1.16 6.67656
1.17 6.7292
1.18 6.79985
1.19 6.84695
1.2 6.84972
1.21 7.07375
1.22 7.19485
1.23 7.22324
1.24 7.18853
1.25 7.23809
1.26 7.25896
1.27 7.36289
1.28 7.51583
1.29 7.64987
1.3 7.77635
1.31 7.8611
1.32 7.80105
1.33 7.79012
1.34 7.90333
1.35 8.02709
1.36 8.1639
1.37 8.36218
1.38 8.5176
1.39 8.5742
1.4 8.6179
1.41 8.59186
1.42 8.59546
1.43 8.80471
1.44 8.8891
1.45 9.11219
1.46 9.36699
1.47 9.55659
1.48 9.64512
1.49 9.75476
1.5 9.88936
1.51 9.97536
1.52 10.1608
1.53 10.2891
1.54 10.5165
1.55 10.5233
1.56 10.6612
1.57 10.7035
1.58 10.9044
1.59 11.0418
1.6 11.2098
1.61 11.4049
1.62 11.4617
1.63 11.5646
1.64 11.6899
1.65 11.9255
1.66 11.8895
1.67 11.9426
1.68 11.9612
1.69 12.1156
1.7 12.2348
1.71 12.2012
1.72 12.1158
1.73 12.2099
1.74 12.3622
1.75 12.6057
1.76 12.7858
1.77 12.779
1.78 12.8535
1.79 12.9434
1.8 13.2741
1.81 13.6003
1.82 13.6811
1.83 13.8109
1.84 14.0692
1.85 14.3766
1.86 14.6504
1.87 14.8021
1.88 14.9051
1.89 15.1507
1.9 15.3725
1.91 15.4373
1.92 15.5929
1.93 15.8713
1.94 16.0047
1.95 16.1983
1.96 16.3698
1.97 16.5534
1.98 16.7142
1.99 16.8944
2 16.947
2.01 17.1523
2.02 17.4062
2.03 17.5761
2.04 17.8035
2.05 17.8719
2.06 18.0733
2.07 18.245
2.08 18.3319
2.09 18.4257
2.1 18.6556
2.11 18.7689
2.12 18.956
2.13 19.2801
2.14 19.5853
2.15 19.7888
2.16 19.7626
2.17 19.8085
2.18 19.9654
2.19 20.1209
2.2 20.4018
2.21 20.7304
2.22 20.9815
2.23 21.0785
2.24 21.3855
2.25 21.5405
2.26 21.7924
2.27 22.2821
2.28 22.6013
2.29 22.743
2.3 22.8635
2.31 23.0842
2.32 23.2399
2.33 23.2687
2.34 23.3293
2.35 23.6124
2.36 24.1064
2.37 24.3449
2.38 24.5432
2.39 24.6647
2.4 24.5333
2.41 24.6478
2.42 24.8526
2.43 24.9342
2.44 25.1385
2.45 25.2535
2.46 25.3878
2.47 25.5011
2.48 25.68
2.49 25.9459
2.5 26.1123
2.51 26.3952
2.52 26.6501
2.53 27.051
2.54 27.4431
2.55 27.4825
2.56 27.7953
2.57 28.129
2.58 28.4312
2.59 28.7104
2.6 28.7839
2.61 29.1369
2.62 29.4607
2.63 29.7512
2.64 30.0917
2.65 30.4351
2.66 30.7168
2.67 30.8375
2.68 31.1501
2.69 31.4425
2.7 31.6307
2.71 32.1261
2.72 32.5449
2.73 32.4754
2.74 32.7058
2.75 33.1716
2.76 33.1655
2.77 33.2611
2.78 33.4403
2.79 33.4668
2.8 33.7499
2.81 33.8349
2.82 34.0104
2.83 34.2584
2.84 34.3304
2.85 34.4212
2.86 34.6136
2.87 34.8732
2.88 35.1734
2.89 35.5797
2.9 35.6861
2.91 35.8824
2.92 36.4139
2.93 36.6709
2.94 36.8219
2.95 37.052
2.96 37.3067
2.97 37.4593
2.98 37.4886
2.99 37.9449
3 38.0951
3.01 38.2275
3.02 38.4002
3.03 38.6088
3.04 38.4985
3.05 38.4999
3.06 38.5907
3.07 38.7028
3.08 38.8927
3.09 38.8367
3.1 39.1376
3.11 39.3786
3.12 39.6755
3.13 40.1155
3.14 40.5903
3.15 40.9235
3.16 40.909
3.17 41.1854
3.18 41.2931
3.19 41.6253
3.2 42.0322
3.21 42.3544
3.22 42.7122
3.23 43.0605
3.24 43.3488
3.25 43.848
3.26 44.0606
3.27 44.3541
3.28 44.7688
3.29 44.853
3.3 45.1702
3.31 45.6158
3.32 45.7861
3.33 45.8707
3.34 46.1319
3.35 46.2544
3.36 46.4045
3.37 46.9062
3.38 47.015
3.39 47.6205
3.4 47.9602
3.41 48.2396
3.42 48.5738
3.43 48.8039
3.44 49.0508
3.45 49.2101
3.46 49.3203
3.47 49.526
3.48 49.7635
3.49 50.0664
3.5 50.2931
3.51 50.5812
3.52 50.8706
3.53 51.2486
3.54 51.4591
3.55 51.8183
3.56 52.076
3.57 52.3201
3.58 52.619
3.59 52.8538
3.6 52.9186
3.61 53.1078
3.62 53.3705
3.63 53.976
3.64 54.3836
3.65 54.444
3.66 54.526
3.67 54.6739
3.68 55.0242
3.69 55.3759
3.7 55.4316
3.71 55.9164
3.72 56.0158
3.73 55.9943
3.74 56.0321
3.75 56.1384
3.76 56.3812
3.77 56.5743
3.78 56.5488
3.79 56.7246
3.8 56.9245
3.81 57.1254
3.82 57.0707
3.83 57.3363
3.84 57.4503
3.85 57.4555
3.86 57.8776
3.87 58.3766
3.88 58.8013
3.89 58.7642
3.9 59.0575
3.91 59.4672
3.92 59.962
3.93 60.3447
3.94 60.503
3.95 60.7634
3.96 60.9418
3.97 61.3123
3.98 61.864
3.99 62.0781
4 62.3084
4.01 62.5044
4.02 62.657
4.03 62.9385
4.04 63.2241
4.05 63.0933
4.06 63.1237
4.07 63.2948
4.08 63.6444
4.09 63.8258
4.1 64.0552
4.11 64.2214
4.12 64.6425
4.13 65.0088
4.14 65.4334
4.15 65.8913
4.16 66.5825
4.17 67.3071
4.18 67.438
4.19 67.6755
4.2 67.9874
4.21 68.2023
4.22 68.5384
4.23 68.9686
4.24 69.1297
4.25 69.3819
4.26 69.6456
4.27 70.0346
4.28 70.4327
4.29 70.6254
4.3 71.0393
4.31 71.2189
4.32 71.4577
4.33 71.6392
4.34 72.1633
4.35 72.5783
4.36 72.9498
4.37 73.3875
4.38 73.6928
4.39 73.8795
4.4 74.3429
4.41 74.2882
4.42 74.49
4.43 74.6237
4.44 74.9099
4.45 75.1948
4.46 75.8137
4.47 76.1853
4.48 76.4491
4.49 76.8258
4.5 77.0089
4.51 77.1425
4.52 77.4434
4.53 77.6028
4.54 77.7786
4.55 78.5877
4.56 78.9757
4.57 79.601
4.58 79.9121
4.59 80.5365
4.6 80.8537
4.61 81.1361
4.62 81.3462
4.63 81.8539
4.64 82.7042
4.65 83.4725
4.66 83.7101
4.67 84.1493
4.68 84.4823
4.69 84.9512
4.7 85.3772
4.71 85.72
4.72 86.0128
4.73 86.2752
4.74 86.6358
4.75 86.9086
4.76 87.3263
4.77 87.3191
4.78 87.7423
4.79 87.8017
4.8 87.8471
4.81 87.9868
4.82 88.0676
4.83 88.3485
4.84 88.7013
4.85 88.7993
4.86 88.7425
4.87 88.83
4.88 89.058
4.89 89.5775
4.9 89.8816
4.91 90.5927
4.92 91.0411
4.93 91.0873
4.94 91.3611
4.95 91.546
4.96 91.7727
4.97 92.0839
4.98 92.5006
4.99 92.7832
5 93.1501
5.01 93.7397
5.02 94.1029
5.03 94.5818
5.04 95.0912
5.05 95.8152
5.06 96.2595
5.07 96.4365
5.08 96.9547
5.09 97.3054
5.1 96.9352
5.11 97.0367
5.12 97.1763
5.13 97.4861
5.14 98.0888
5.15 98.2625
5.16 98.5239
5.17 99.097
5.18 99.0503
5.19 99.0783
5.2 99.5153
5.21 99.7434
5.22 100.343
5.23 100.638
5.24 100.878
5.25 101.103
5.26 101.651
5.27 102.309
5.28 102.593
5.29 102.46
5.3 102.492
5.31 102.643
5.32 102.879
5.33 102.838
5.34 103.152
5.35 103.594
5.36 104.059
5.37 104.57
5.38 104.802
5.39 105.201
5.4 105.661
5.41 106.055
5.42 105.913
5.43 106.317
5.44 106.925
5.45 107.238
5.46 107.373
5.47 107.493
5.48 107.617
5.49 107.54
5.5 107.576
5.51 107.612
5.52 107.776
5.53 108.137
5.54 108.3
5.55 108.371
5.56 108.884
5.57 109.246
5.58 109.433
5.59 109.773
5.6 109.997
5.61 110.316
5.62 110.846
5.63 111.145
5.64 111.33
5.65 111.549
5.66 112.322
5.67 112.797
5.68 113.01
5.69 113.437
5.7 114.033
5.71 114.358
5.72 114.817
5.73 114.982
5.74 115.805
5.75 116.66
5.76 117.285
5.77 117.522
5.78 118.237
5.79 119.114
5.8 119.703
5.81 120.389
5.82 120.688
5.83 120.624
5.84 120.79
5.85 121.081
5.86 121.479
5.87 121.668
5.88 121.795
5.89 122.476
5.9 122.969
5.91 123.575
5.92 123.847
5.93 124.697
5.94 125.352
5.95 125.79
5.96 126.364
5.97 127.079
5.98 127.398
5.99 127.978
6 128.499
6.01 128.905
6.02 129.324
6.03 129.621
6.04 129.889
6.05 130.215
6.06 130.662
6.07 130.888
6.08 130.914
6.09 130.913
6.1 131.269
6.11 131.462
6.12 131.861
6.13 132.243
6.14 132.587
6.15 132.797
6.16 133.123
6.17 133.595
6.18 133.854
6.19 134.259
6.2 134.811
6.21 135.273
6.22 135.319
6.23 135.702
6.24 136.685
6.25 137.138
6.26 137.741
6.27 138.328
6.28 139.013
6.29 139.722
6.3 140.208
6.31 140.703
6.32 140.819
6.33 140.962
6.34 141.646
6.35 142.158
6.36 142.424
6.37 143.144
6.38 143.543
6.39 143.833
6.4 144.669
6.41 144.877
6.42 145.295
6.43 145.458
6.44 146.323
6.45 146.98
6.46 147.905
6.47 148.47
6.48 148.836
6.49 149.531
6.5 150.288
6.51 150.499
6.52 150.734
6.53 150.6
6.54 150.33
6.55 150.908
6.56 151.178
6.57 150.951
6.58 151.156
6.59 151.371
6.6 151.905
6.61 152.619
6.62 152.998
6.63 153.638
6.64 153.809
6.65 154.581
6.66 155.251
6.67 155.269
6.68 155.376
6.69 155.557
6.7 156.297
6.71 157.191
6.72 157.489
6.73 157.425
6.74 157.77
6.75 157.896
6.76 157.947
6.77 158.352
6.78 158.782
6.79 159.176
6.8 159.58
6.81 159.848
6.82 160.055
6.83 160.002
6.84 160.609
6.85 161.318
6.86 161.576
6.87 162.062
6.88 162.799
6.89 162.844
6.9 162.997
6.91 162.935
6.92 163.259
6.93 163.11
6.94 163.711
6.95 164.319
6.96 164.794
6.97 165.178
6.98 165.324
6.99 165.423
7 166.115
7.01 166.612
7.02 166.713
7.03 166.507
7.04 166.939
7.05 167.213
7.06 167.489
7.07 168.172
7.08 168.37
7.09 168.839
7.1 169.26
7.11 169.921
7.12 170.663
7.13 171.161
7.14 171.164
7.15 171.335
7.16 171.462
7.17 171.775
7.18 172.322
7.19 172.538
7.2 172.163
7.21 172.398
7.22 172.889
7.23 173.363
7.24 173.61
7.25 173.812
7.26 174.217
7.27 174.697
7.28 175.193
7.29 175.801
7.3 175.635
7.31 175.873
7.32 176.122
7.33 176.036
7.34 175.728
7.35 175.794
7.36 176.179
7.37 176.634
7.38 176.66
7.39 177.04
7.4 177.023
7.41 177.408
7.42 177.695
7.43 178.212
7.44 178.848
7.45 179.456
7.46 180.202
7.47 180.683
7.48 180.736
7.49 181.345
7.5 181.673
7.51 182.125
7.52 182.252
7.53 183.121
7.54 183.452
7.55 183.722
7.56 183.738
7.57 183.643
7.58 183.549
7.59 183.982
7.6 184.247
7.61 184.942
7.62 185.962
7.63 186.693
7.64 187.387
7.65 188.216
7.66 188.624
7.67 189.516
7.68 189.779
7.69 190.11
7.7 190.715
7.71 191.158
7.72 191.447
7.73 191.813
7.74 192.182
7.75 192.497
7.76 193.228
7.77 193.85
7.78 194.19
7.79 194.702
7.8 194.571
7.81 194.734
7.82 194.914
7.83 195.129
7.84 195.324
7.85 195.095
7.86 194.912
7.87 195.191
7.88 195.614
7.89 196.026
7.9 196.597
7.91 197.027
7.92 197.856
7.93 197.943
7.94 197.942
7.95 198.391
7.96 199.093
7.97 200.41
7.98 201.153
7.99 201.429
