1.0000 3.2747
2.0000 3.0967
3.0000 3.1890
4.0000 3.0450
5.0000 3.0085
6.0000 3.0105
7.0000 2.8579
8.0000 2.6962
9.0000 2.7997
10.0000 2.6444
11.0000 2.5377
12.0000 2.6281
13.0000 2.7460
14.0000 2.6066
15.0000 2.7933
16.0000 2.7913
17.0000 2.8483
18.0000 2.9945
19.0000 2.9197
20.0000 2.8082
21.0000 2.9915
22.0000 2.7971
23.0000 2.8943
24.0000 2.8472
25.0000 2.8154
26.0000 2.9184
27.0000 2.7827
28.0000 2.9240
29.0000 3.0557
30.0000 2.9163
31.0000 3.0452
32.0000 2.9301
33.0000 3.0945
34.0000 3.0568
35.0000 2.8721
36.0000 2.7564
37.0000 2.5576
38.0000 2.3706
39.0000 2.2195
40.0000 2.3449
41.0000 2.2717
42.0000 2.2484
43.0000 2.0575
44.0000 1.8582
45.0000 1.9798
46.0000 1.7916
47.0000 1.6594
48.0000 1.4903
49.0000 1.6059
50.0000 1.5807
51.0000 1.7735
52.0000 1.5743
53.0000 1.4765
54.0000 1.3686
55.0000 1.2424
56.0000 1.0473
57.0000 1.1485
58.0000 1.2640
59.0000 1.2374
60.0000 1.1671
61.0000 0.9788
62.0000 1.0433
63.0000 0.8816
64.0000 1.0804
65.0000 1.2115
66.0000 1.2249
67.0000 1.1790
68.0000 1.0172
69.0000 1.1552
70.0000 1.0392
71.0000 1.1033
72.0000 0.9382
73.0000 1.1380
74.0000 1.3226
75.0000 1.2628
76.0000 1.4516
77.0000 1.6390
78.0000 1.8151
79.0000 1.9074
80.0000 2.1069
81.0000 1.9734
82.0000 2.1298
83.0000 2.2990
84.0000 2.4972
85.0000 2.5901
86.0000 2.6748
87.0000 2.5051
88.0000 2.3991
89.0000 2.4987
90.0000 2.6797
91.0000 2.8683
92.0000 2.7151
93.0000 2.8929
94.0000 3.0810
95.0000 3.2188
96.0000 3.2689
97.0000 3.0697
98.0000 2.9459
99.0000 2.8362
100.0000 2.7188
101.0000 2.9181
102.0000 2.8450
103.0000 2.6490
104.0000 2.7258
105.0000 2.9183
106.0000 3.1160
107.0000 3.2193
108.0000 3.2798
109.0000 3.2698
110.0000 3.4696
111.0000 3.2978
112.0000 3.4901
113.0000 3.5404
114.0000 3.6325
115.0000 3.7413
116.0000 3.5421
117.0000 3.3532
118.0000 3.4397
119.0000 3.2741
120.0000 3.1150
121.0000 2.9151
122.0000 3.0533
123.0000 2.8533
124.0000 3.0522
125.0000 3.0012
126.0000 2.8689
127.0000 2.9313
128.0000 3.1171
129.0000 2.9743
130.0000 2.9139
131.0000 3.0394
132.0000 3.1265
133.0000 3.3215
134.0000 3.1351
135.0000 3.3351
136.0000 3.2742
137.0000 3.1095
138.0000 3.1324
139.0000 2.9567
140.0000 2.7619
141.0000 2.6227
142.0000 2.7394
143.0000 2.6543
144.0000 2.4660
145.0000 2.6112
146.0000 2.6646
147.0000 2.5851
148.0000 2.6757
149.0000 2.4884
150.0000 2.6250
151.0000 2.4345
