1.0000 2.9887
2.0000 2.9878
3.0000 2.9102
4.0000 2.9685
5.0000 3.1648
6.0000 3.0037
7.0000 3.1612
8.0000 3.2771
9.0000 3.4685
10.0000 3.5287
11.0000 3.3458
12.0000 3.1503
13.0000 3.1786
14.0000 3.2476
15.0000 3.3168
16.0000 3.2258
17.0000 3.3371
18.0000 3.1371
19.0000 2.9384
20.0000 2.7603
21.0000 2.5606
22.0000 2.4803
23.0000 2.3986
24.0000 2.3281
25.0000 2.4901
26.0000 2.5344
27.0000 2.7296
28.0000 2.7357
29.0000 2.8717
30.0000 3.0061
31.0000 2.9574
32.0000 2.8367
33.0000 2.9930
34.0000 2.9809
35.0000 2.9602
36.0000 2.9408
37.0000 2.9121
38.0000 2.8385
39.0000 2.9878
40.0000 2.7935
41.0000 2.6821
42.0000 2.5070
43.0000 2.4218
44.0000 2.2670
45.0000 2.4615
46.0000 2.6398
47.0000 2.4402
48.0000 2.3035
49.0000 2.4746
50.0000 2.6519
51.0000 2.4693
52.0000 2.5797
53.0000 2.7632
54.0000 2.7674
55.0000 2.9317
56.0000 2.8645
57.0000 2.8194
58.0000 2.6816
59.0000 2.7491
60.0000 2.8458
61.0000 2.7505
62.0000 2.9349
63.0000 2.7384
64.0000 2.8199
65.0000 2.6786
66.0000 2.4793
67.0000 2.5873
68.0000 2.4582
69.0000 2.5262
70.0000 2.7241
71.0000 2.8909
72.0000 2.7181
73.0000 2.7029
74.0000 2.5067
75.0000 2.6196
76.0000 2.4210
77.0000 2.2340
78.0000 2.3985
79.0000 2.1985
80.0000 2.1879
81.0000 2.3649
82.0000 2.5571
83.0000 2.7520
84.0000 2.5762
85.0000 2.5725
86.0000 2.4451
87.0000 2.6276
88.0000 2.8272
89.0000 2.6833
90.0000 2.5146
91.0000 2.6828
92.0000 2.5599
93.0000 2.4658
94.0000 2.6587
95.0000 2.6525
96.0000 2.5017
97.0000 2.3340
98.0000 2.5130
99.0000 2.5387
100.0000 2.3693
101.0000 2.1795
102.0000 1.9882
103.0000 2.1388
104.0000 2.3294
105.0000 2.3888
106.0000 2.5427
107.0000 2.6712
108.0000 2.4938
109.0000 2.3353
110.0000 2.1896
111.0000 2.2044
112.0000 2.3316
113.0000 2.5235
114.0000 2.6766
115.0000 2.4817
116.0000 2.2819
117.0000 2.0821
118.0000 1.9102
119.0000 1.7738
120.0000 1.9735
121.0000 1.9702
122.0000 1.8077
123.0000 1.8998
124.0000 1.7227
125.0000 1.6095
126.0000 1.4690
127.0000 1.2711
128.0000 1.0847
129.0000 1.2284
130.0000 1.4260
131.0000 1.3358
132.0000 1.3469
133.0000 1.3213
134.0000 1.3450
135.0000 1.4943
136.0000 1.6408
137.0000 1.4408
138.0000 1.2463
139.0000 1.4455
140.0000 1.2876
141.0000 1.0910
142.0000 1.2097
143.0000 1.0143
144.0000 0.8257
145.0000 0.6456
146.0000 0.7424
147.0000 0.5773
148.0000 0.5158
149.0000 0.6372
150.0000 0.4586
151.0000 0.6499
