1.0000 2.9820
2.0000 2.7978
3.0000 2.6277
4.0000 2.6276
5.0000 2.4427
6.0000 2.2502
7.0000 2.4263
8.0000 2.5254
9.0000 2.6930
10.0000 2.8125
11.0000 2.6472
12.0000 2.4698
13.0000 2.4580
14.0000 2.4250
15.0000 2.6174
16.0000 2.7793
17.0000 2.8848
18.0000 2.7498
19.0000 2.5543
20.0000 2.7506
21.0000 2.9453
22.0000 2.9384
23.0000 2.9324
24.0000 2.8424
25.0000 2.9654
26.0000 3.1560
27.0000 2.9852
28.0000 2.9053
29.0000 2.7071
30.0000 2.9020
31.0000 2.7086
32.0000 2.9000
33.0000 2.9253
34.0000 2.7752
35.0000 2.7784
36.0000 2.9318
37.0000 2.7439
38.0000 2.9431
39.0000 2.8800
40.0000 2.7437
41.0000 2.8276
42.0000 2.6355
43.0000 2.6357
44.0000 2.6663
45.0000 2.6909
46.0000 2.8909
47.0000 3.0894
48.0000 2.9622
49.0000 2.8786
50.0000 2.7118
51.0000 2.6336
52.0000 2.7346
53.0000 2.9190
54.0000 2.9952
55.0000 2.9815
56.0000 3.1574
57.0000 3.3482
58.0000 3.3926
59.0000 3.2066
60.0000 3.0080
61.0000 2.9485
62.0000 2.8739
63.0000 2.8473
64.0000 2.7160
65.0000 2.5819
66.0000 2.4391
67.0000 2.5019
68.0000 2.7014
69.0000 2.6545
70.0000 2.6259
71.0000 2.6587
72.0000 2.6636
73.0000 2.4803
74.0000 2.5186
75.0000 2.4801
76.0000 2.5821
77.0000 2.5438
78.0000 2.5465
79.0000 2.4175
80.0000 2.4948
81.0000 2.6243
82.0000 2.6023
83.0000 2.7753
84.0000 2.7101
85.0000 2.8937
86.0000 2.7773
87.0000 2.9564
88.0000 2.9057
89.0000 2.8289
90.0000 2.9603
91.0000 2.8936
92.0000 2.6936
93.0000 2.5681
94.0000 2.4274
95.0000 2.5622
96.0000 2.4308
97.0000 2.3690
98.0000 2.5185
99.0000 2.6310
100.0000 2.8286
101.0000 2.8087
102.0000 2.9726
103.0000 2.8793
104.0000 2.6816
105.0000 2.8707
106.0000 2.9470
107.0000 3.0971
108.0000 2.9769
109.0000 2.8278
110.0000 2.6947
111.0000 2.6248
112.0000 2.5697
113.0000 2.4835
114.0000 2.6599
115.0000 2.5813
116.0000 2.7540
117.0000 2.9134
118.0000 3.0892
119.0000 3.2809
120.0000 3.2684
121.0000 3.2885
122.0000 3.1566
123.0000 2.9892
124.0000 2.7902
125.0000 2.7727
126.0000 2.6000
127.0000 2.4317
128.0000 2.5877
129.0000 2.3887
130.0000 2.1888
131.0000 2.2280
132.0000 2.3457
133.0000 2.4355
134.0000 2.5487
135.0000 2.3512
136.0000 2.5302
137.0000 2.5298
138.0000 2.3448
139.0000 2.1743
140.0000 1.9810
141.0000 1.8043
142.0000 1.8775
143.0000 2.0369
144.0000 1.9105
145.0000 1.7325
146.0000 1.9325
147.0000 1.7844
148.0000 1.6527
149.0000 1.8336
150.0000 1.8273
151.0000 2.0091
