1.0000 3.0352
2.0000 3.1736
3.0000 3.3537
4.0000 3.3314
5.0000 3.2956
6.0000 3.4893
7.0000 3.6427
8.0000 3.5050
9.0000 3.3130
10.0000 3.1768
11.0000 3.3766
12.0000 3.5101
13.0000 3.6043
14.0000 3.4927
15.0000 3.5851
16.0000 3.4042
17.0000 3.5181
18.0000 3.6412
19.0000 3.5323
20.0000 3.5064
21.0000 3.4098
22.0000 3.3975
23.0000 3.5824
24.0000 3.3839
25.0000 3.3017
26.0000 3.2871
27.0000 3.4734
28.0000 3.3876
29.0000 3.3772
30.0000 3.1803
31.0000 3.3799
32.0000 3.3852
33.0000 3.3130
34.0000 3.4344
35.0000 3.5422
36.0000 3.7345
37.0000 3.7672
38.0000 3.6448
39.0000 3.7044
40.0000 3.6798
41.0000 3.5533
42.0000 3.4025
43.0000 3.2051
44.0000 3.2292
45.0000 3.3914
46.0000 3.1919
47.0000 3.0833
48.0000 3.2524
49.0000 3.4494
50.0000 3.3020
51.0000 3.2827
52.0000 3.2893
53.0000 3.1327
54.0000 3.3326
55.0000 3.5319
56.0000 3.5854
57.0000 3.7438
58.0000 3.5943
59.0000 3.4009
60.0000 3.6000
61.0000 3.5887
62.0000 3.6856
63.0000 3.5126
64.0000 3.4354
65.0000 3.5965
66.0000 3.6592
67.0000 3.6499
68.0000 3.5067
69.0000 3.5409
70.0000 3.7076
71.0000 3.6801
72.0000 3.5460
73.0000 3.3557
74.0000 3.1783
75.0000 3.0384
76.0000 2.8384
77.0000 3.0156
78.0000 2.8424
79.0000 2.9404
80.0000 3.1125
81.0000 3.0083
82.0000 2.9356
83.0000 3.1169
84.0000 3.3083
85.0000 3.3462
86.0000 3.1672
87.0000 3.0886
88.0000 2.8903
89.0000 2.7000
90.0000 2.5185
91.0000 2.6340
92.0000 2.4698
93.0000 2.3260
94.0000 2.2814
95.0000 2.2715
96.0000 2.1892
97.0000 2.0380
98.0000 2.1947
99.0000 2.3913
100.0000 2.5553
101.0000 2.7271
102.0000 2.9270
103.0000 3.0045
104.0000 2.8121
105.0000 2.9926
106.0000 3.1319
107.0000 3.1496
108.0000 3.3420
109.0000 3.3757
110.0000 3.1846
111.0000 2.9957
112.0000 2.9228
113.0000 2.8700
114.0000 2.9024
115.0000 2.7156
116.0000 2.5175
117.0000 2.6926
118.0000 2.5733
119.0000 2.4284
120.0000 2.6284
121.0000 2.7880
122.0000 2.9798
123.0000 3.1669
124.0000 3.3631
125.0000 3.2295
126.0000 3.0994
127.0000 3.0812
128.0000 3.1212
129.0000 3.3208
130.0000 3.3125
131.0000 3.4190
132.0000 3.3193
133.0000 3.3576
134.0000 3.3698
135.0000 3.4726
136.0000 3.3683
137.0000 3.1684
138.0000 3.0771
139.0000 2.8815
140.0000 2.7632
141.0000 2.9546
142.0000 3.0458
143.0000 3.0898
144.0000 3.2366
145.0000 3.2145
146.0000 3.0200
147.0000 3.2018
148.0000 3.2430
149.0000 3.2446
150.0000 3.4252
151.0000 3.4938
