1.0000 3.3262
2.0000 3.3444
3.0000 3.5443
4.0000 3.3889
5.0000 3.2251
6.0000 3.3198
7.0000 3.3054
8.0000 3.5050
9.0000 3.4889
10.0000 3.6502
11.0000 3.8473
12.0000 3.8472
13.0000 3.8398
14.0000 3.6838
15.0000 3.7303
16.0000 3.6364
17.0000 3.4564
18.0000 3.3075
19.0000 3.3203
20.0000 3.4962
21.0000 3.4894
22.0000 3.5334
23.0000 3.6254
24.0000 3.7017
25.0000 3.5310
26.0000 3.4043
27.0000 3.3710
28.0000 3.1715
29.0000 3.2053
30.0000 3.2091
31.0000 3.1434
32.0000 3.3428
33.0000 3.4647
34.0000 3.4786
35.0000 3.5898
36.0000 3.3926
37.0000 3.5572
38.0000 3.5101
39.0000 3.6122
40.0000 3.5310
41.0000 3.4250
42.0000 3.3149
43.0000 3.3303
44.0000 3.5289
45.0000 3.4059
46.0000 3.3741
47.0000 3.1893
48.0000 3.2822
49.0000 3.1590
50.0000 3.1233
51.0000 2.9236
52.0000 3.0112
53.0000 2.9324
54.0000 2.7465
55.0000 2.6082
56.0000 2.7737
57.0000 2.6064
58.0000 2.4958
59.0000 2.4360
60.0000 2.2450
61.0000 2.3320
62.0000 2.1796
63.0000 2.3627
64.0000 2.1633
65.0000 2.0038
66.0000 2.0439
67.0000 2.2334
68.0000 2.1413
69.0000 2.1202
70.0000 1.9282
71.0000 1.7477
72.0000 1.5746
73.0000 1.7549
74.0000 1.8188
75.0000 1.9726
76.0000 2.0775
77.0000 1.8894
78.0000 1.8827
79.0000 1.7601
80.0000 1.9349
81.0000 1.8963
82.0000 1.7307
83.0000 1.8917
84.0000 1.7511
85.0000 1.6002
86.0000 1.5339
87.0000 1.4920
88.0000 1.4977
89.0000 1.6122
90.0000 1.4354
91.0000 1.4512
92.0000 1.5964
93.0000 1.6785
94.0000 1.8264
95.0000 1.9874
96.0000 2.1786
97.0000 2.2627
98.0000 2.3181
99.0000 2.1760
100.0000 2.2071
101.0000 2.4066
102.0000 2.2664
103.0000 2.3383
104.0000 2.4647
105.0000 2.5738
106.0000 2.6484
107.0000 2.7289
108.0000 2.5333
109.0000 2.7320
110.0000 2.5321
111.0000 2.5433
112.0000 2.5591
113.0000 2.6357
114.0000 2.7737
115.0000 2.7537
116.0000 2.5780
117.0000 2.7562
118.0000 2.7512
119.0000 2.8863
120.0000 2.9581
121.0000 2.7620
122.0000 2.5945
123.0000 2.4849
124.0000 2.6048
125.0000 2.4723
126.0000 2.6601
127.0000 2.5725
128.0000 2.5955
129.0000 2.7932
130.0000 2.6019
131.0000 2.4426
132.0000 2.2475
133.0000 2.0905
134.0000 2.1982
135.0000 2.2393
136.0000 2.4391
137.0000 2.3485
138.0000 2.1495
139.0000 2.2530
140.0000 2.3902
141.0000 2.5901
142.0000 2.7589
143.0000 2.9282
144.0000 2.9706
145.0000 2.7751
146.0000 2.8637
147.0000 2.7878
148.0000 2.6755
149.0000 2.6561
150.0000 2.5113
151.0000 2.3292
