1.0000 2.9804
2.0000 2.8079
3.0000 2.6781
4.0000 2.8188
5.0000 2.9033
6.0000 3.0783
7.0000 2.8827
8.0000 3.0108
9.0000 2.8381
10.0000 2.8517
11.0000 2.8790
12.0000 2.7116
13.0000 2.7954
14.0000 2.9953
15.0000 2.8225
16.0000 2.7074
17.0000 2.5137
18.0000 2.3322
19.0000 2.1547
20.0000 2.0598
21.0000 2.1864
22.0000 2.1594
23.0000 2.0704
24.0000 2.0809
25.0000 1.8814
26.0000 1.8389
27.0000 1.6391
28.0000 1.6135
29.0000 1.6438
30.0000 1.8438
31.0000 1.9218
32.0000 2.1213
33.0000 2.1421
34.0000 2.2608
35.0000 2.3406
36.0000 2.1427
37.0000 2.1190
38.0000 1.9287
39.0000 2.1283
40.0000 2.0136
41.0000 2.1993
42.0000 2.3261
43.0000 2.1452
44.0000 2.2504
45.0000 2.2762
46.0000 2.1634
47.0000 2.3633
48.0000 2.1865
49.0000 2.2763
50.0000 2.3008
51.0000 2.3667
52.0000 2.2548
53.0000 2.0632
54.0000 1.9341
55.0000 1.7345
56.0000 1.5976
57.0000 1.7975
58.0000 1.6187
59.0000 1.5552
60.0000 1.7339
61.0000 1.8348
62.0000 1.8734
63.0000 1.7335
64.0000 1.9221
65.0000 1.9608
66.0000 1.7608
67.0000 1.9607
68.0000 1.9353
69.0000 1.7424
70.0000 1.9290
71.0000 2.0984
72.0000 2.2508
73.0000 2.4489
74.0000 2.4508
75.0000 2.2760
76.0000 2.3703
77.0000 2.3490
78.0000 2.5476
79.0000 2.5318
80.0000 2.3602
81.0000 2.5508
82.0000 2.3657
83.0000 2.4548
84.0000 2.2560
85.0000 2.4318
86.0000 2.3241
87.0000 2.1376
88.0000 2.3325
89.0000 2.3100
90.0000 2.5100
91.0000 2.6299
92.0000 2.4729
93.0000 2.6648
94.0000 2.6949
95.0000 2.5209
96.0000 2.3763
97.0000 2.2135
98.0000 2.1003
99.0000 2.1981
100.0000 2.3107
101.0000 2.2699
102.0000 2.2003
103.0000 2.3946
104.0000 2.4742
105.0000 2.2792
106.0000 2.3749
107.0000 2.4428
108.0000 2.4034
109.0000 2.6021
110.0000 2.8013
111.0000 2.6030
112.0000 2.4593
113.0000 2.2869
114.0000 2.4860
115.0000 2.3329
116.0000 2.2206
117.0000 2.3922
118.0000 2.5919
119.0000 2.3998
120.0000 2.2002
121.0000 2.2440
122.0000 2.2386
123.0000 2.4121
124.0000 2.5706
125.0000 2.6602
126.0000 2.8377
127.0000 2.8551
128.0000 2.8298
129.0000 2.8881
130.0000 2.8276
131.0000 2.8571
132.0000 2.7008
133.0000 2.7271
134.0000 2.7223
135.0000 2.7900
136.0000 2.6896
137.0000 2.8781
138.0000 2.8639
139.0000 2.7978
140.0000 2.8422
141.0000 2.6756
142.0000 2.7585
143.0000 2.7038
144.0000 2.6005
145.0000 2.6483
146.0000 2.4734
147.0000 2.4042
148.0000 2.4297
149.0000 2.3188
150.0000 2.4159
151.0000 2.3079
