1.0000 2.9641
2.0000 3.0330
3.0000 2.8510
4.0000 2.7255
5.0000 2.6021
6.0000 2.6254
7.0000 2.6822
8.0000 2.5918
9.0000 2.4524
10.0000 2.2618
11.0000 2.3870
12.0000 2.5683
13.0000 2.7038
14.0000 2.5867
15.0000 2.4263
16.0000 2.5583
17.0000 2.6023
18.0000 2.7363
19.0000 2.6039
20.0000 2.4528
21.0000 2.2956
22.0000 2.4736
23.0000 2.2787
24.0000 2.2977
25.0000 2.4766
26.0000 2.4872
27.0000 2.4701
28.0000 2.6063
29.0000 2.8055
30.0000 2.9459
31.0000 3.1363
32.0000 3.3181
33.0000 3.4577
34.0000 3.2579
35.0000 3.2428
36.0000 3.4410
37.0000 3.2733
38.0000 3.3545
39.0000 3.3783
40.0000 3.3027
41.0000 3.2441
42.0000 3.0517
43.0000 3.2014
44.0000 3.3004
45.0000 3.4789
46.0000 3.3859
47.0000 3.1972
48.0000 3.3949
49.0000 3.3612
50.0000 3.3787
51.0000 3.5442
52.0000 3.7061
53.0000 3.8584
54.0000 3.7342
55.0000 3.5474
56.0000 3.3703
57.0000 3.4503
58.0000 3.5283
59.0000 3.5139
60.0000 3.7113
61.0000 3.7500
62.0000 3.6892
63.0000 3.8839
64.0000 3.6878
65.0000 3.8428
66.0000 3.8774
67.0000 4.0122
68.0000 4.1928
69.0000 3.9980
70.0000 4.1910
71.0000 4.2213
72.0000 4.3041
73.0000 4.1370
74.0000 4.0257
75.0000 3.8302
76.0000 3.7553
77.0000 3.6485
78.0000 3.5859
79.0000 3.7765
80.0000 3.6095
81.0000 3.4304
82.0000 3.4624
83.0000 3.6463
84.0000 3.7932
85.0000 3.8781
86.0000 3.6792
87.0000 3.8582
88.0000 3.6704
89.0000 3.5531
90.0000 3.5601
91.0000 3.7359
92.0000 3.7247
93.0000 3.5708
94.0000 3.6592
95.0000 3.7058
96.0000 3.5479
97.0000 3.3817
98.0000 3.5143
99.0000 3.7110
100.0000 3.6996
101.0000 3.6076
102.0000 3.7977
103.0000 3.6795
104.0000 3.6091
105.0000 3.5005
106.0000 3.3018
107.0000 3.2967
108.0000 3.4964
109.0000 3.3591
110.0000 3.2806
111.0000 3.0855
112.0000 2.9029
113.0000 3.0318
114.0000 2.8800
115.0000 3.0757
116.0000 3.1071
117.0000 3.3036
118.0000 3.4976
119.0000 3.6391
120.0000 3.7830
121.0000 3.6329
122.0000 3.6060
123.0000 3.4061
124.0000 3.2342
125.0000 3.3210
126.0000 3.1579
127.0000 3.3573
128.0000 3.4873
129.0000 3.3850
130.0000 3.1853
131.0000 3.2014
132.0000 3.0496
133.0000 2.8600
134.0000 3.0594
135.0000 3.1934
136.0000 3.1288
137.0000 3.3250
138.0000 3.1487
139.0000 3.1250
140.0000 3.1920
141.0000 3.0168
142.0000 2.9284
143.0000 3.0716
144.0000 3.2634
145.0000 3.0975
146.0000 3.2839
147.0000 3.1247
148.0000 3.3076
149.0000 3.1215
150.0000 3.2926
151.0000 3.1071
