1.0000 2.9960
2.0000 3.1907
3.0000 3.0935
4.0000 3.1524
5.0000 3.2675
6.0000 3.1806
7.0000 2.9911
8.0000 3.1817
9.0000 3.3816
10.0000 3.5086
11.0000 3.3433
12.0000 3.3465
13.0000 3.2806
14.0000 3.1513
15.0000 3.3513
16.0000 3.5501
17.0000 3.4716
18.0000 3.4177
19.0000 3.3987
20.0000 3.3798
21.0000 3.3448
22.0000 3.3751
23.0000 3.5733
24.0000 3.5882
25.0000 3.6395
26.0000 3.5973
27.0000 3.6752
28.0000 3.5677
29.0000 3.4265
30.0000 3.4569
31.0000 3.2619
32.0000 3.4118
33.0000 3.5029
34.0000 3.3179
35.0000 3.4677
36.0000 3.4594
37.0000 3.5935
38.0000 3.7700
39.0000 3.6678
40.0000 3.8449
41.0000 3.6620
42.0000 3.7422
43.0000 3.5599
44.0000 3.7494
45.0000 3.5840
46.0000 3.4583
47.0000 3.6380
48.0000 3.5096
49.0000 3.4262
50.0000 3.5467
51.0000 3.3818
52.0000 3.3298
53.0000 3.5295
54.0000 3.4758
55.0000 3.4925
56.0000 3.4746
57.0000 3.5077
58.0000 3.6196
59.0000 3.5187
60.0000 3.4863
61.0000 3.5225
62.0000 3.6181
63.0000 3.8155
64.0000 3.9340
65.0000 4.0628
66.0000 4.1327
67.0000 4.0730
68.0000 3.9486
69.0000 4.1101
70.0000 4.0781
71.0000 3.9332
72.0000 3.7467
73.0000 3.6812
74.0000 3.6429
75.0000 3.8377
76.0000 4.0028
77.0000 3.8266
78.0000 3.6398
79.0000 3.4459
80.0000 3.6436
81.0000 3.5291
82.0000 3.6532
83.0000 3.8007
84.0000 4.0007
85.0000 3.8154
86.0000 3.8764
87.0000 4.0655
88.0000 3.9558
89.0000 3.8454
90.0000 3.8226
91.0000 3.7855
92.0000 3.7044
93.0000 3.5996
94.0000 3.7705
95.0000 3.5894
96.0000 3.4047
97.0000 3.3878
98.0000 3.3272
99.0000 3.3176
100.0000 3.5173
101.0000 3.3207
102.0000 3.2565
103.0000 3.1091
104.0000 3.2872
105.0000 3.4104
106.0000 3.4293
107.0000 3.3812
108.0000 3.3891
109.0000 3.3390
110.0000 3.1961
111.0000 3.3958
112.0000 3.2763
113.0000 3.3054
114.0000 3.1675
115.0000 3.0504
116.0000 2.8672
117.0000 2.8389
118.0000 2.8505
119.0000 2.7366
120.0000 2.5429
121.0000 2.3439
122.0000 2.4741
123.0000 2.4582
124.0000 2.2582
125.0000 2.4396
126.0000 2.2919
127.0000 2.4917
128.0000 2.3162
129.0000 2.5152
130.0000 2.3869
131.0000 2.4962
132.0000 2.6068
133.0000 2.4069
134.0000 2.6064
135.0000 2.4135
136.0000 2.5103
137.0000 2.6862
138.0000 2.6322
139.0000 2.8177
140.0000 2.9541
141.0000 3.1212
142.0000 2.9787
143.0000 3.1667
144.0000 3.2907
145.0000 3.1775
146.0000 3.0935
147.0000 3.2897
148.0000 3.1144
149.0000 2.9738
150.0000 2.7751
151.0000 2.5763
