1.0000 3.2466
2.0000 3.1283
3.0000 3.1742
4.0000 3.3325
5.0000 3.3870
6.0000 3.4089
7.0000 3.2364
8.0000 3.4297
9.0000 3.3960
10.0000 3.1961
11.0000 3.1761
12.0000 3.0436
13.0000 2.8818
14.0000 2.7234
15.0000 2.5370
16.0000 2.5576
17.0000 2.4745
18.0000 2.4287
19.0000 2.3103
20.0000 2.5102
21.0000 2.4400
22.0000 2.6292
23.0000 2.5362
24.0000 2.6994
25.0000 2.7888
26.0000 2.6380
27.0000 2.8188
28.0000 2.6335
29.0000 2.8271
30.0000 2.7513
31.0000 2.8499
32.0000 2.9944
33.0000 2.7973
34.0000 2.8272
35.0000 3.0253
36.0000 3.2152
37.0000 3.3463
38.0000 3.1918
39.0000 3.2034
40.0000 3.2787
41.0000 3.1447
42.0000 3.2620
43.0000 3.4117
44.0000 3.6090
45.0000 3.8037
46.0000 3.9083
47.0000 4.0989
48.0000 4.0931
49.0000 3.9987
50.0000 3.8188
51.0000 3.7781
52.0000 3.9443
53.0000 4.1391
54.0000 3.9784
55.0000 3.8409
56.0000 3.7818
57.0000 3.7422
58.0000 3.6065
59.0000 3.8064
60.0000 3.6268
61.0000 3.7169
62.0000 3.5529
63.0000 3.6851
64.0000 3.5051
65.0000 3.3772
66.0000 3.2631
67.0000 3.2841
68.0000 3.3896
69.0000 3.5355
70.0000 3.7353
71.0000 3.8966
72.0000 3.7430
73.0000 3.7838
74.0000 3.9357
75.0000 4.1122
76.0000 4.2987
77.0000 4.1325
78.0000 4.2717
79.0000 4.0786
80.0000 3.8914
81.0000 3.7920
82.0000 3.9273
83.0000 3.8095
84.0000 3.8973
85.0000 3.8022
86.0000 3.6249
87.0000 3.7738
88.0000 3.9681
89.0000 3.8673
90.0000 3.9941
91.0000 4.0788
92.0000 3.8879
93.0000 4.0864
94.0000 3.9382
95.0000 3.8505
96.0000 3.7030
97.0000 3.8245
98.0000 3.8817
99.0000 3.9654
100.0000 4.0583
101.0000 3.8611
102.0000 3.9833
103.0000 3.8076
104.0000 3.9873
105.0000 3.8500
106.0000 3.7262
107.0000 3.5265
108.0000 3.3286
109.0000 3.4694
110.0000 3.3328
111.0000 3.4312
112.0000 3.4478
113.0000 3.6324
114.0000 3.7673
115.0000 3.5896
116.0000 3.6947
117.0000 3.4947
118.0000 3.4751
119.0000 3.6164
120.0000 3.8090
121.0000 4.0043
122.0000 4.0480
123.0000 4.1671
124.0000 4.0985
125.0000 3.8996
126.0000 3.7816
127.0000 3.5916
128.0000 3.7556
129.0000 3.6522
130.0000 3.8309
131.0000 3.8667
132.0000 4.0153
133.0000 4.0909
134.0000 3.8943
135.0000 3.9316
136.0000 3.7841
137.0000 3.5956
138.0000 3.7955
139.0000 3.8505
140.0000 4.0476
141.0000 4.2180
142.0000 4.2995
143.0000 4.3678
144.0000 4.2990
145.0000 4.2008
146.0000 4.0392
147.0000 4.0280
148.0000 3.8463
149.0000 3.6497
150.0000 3.7733
151.0000 3.7409
