1.0000 3.3596
2.0000 3.2362
3.0000 3.4345
4.0000 3.5127
5.0000 3.4085
6.0000 3.4871
7.0000 3.5874
8.0000 3.4637
9.0000 3.2992
10.0000 3.3451
11.0000 3.3873
12.0000 3.2240
13.0000 3.3751
14.0000 3.2988
15.0000 3.1148
16.0000 2.9463
17.0000 3.1430
18.0000 3.0774
19.0000 2.9866
20.0000 3.1433
21.0000 3.1369
22.0000 3.2022
23.0000 3.1401
24.0000 3.2832
25.0000 3.4787
26.0000 3.4490
27.0000 3.6249
28.0000 3.4268
29.0000 3.2579
30.0000 3.3431
31.0000 3.1855
32.0000 2.9861
33.0000 2.8988
34.0000 3.0952
35.0000 3.2952
36.0000 3.1200
37.0000 3.3119
38.0000 3.4537
39.0000 3.4543
40.0000 3.4462
41.0000 3.4160
42.0000 3.4742
43.0000 3.6304
44.0000 3.8021
45.0000 3.6025
46.0000 3.4765
47.0000 3.6620
48.0000 3.4649
49.0000 3.5129
50.0000 3.4782
51.0000 3.3527
52.0000 3.2106
53.0000 3.0202
54.0000 3.0601
55.0000 3.0798
56.0000 3.0974
57.0000 3.0655
58.0000 3.1206
59.0000 3.2633
60.0000 3.2095
61.0000 3.0373
62.0000 2.8804
63.0000 3.0666
64.0000 3.0146
65.0000 2.9825
66.0000 2.7900
67.0000 2.7363
68.0000 2.5363
69.0000 2.4341
70.0000 2.4708
71.0000 2.6494
72.0000 2.4506
73.0000 2.6503
74.0000 2.7415
75.0000 2.6288
76.0000 2.4730
77.0000 2.2814
78.0000 2.1693
79.0000 2.2491
80.0000 2.2359
81.0000 2.0638
82.0000 1.8719
83.0000 1.8651
84.0000 1.8859
85.0000 1.8610
86.0000 1.6646
87.0000 1.6405
88.0000 1.5487
89.0000 1.6640
90.0000 1.8439
91.0000 1.9731
92.0000 1.7788
93.0000 1.6787
94.0000 1.7822
95.0000 1.9494
96.0000 1.7551
97.0000 1.9463
98.0000 1.9600
99.0000 1.7819
100.0000 1.9738
101.0000 2.1675
102.0000 2.0487
103.0000 2.0708
104.0000 2.2623
105.0000 2.4489
106.0000 2.3207
107.0000 2.3765
108.0000 2.1976
109.0000 2.0845
110.0000 1.9642
111.0000 2.0904
112.0000 2.2903
113.0000 2.1404
114.0000 2.3379
115.0000 2.1750
116.0000 2.3095
117.0000 2.1139
118.0000 2.1501
119.0000 2.1243
120.0000 1.9286
121.0000 2.0965
122.0000 1.9984
123.0000 1.9020
124.0000 1.7344
125.0000 1.6076
126.0000 1.5952
127.0000 1.7305
128.0000 1.5417
129.0000 1.5545
130.0000 1.7458
131.0000 1.8981
132.0000 2.0025
133.0000 1.8157
134.0000 1.8585
135.0000 2.0556
136.0000 1.9356
137.0000 1.8224
138.0000 1.7181
139.0000 1.5760
140.0000 1.6115
141.0000 1.7102
142.0000 1.5824
143.0000 1.5462
144.0000 1.5211
145.0000 1.4402
146.0000 1.4059
147.0000 1.2061
148.0000 1.1396
149.0000 1.1713
150.0000 1.0936
151.0000 1.2353
