1.0000 3.3506
2.0000 3.5485
3.0000 3.3646
4.0000 3.5036
5.0000 3.4169
6.0000 3.2198
7.0000 3.3798
8.0000 3.5737
9.0000 3.5289
10.0000 3.3727
11.0000 3.5288
12.0000 3.6508
13.0000 3.4976
14.0000 3.3229
15.0000 3.1343
16.0000 3.2769
17.0000 3.0769
18.0000 3.0246
19.0000 3.1072
20.0000 3.3051
21.0000 3.1382
22.0000 3.0722
23.0000 3.2587
24.0000 3.1464
25.0000 2.9497
26.0000 3.0137
27.0000 2.9616
28.0000 2.9245
29.0000 3.1238
30.0000 2.9384
31.0000 2.8789
32.0000 2.9770
33.0000 2.8296
34.0000 2.9736
35.0000 2.8959
36.0000 2.7738
37.0000 2.7661
38.0000 2.9442
39.0000 3.0945
40.0000 2.9614
41.0000 3.1068
42.0000 3.1887
43.0000 2.9930
44.0000 2.8290
45.0000 2.9316
46.0000 2.7644
47.0000 2.6850
48.0000 2.7115
49.0000 2.6690
50.0000 2.8024
51.0000 2.6231
52.0000 2.7435
53.0000 2.8935
54.0000 2.8858
55.0000 2.6878
56.0000 2.5366
57.0000 2.6575
58.0000 2.5553
59.0000 2.7553
60.0000 2.6306
61.0000 2.8302
62.0000 2.7420
63.0000 2.8943
64.0000 3.0651
65.0000 3.2648
66.0000 3.0667
67.0000 3.0920
68.0000 2.8932
69.0000 3.0428
70.0000 2.8439
71.0000 2.6589
72.0000 2.8528
73.0000 2.9623
74.0000 3.1587
75.0000 3.0457
76.0000 3.1494
77.0000 3.0851
78.0000 2.8862
79.0000 3.0414
80.0000 2.8415
81.0000 2.6425
82.0000 2.6949
83.0000 2.4950
84.0000 2.4835
85.0000 2.3037
86.0000 2.2274
87.0000 2.0395
88.0000 1.8436
89.0000 1.9687
90.0000 2.0008
91.0000 2.0904
92.0000 2.0190
93.0000 2.2169
94.0000 2.0858
95.0000 1.9914
96.0000 2.1540
97.0000 2.1764
98.0000 2.3314
99.0000 2.5310
100.0000 2.4492
101.0000 2.6484
102.0000 2.4502
103.0000 2.2575
104.0000 2.4341
105.0000 2.3252
106.0000 2.1994
107.0000 1.9998
108.0000 1.9716
109.0000 1.9861
110.0000 1.7956
111.0000 1.5956
112.0000 1.4549
113.0000 1.6536
114.0000 1.5682
115.0000 1.4530
116.0000 1.2790
117.0000 1.1679
118.0000 1.1198
119.0000 1.2299
120.0000 1.3315
121.0000 1.4554
122.0000 1.6251
123.0000 1.4659
124.0000 1.2853
125.0000 1.0854
126.0000 1.0390
127.0000 1.0843
128.0000 1.1935
129.0000 1.3934
130.0000 1.2660
131.0000 1.4620
132.0000 1.5147
133.0000 1.5799
134.0000 1.4922
135.0000 1.3542
136.0000 1.4840
137.0000 1.6803
138.0000 1.4818
139.0000 1.3213
140.0000 1.3609
141.0000 1.5470
142.0000 1.5841
143.0000 1.4439
144.0000 1.2839
145.0000 1.1189
146.0000 0.9576
147.0000 1.1364
148.0000 1.0108
149.0000 0.8374
150.0000 1.0370
151.0000 1.1979
