1.0000 3.1471
2.0000 3.2859
3.0000 3.4853
4.0000 3.2883
5.0000 3.2492
6.0000 3.3633
7.0000 3.5438
8.0000 3.3701
9.0000 3.5392
10.0000 3.3553
11.0000 3.2746
12.0000 3.1779
13.0000 3.1071
14.0000 2.9243
15.0000 3.1226
16.0000 2.9474
17.0000 2.9500
18.0000 3.1110
19.0000 2.9757
20.0000 3.0922
21.0000 3.2675
22.0000 3.3515
23.0000 3.2945
24.0000 3.4787
25.0000 3.5256
26.0000 3.3495
27.0000 3.5494
28.0000 3.6079
29.0000 3.7320
30.0000 3.5878
31.0000 3.7876
32.0000 3.6507
33.0000 3.7943
34.0000 3.8439
35.0000 3.9428
36.0000 3.7830
37.0000 3.9165
38.0000 3.8627
39.0000 3.6649
40.0000 3.5328
41.0000 3.6822
42.0000 3.6044
43.0000 3.4090
44.0000 3.2227
45.0000 3.3705
46.0000 3.5492
47.0000 3.7485
48.0000 3.7615
49.0000 3.5927
50.0000 3.5182
51.0000 3.3220
52.0000 3.1555
53.0000 3.2485
54.0000 3.0923
55.0000 3.2921
56.0000 3.3185
57.0000 3.2513
58.0000 3.0697
59.0000 3.2345
60.0000 3.0345
61.0000 2.9327
62.0000 2.7333
63.0000 2.5349
64.0000 2.3356
65.0000 2.3974
66.0000 2.4123
67.0000 2.2180
68.0000 2.0181
69.0000 2.1159
70.0000 1.9573
71.0000 1.9590
72.0000 1.9493
73.0000 1.7779
74.0000 1.7683
75.0000 1.7544
76.0000 1.5563
77.0000 1.7408
78.0000 1.5520
79.0000 1.6140
80.0000 1.4206
81.0000 1.4749
82.0000 1.4220
83.0000 1.2678
84.0000 1.4641
85.0000 1.6639
86.0000 1.8164
87.0000 1.8697
88.0000 1.9702
89.0000 2.1070
90.0000 1.9071
91.0000 1.9644
92.0000 2.1633
93.0000 2.3037
94.0000 2.1954
95.0000 2.0047
96.0000 2.0336
97.0000 1.9601
98.0000 1.9823
99.0000 1.8621
100.0000 1.7679
101.0000 1.8712
102.0000 2.0693
103.0000 2.2216
104.0000 2.1882
105.0000 2.3579
106.0000 2.5253
107.0000 2.7115
108.0000 2.5125
109.0000 2.5314
110.0000 2.4561
111.0000 2.6189
112.0000 2.4419
113.0000 2.4176
114.0000 2.5286
115.0000 2.4035
116.0000 2.4645
117.0000 2.2645
118.0000 2.3652
119.0000 2.1884
120.0000 2.1315
121.0000 2.2357
122.0000 2.2796
123.0000 2.3554
124.0000 2.4963
125.0000 2.4032
126.0000 2.3200
127.0000 2.1520
128.0000 2.2707
129.0000 2.1390
130.0000 2.0725
131.0000 1.8894
132.0000 1.8552
133.0000 1.9814
134.0000 2.0449
135.0000 1.8484
136.0000 1.6984
137.0000 1.7170
138.0000 1.5498
139.0000 1.3763
140.0000 1.1835
141.0000 1.3812
142.0000 1.3096
143.0000 1.3006
144.0000 1.1714
145.0000 1.0095
146.0000 1.1951
147.0000 0.9952
148.0000 1.1653
149.0000 1.0522
150.0000 0.8525
151.0000 0.6527
