1.0000 3.0814
2.0000 2.9099
3.0000 2.7309
4.0000 2.5685
5.0000 2.7362
6.0000 2.8306
7.0000 2.6881
8.0000 2.8235
9.0000 2.9828
10.0000 3.0277
11.0000 3.0559
12.0000 3.2019
13.0000 3.1074
14.0000 2.9434
15.0000 2.8411
16.0000 2.6421
17.0000 2.4429
18.0000 2.6205
19.0000 2.6112
20.0000 2.5313
21.0000 2.5325
22.0000 2.7220
23.0000 2.6119
24.0000 2.6546
25.0000 2.5870
26.0000 2.7809
27.0000 2.9417
28.0000 3.0706
29.0000 3.1238
30.0000 3.0793
31.0000 3.2051
32.0000 3.1882
33.0000 2.9888
34.0000 2.9439
35.0000 3.1357
36.0000 3.3252
37.0000 3.4404
38.0000 3.2947
39.0000 3.3781
40.0000 3.3515
41.0000 3.4877
42.0000 3.5774
43.0000 3.4053
44.0000 3.2054
45.0000 3.2319
46.0000 3.2265
47.0000 3.4260
48.0000 3.4998
49.0000 3.3691
50.0000 3.1823
51.0000 3.3821
52.0000 3.5644
53.0000 3.3950
54.0000 3.5945
55.0000 3.7777
56.0000 3.5951
57.0000 3.7626
58.0000 3.7648
59.0000 3.5746
60.0000 3.7660
61.0000 3.9408
62.0000 3.8274
63.0000 3.6274
64.0000 3.4499
65.0000 3.4941
66.0000 3.6646
67.0000 3.7196
68.0000 3.5556
69.0000 3.6247
70.0000 3.6426
71.0000 3.4428
72.0000 3.3903
73.0000 3.3773
74.0000 3.3446
75.0000 3.1564
76.0000 3.3321
77.0000 3.5308
78.0000 3.3977
79.0000 3.2541
80.0000 3.4017
81.0000 3.2150
82.0000 3.3968
83.0000 3.3082
84.0000 3.1147
85.0000 2.9160
86.0000 2.7196
87.0000 2.5332
88.0000 2.7315
89.0000 2.5954
90.0000 2.6261
91.0000 2.4885
92.0000 2.4405
93.0000 2.5747
94.0000 2.7709
95.0000 2.6056
96.0000 2.5885
97.0000 2.6399
98.0000 2.4403
99.0000 2.4473
100.0000 2.5939
101.0000 2.4155
102.0000 2.2157
103.0000 2.1790
104.0000 2.0788
105.0000 2.2015
106.0000 2.0254
107.0000 1.8394
108.0000 1.8020
109.0000 1.8369
110.0000 1.8425
111.0000 1.8860
112.0000 2.0477
113.0000 2.1976
114.0000 2.1069
115.0000 2.0348
116.0000 1.8431
117.0000 1.8661
118.0000 1.7422
119.0000 1.5583
120.0000 1.4844
121.0000 1.3144
122.0000 1.4909
123.0000 1.5010
124.0000 1.5741
125.0000 1.4806
126.0000 1.6556
127.0000 1.8429
128.0000 1.8844
129.0000 2.0804
130.0000 1.9568
131.0000 1.7824
132.0000 1.8277
133.0000 2.0031
134.0000 2.1293
135.0000 1.9855
136.0000 2.1057
137.0000 2.2946
138.0000 2.1002
139.0000 2.3001
140.0000 2.2947
141.0000 2.4583
142.0000 2.2771
143.0000 2.1919
144.0000 2.0191
145.0000 2.2063
146.0000 2.0793
147.0000 2.1896
148.0000 2.3286
149.0000 2.1290
150.0000 1.9972
151.0000 1.9998
