1.0000 3.2630
2.0000 3.0632
3.0000 2.9910
4.0000 2.8610
5.0000 3.0252
6.0000 2.8314
7.0000 2.9194
8.0000 2.7817
9.0000 2.5836
10.0000 2.4395
11.0000 2.3294
12.0000 2.2008
13.0000 2.2535
14.0000 2.0638
15.0000 2.1087
16.0000 2.1882
17.0000 2.2246
18.0000 2.4177
19.0000 2.2402
20.0000 2.3693
21.0000 2.5672
22.0000 2.7390
23.0000 2.7766
24.0000 2.7068
25.0000 2.5121
26.0000 2.6531
27.0000 2.8269
28.0000 2.7252
29.0000 2.7962
30.0000 2.6521
31.0000 2.6876
32.0000 2.5918
33.0000 2.7601
34.0000 2.6733
35.0000 2.8373
36.0000 2.8805
37.0000 2.9910
38.0000 2.9113
39.0000 2.7724
40.0000 2.9617
41.0000 2.8281
42.0000 2.9478
43.0000 2.8748
44.0000 2.7135
45.0000 2.6836
46.0000 2.8557
47.0000 2.7843
48.0000 2.5980
49.0000 2.5371
50.0000 2.6584
51.0000 2.5602
52.0000 2.5040
53.0000 2.6362
54.0000 2.7052
55.0000 2.8443
56.0000 2.8089
57.0000 2.8532
58.0000 2.9301
59.0000 2.9189
60.0000 2.9407
61.0000 2.8929
62.0000 2.6951
63.0000 2.5867
64.0000 2.3950
65.0000 2.3043
66.0000 2.4265
67.0000 2.4527
68.0000 2.5528
69.0000 2.3982
70.0000 2.5237
71.0000 2.7210
72.0000 2.6086
73.0000 2.6203
74.0000 2.8005
75.0000 2.9043
76.0000 2.9837
77.0000 2.8584
78.0000 2.7883
79.0000 2.6496
80.0000 2.8484
81.0000 2.6559
82.0000 2.4764
83.0000 2.3045
84.0000 2.2231
85.0000 2.2183
86.0000 2.1632
87.0000 2.3425
88.0000 2.5369
89.0000 2.5655
90.0000 2.6185
91.0000 2.8162
92.0000 2.6182
93.0000 2.4471
94.0000 2.3422
95.0000 2.4766
96.0000 2.4316
97.0000 2.2484
98.0000 2.0550
99.0000 2.1909
100.0000 2.0848
101.0000 1.9509
102.0000 2.0816
103.0000 2.2070
104.0000 2.1916
105.0000 2.2403
106.0000 2.4110
107.0000 2.5127
108.0000 2.3981
109.0000 2.2057
110.0000 2.3527
111.0000 2.2656
112.0000 2.2987
113.0000 2.2235
114.0000 2.3187
115.0000 2.4113
116.0000 2.2539
117.0000 2.1966
118.0000 1.9984
119.0000 2.1874
120.0000 2.2860
121.0000 2.2267
122.0000 2.0789
123.0000 1.9567
124.0000 1.8845
125.0000 1.9303
126.0000 2.0792
127.0000 2.2562
128.0000 2.3423
129.0000 2.3430
130.0000 2.4628
131.0000 2.5576
132.0000 2.3980
133.0000 2.4666
134.0000 2.6462
135.0000 2.4532
136.0000 2.5391
137.0000 2.5231
138.0000 2.7139
139.0000 2.7486
140.0000 2.9385
141.0000 3.0987
142.0000 3.0504
143.0000 3.2498
144.0000 3.0583
145.0000 3.0660
146.0000 2.8668
147.0000 2.7115
148.0000 2.5737
149.0000 2.3963
150.0000 2.5312
151.0000 2.4733
