1.0000 3.0032
2.0000 3.0335
3.0000 2.9610
4.0000 3.1459
5.0000 3.1900
6.0000 3.1326
7.0000 3.2786
8.0000 3.0799
9.0000 2.9180
10.0000 2.8277
11.0000 2.8262
12.0000 2.9281
13.0000 2.9743
14.0000 3.0105
15.0000 3.1999
16.0000 3.1934
17.0000 3.0690
18.0000 3.0242
19.0000 2.9143
20.0000 3.0405
21.0000 2.8560
22.0000 2.8642
23.0000 2.9478
24.0000 3.1281
25.0000 3.1928
26.0000 3.3493
27.0000 3.5404
28.0000 3.5655
29.0000 3.7263
30.0000 3.5266
31.0000 3.5397
32.0000 3.4337
33.0000 3.3951
34.0000 3.1978
35.0000 3.0084
36.0000 3.1195
37.0000 2.9860
38.0000 3.1419
39.0000 3.2570
40.0000 3.1554
41.0000 3.1314
42.0000 2.9315
43.0000 3.1112
44.0000 3.1462
45.0000 2.9464
46.0000 2.8538
47.0000 2.7187
48.0000 2.6040
49.0000 2.4286
50.0000 2.5808
51.0000 2.5790
52.0000 2.6070
53.0000 2.7711
54.0000 2.5726
55.0000 2.4068
56.0000 2.2218
57.0000 2.3991
58.0000 2.4195
59.0000 2.2397
60.0000 2.0831
61.0000 1.8847
62.0000 1.7630
63.0000 1.6118
64.0000 1.4484
65.0000 1.3681
66.0000 1.1682
67.0000 0.9713
68.0000 0.8285
69.0000 0.8153
70.0000 0.9128
71.0000 1.0452
72.0000 0.9243
73.0000 0.8993
74.0000 0.9648
75.0000 1.0545
76.0000 1.1760
77.0000 1.2359
78.0000 1.1606
79.0000 1.2317
80.0000 1.1559
81.0000 0.9645
82.0000 1.0135
83.0000 1.0942
84.0000 1.2891
85.0000 1.1119
86.0000 1.1692
87.0000 1.3677
88.0000 1.5666
89.0000 1.4746
90.0000 1.5860
91.0000 1.5021
92.0000 1.5806
93.0000 1.3911
94.0000 1.5329
95.0000 1.5218
96.0000 1.7218
97.0000 1.8936
98.0000 1.7471
99.0000 1.7903
100.0000 1.9657
101.0000 1.9303
102.0000 1.7687
103.0000 1.6437
104.0000 1.4510
105.0000 1.4465
106.0000 1.3692
107.0000 1.5560
108.0000 1.4887
109.0000 1.6629
110.0000 1.5601
111.0000 1.4053
112.0000 1.5954
113.0000 1.4303
114.0000 1.3200
115.0000 1.2993
116.0000 1.4959
117.0000 1.5657
118.0000 1.7540
119.0000 1.8408
120.0000 1.6517
121.0000 1.8416
122.0000 1.6569
123.0000 1.6811
124.0000 1.7665
125.0000 1.6050
126.0000 1.6231
127.0000 1.7139
128.0000 1.6304
129.0000 1.5746
130.0000 1.6922
131.0000 1.8367
132.0000 1.7724
133.0000 1.9710
134.0000 1.7964
135.0000 1.8381
136.0000 1.6566
137.0000 1.4979
138.0000 1.3997
139.0000 1.5275
140.0000 1.3275
141.0000 1.3906
142.0000 1.4982
143.0000 1.4067
144.0000 1.6004
145.0000 1.4364
146.0000 1.5024
147.0000 1.5779
148.0000 1.4322
149.0000 1.5810
150.0000 1.5883
151.0000 1.6915
