1.0000 3.0538
2.0000 3.1863
3.0000 3.3853
4.0000 3.3957
5.0000 3.2504
6.0000 3.4432
7.0000 3.4341
8.0000 3.4565
9.0000 3.4991
10.0000 3.6293
11.0000 3.4353
12.0000 3.4295
13.0000 3.4277
14.0000 3.6064
15.0000 3.7682
16.0000 3.7711
17.0000 3.6186
18.0000 3.8171
19.0000 3.8637
20.0000 3.9149
21.0000 3.7373
22.0000 3.6494
23.0000 3.5417
24.0000 3.3611
25.0000 3.3643
26.0000 3.4040
27.0000 3.5793
28.0000 3.5186
29.0000 3.6787
30.0000 3.5668
31.0000 3.7638
32.0000 3.5841
33.0000 3.4486
34.0000 3.6433
35.0000 3.8270
36.0000 4.0219
37.0000 4.2217
38.0000 4.4112
39.0000 4.2690
40.0000 4.0989
41.0000 3.9749
42.0000 3.8274
43.0000 3.8880
44.0000 3.7506
45.0000 3.6570
46.0000 3.4574
47.0000 3.6567
48.0000 3.4568
49.0000 3.4215
50.0000 3.5174
51.0000 3.6070
52.0000 3.4196
53.0000 3.5974
54.0000 3.5669
55.0000 3.6665
56.0000 3.5541
57.0000 3.6420
58.0000 3.7167
59.0000 3.9084
60.0000 3.9390
61.0000 4.1383
62.0000 3.9406
63.0000 4.0521
64.0000 3.8968
65.0000 3.7255
66.0000 3.5389
67.0000 3.7359
68.0000 3.5512
69.0000 3.6668
70.0000 3.8086
71.0000 3.6110
72.0000 3.5824
73.0000 3.3948
74.0000 3.5580
75.0000 3.3893
76.0000 3.3925
77.0000 3.3733
78.0000 3.4185
79.0000 3.2227
80.0000 3.2354
81.0000 3.2169
82.0000 3.1668
83.0000 3.3665
84.0000 3.1996
85.0000 3.0691
86.0000 3.2437
87.0000 3.2437
88.0000 3.4301
89.0000 3.3615
90.0000 3.4014
91.0000 3.5660
92.0000 3.7286
93.0000 3.6394
94.0000 3.8306
95.0000 3.9814
96.0000 3.9548
97.0000 4.0443
98.0000 3.8736
99.0000 3.9397
100.0000 3.9707
101.0000 3.7707
102.0000 3.6244
103.0000 3.4845
104.0000 3.3736
105.0000 3.5687
106.0000 3.7648
107.0000 3.9546
108.0000 4.0146
109.0000 3.9564
110.0000 4.0200
111.0000 4.0852
112.0000 4.2414
113.0000 4.0928
114.0000 4.1741
115.0000 3.9916
116.0000 3.9801
117.0000 4.1436
118.0000 3.9481
119.0000 3.7808
120.0000 3.5822
121.0000 3.4472
122.0000 3.4331
123.0000 3.6331
124.0000 3.4897
125.0000 3.4823
126.0000 3.4479
127.0000 3.3603
128.0000 3.4358
129.0000 3.5282
130.0000 3.6994
131.0000 3.7045
132.0000 3.7871
133.0000 3.9145
134.0000 4.1128
135.0000 4.1168
136.0000 4.0903
137.0000 4.1234
138.0000 4.1082
139.0000 3.9112
140.0000 3.7478
141.0000 3.8016
142.0000 3.9538
143.0000 3.7541
144.0000 3.7333
145.0000 3.8929
146.0000 4.0473
147.0000 4.2308
148.0000 4.0870
149.0000 4.0209
150.0000 4.0406
151.0000 4.2100
