1.0000 3.0182
2.0000 3.0155
3.0000 3.1890
4.0000 3.3826
5.0000 3.5602
6.0000 3.4222
7.0000 3.4444
8.0000 3.5915
9.0000 3.6736
10.0000 3.6226
11.0000 3.4248
12.0000 3.3205
13.0000 3.4522
14.0000 3.2741
15.0000 3.1155
16.0000 3.2842
17.0000 3.1034
18.0000 3.2301
19.0000 3.4198
20.0000 3.2598
21.0000 3.3851
22.0000 3.3573
23.0000 3.4795
24.0000 3.4728
25.0000 3.5171
26.0000 3.3413
27.0000 3.1421
28.0000 2.9535
29.0000 3.1222
30.0000 2.9263
31.0000 2.7270
32.0000 2.8400
33.0000 3.0116
34.0000 3.1835
35.0000 3.3183
36.0000 3.3457
37.0000 3.5285
38.0000 3.4091
39.0000 3.2495
40.0000 3.2889
41.0000 3.1184
42.0000 3.1582
43.0000 3.3282
44.0000 3.2509
45.0000 3.0512
46.0000 3.1877
47.0000 3.1478
48.0000 3.0792
49.0000 3.2598
50.0000 3.2341
51.0000 3.2978
52.0000 3.4621
53.0000 3.5501
54.0000 3.5546
55.0000 3.4007
56.0000 3.2011
57.0000 3.1084
58.0000 3.2866
59.0000 3.3157
60.0000 3.2922
61.0000 3.2735
62.0000 3.4704
63.0000 3.3585
64.0000 3.3213
65.0000 3.3503
66.0000 3.1527
67.0000 3.0100
68.0000 2.9100
69.0000 2.8111
70.0000 2.9588
71.0000 3.1588
72.0000 3.1909
73.0000 3.1517
74.0000 3.0453
75.0000 3.0310
76.0000 3.2227
77.0000 3.0495
78.0000 3.1880
79.0000 2.9889
80.0000 2.9439
81.0000 3.1204
82.0000 3.3175
83.0000 3.4995
84.0000 3.4504
85.0000 3.5847
86.0000 3.7847
87.0000 3.6510
88.0000 3.5194
89.0000 3.7054
90.0000 3.5333
91.0000 3.6271
92.0000 3.6600
93.0000 3.8270
94.0000 3.6429
95.0000 3.4496
96.0000 3.4300
97.0000 3.5921
98.0000 3.7831
99.0000 3.7682
100.0000 3.7502
101.0000 3.5523
102.0000 3.3528
103.0000 3.3786
104.0000 3.3995
105.0000 3.3961
106.0000 3.3113
107.0000 3.1640
108.0000 3.0798
109.0000 2.8868
110.0000 2.8412
111.0000 3.0412
112.0000 2.9227
113.0000 2.8627
114.0000 2.9598
115.0000 2.9904
116.0000 3.1613
117.0000 3.0535
118.0000 3.2458
119.0000 3.0492
120.0000 3.0284
121.0000 3.1715
122.0000 3.3276
123.0000 3.5219
124.0000 3.4171
125.0000 3.4099
126.0000 3.2444
127.0000 3.1497
128.0000 3.3472
129.0000 3.4376
130.0000 3.6008
131.0000 3.5268
132.0000 3.3402
133.0000 3.2276
134.0000 3.2247
135.0000 3.0835
136.0000 3.1913
137.0000 3.3152
138.0000 3.1365
139.0000 3.2339
140.0000 3.2325
141.0000 3.3781
142.0000 3.4322
143.0000 3.2480
144.0000 3.3874
145.0000 3.3848
146.0000 3.2301
147.0000 3.4039
148.0000 3.6038
149.0000 3.6631
150.0000 3.6367
151.0000 3.8276
