1.0000 3.0833
2.0000 2.8969
3.0000 3.0848
4.0000 3.0107
5.0000 2.8294
6.0000 2.9032
7.0000 2.7940
8.0000 2.8033
9.0000 2.9447
10.0000 2.7876
11.0000 2.8014
12.0000 2.6149
13.0000 2.4152
14.0000 2.5949
15.0000 2.7546
16.0000 2.8183
17.0000 2.6545
18.0000 2.7565
19.0000 2.7838
20.0000 2.8602
21.0000 2.9808
22.0000 2.8711
23.0000 2.7538
24.0000 2.7623
25.0000 2.5756
26.0000 2.4836
27.0000 2.3951
28.0000 2.4881
29.0000 2.5539
30.0000 2.5094
31.0000 2.6590
32.0000 2.4680
33.0000 2.6674
34.0000 2.6611
35.0000 2.4617
36.0000 2.4624
37.0000 2.5278
38.0000 2.4180
39.0000 2.5930
40.0000 2.4296
41.0000 2.4929
42.0000 2.2947
43.0000 2.1652
44.0000 1.9675
45.0000 2.1316
46.0000 1.9331
47.0000 2.0268
48.0000 2.1470
49.0000 2.3215
50.0000 2.4811
51.0000 2.3328
52.0000 2.5327
53.0000 2.4601
54.0000 2.6142
55.0000 2.7124
56.0000 2.7782
57.0000 2.7918
58.0000 2.7119
59.0000 2.7995
60.0000 2.6304
61.0000 2.6838
62.0000 2.8099
63.0000 2.7412
64.0000 2.6605
65.0000 2.8463
66.0000 3.0105
67.0000 3.1985
68.0000 3.1473
69.0000 3.0212
70.0000 3.2090
71.0000 3.2219
72.0000 3.0254
73.0000 2.8260
74.0000 2.8945
75.0000 2.6949
76.0000 2.5985
77.0000 2.5415
78.0000 2.3816
79.0000 2.5230
80.0000 2.6260
81.0000 2.8147
82.0000 2.8408
83.0000 2.9107
84.0000 3.1065
85.0000 3.2553
86.0000 3.4142
87.0000 3.2192
88.0000 3.2851
89.0000 3.4357
90.0000 3.4598
91.0000 3.3865
92.0000 3.5091
93.0000 3.5887
94.0000 3.3888
95.0000 3.5701
96.0000 3.6842
97.0000 3.6134
98.0000 3.8120
99.0000 3.6209
100.0000 3.4213
101.0000 3.2312
102.0000 3.0504
103.0000 2.8822
104.0000 2.6863
105.0000 2.6973
106.0000 2.8963
107.0000 2.7051
108.0000 2.6432
109.0000 2.5420
110.0000 2.5445
111.0000 2.7409
112.0000 2.7037
113.0000 2.6273
114.0000 2.7988
115.0000 2.6189
116.0000 2.6007
117.0000 2.7187
118.0000 2.6357
119.0000 2.4668
120.0000 2.2822
121.0000 2.0979
122.0000 2.2968
123.0000 2.1004
124.0000 2.1368
125.0000 2.2012
126.0000 2.0309
127.0000 2.0241
128.0000 2.2146
129.0000 2.3193
130.0000 2.4000
131.0000 2.4524
132.0000 2.4709
133.0000 2.4607
134.0000 2.5261
135.0000 2.6882
136.0000 2.6336
137.0000 2.7314
138.0000 2.5611
139.0000 2.5194
140.0000 2.6764
141.0000 2.4776
142.0000 2.5076
143.0000 2.5037
144.0000 2.3979
145.0000 2.3589
146.0000 2.1624
147.0000 2.3111
148.0000 2.1203
149.0000 1.9385
150.0000 2.1379
151.0000 2.1889
