1.0000 3.3594
2.0000 3.1929
3.0000 3.2401
4.0000 3.0612
5.0000 2.9775
6.0000 3.0894
7.0000 3.0033
8.0000 2.8128
9.0000 2.6793
10.0000 2.6820
11.0000 2.7823
12.0000 2.7647
13.0000 2.6790
14.0000 2.8754
15.0000 2.7359
16.0000 2.9073
17.0000 3.0695
18.0000 3.0480
19.0000 3.1666
20.0000 3.1707
21.0000 3.0795
22.0000 3.1936
23.0000 3.3626
24.0000 3.2877
25.0000 3.3850
26.0000 3.5466
27.0000 3.7097
28.0000 3.8235
29.0000 3.9547
30.0000 4.0240
31.0000 4.1673
32.0000 4.3344
33.0000 4.1351
34.0000 4.3274
35.0000 4.1546
36.0000 3.9553
37.0000 4.1068
38.0000 3.9165
39.0000 3.8160
40.0000 3.8215
41.0000 3.9558
42.0000 3.8778
43.0000 4.0480
44.0000 4.0287
45.0000 3.8728
46.0000 3.9940
47.0000 4.1098
48.0000 3.9197
49.0000 4.0949
50.0000 3.9515
51.0000 3.7559
52.0000 3.9259
53.0000 3.7282
54.0000 3.5373
55.0000 3.6760
56.0000 3.5797
57.0000 3.5385
58.0000 3.7052
59.0000 3.5234
60.0000 3.6935
61.0000 3.6338
62.0000 3.8337
63.0000 3.6503
64.0000 3.8133
65.0000 3.9136
66.0000 4.1136
67.0000 4.2809
68.0000 4.0812
69.0000 3.9407
70.0000 3.7838
71.0000 3.6292
72.0000 3.4293
73.0000 3.6287
74.0000 3.4754
75.0000 3.4122
76.0000 3.5965
77.0000 3.5436
78.0000 3.7431
79.0000 3.9113
80.0000 3.7648
81.0000 3.5968
82.0000 3.7805
83.0000 3.8311
84.0000 3.7648
85.0000 3.6501
86.0000 3.8256
87.0000 3.8206
88.0000 3.8525
89.0000 3.6574
90.0000 3.6918
91.0000 3.8812
92.0000 4.0732
93.0000 4.0867
94.0000 4.1797
95.0000 4.0000
96.0000 4.1893
97.0000 4.3889
98.0000 4.2108
99.0000 4.0811
100.0000 4.1642
101.0000 4.0827
102.0000 3.8835
103.0000 3.7889
104.0000 3.9050
105.0000 3.7051
106.0000 3.5897
107.0000 3.7577
108.0000 3.6506
109.0000 3.8412
110.0000 3.7269
111.0000 3.5466
112.0000 3.7306
113.0000 3.7403
114.0000 3.9332
115.0000 3.7552
116.0000 3.5912
117.0000 3.4567
118.0000 3.4867
119.0000 3.5667
120.0000 3.3827
121.0000 3.2042
122.0000 3.4041
123.0000 3.4920
124.0000 3.5640
125.0000 3.4425
126.0000 3.5377
127.0000 3.4540
128.0000 3.6457
129.0000 3.6894
130.0000 3.7511
131.0000 3.5648
132.0000 3.5433
133.0000 3.6780
134.0000 3.8414
135.0000 3.6496
136.0000 3.8399
137.0000 4.0137
138.0000 4.0469
139.0000 4.0085
140.0000 3.9514
141.0000 3.7524
142.0000 3.8852
143.0000 4.0094
144.0000 3.8809
145.0000 3.9825
146.0000 3.8204
147.0000 3.6219
148.0000 3.4606
149.0000 3.4200
150.0000 3.5095
151.0000 3.3409
