1.0000 3.2647
2.0000 3.2861
3.0000 3.4841
4.0000 3.3370
5.0000 3.5307
6.0000 3.6565
7.0000 3.5997
8.0000 3.7996
9.0000 3.8047
10.0000 3.6504
11.0000 3.6066
12.0000 3.5900
13.0000 3.3978
14.0000 3.1984
15.0000 3.2563
16.0000 3.2577
17.0000 3.1798
18.0000 3.2607
19.0000 3.3787
20.0000 3.5567
21.0000 3.4761
22.0000 3.2821
23.0000 3.3473
24.0000 3.1487
25.0000 2.9697
26.0000 3.1219
27.0000 3.0924
28.0000 3.1387
29.0000 3.3338
30.0000 3.3670
31.0000 3.5654
32.0000 3.4428
33.0000 3.5877
34.0000 3.6995
35.0000 3.8854
36.0000 3.6930
37.0000 3.7387
38.0000 3.6262
39.0000 3.5970
40.0000 3.3973
41.0000 3.2983
42.0000 3.2477
43.0000 3.4243
44.0000 3.3359
45.0000 3.1432
46.0000 2.9515
47.0000 3.0779
48.0000 3.2607
49.0000 3.1042
50.0000 2.9047
51.0000 2.7820
52.0000 2.9761
53.0000 3.1402
54.0000 3.3391
55.0000 3.4802
56.0000 3.4190
57.0000 3.5309
58.0000 3.3322
59.0000 3.3486
60.0000 3.3093
61.0000 3.2722
62.0000 3.1971
63.0000 3.2511
64.0000 3.4265
65.0000 3.6038
66.0000 3.4232
67.0000 3.3151
68.0000 3.3123
69.0000 3.1144
70.0000 2.9189
71.0000 2.7379
72.0000 2.7155
73.0000 2.8650
74.0000 2.8665
75.0000 2.6718
76.0000 2.8685
77.0000 2.8748
78.0000 3.0634
79.0000 3.1327
80.0000 2.9553
81.0000 2.7555
82.0000 2.8958
83.0000 3.0942
84.0000 2.8981
85.0000 2.7052
86.0000 2.5708
87.0000 2.5147
88.0000 2.3293
89.0000 2.1400
90.0000 2.1991
91.0000 2.3069
92.0000 2.4945
93.0000 2.5559
94.0000 2.4176
95.0000 2.6169
96.0000 2.5462
97.0000 2.7437
98.0000 2.8114
99.0000 2.9840
100.0000 3.1215
101.0000 3.2621
102.0000 3.2187
103.0000 3.0324
104.0000 3.0948
105.0000 3.0596
106.0000 3.1812
107.0000 3.3697
108.0000 3.4579
109.0000 3.6574
110.0000 3.6046
111.0000 3.7948
112.0000 3.8765
113.0000 3.9410
114.0000 4.0686
115.0000 4.1037
116.0000 3.9196
117.0000 3.9007
118.0000 3.8734
119.0000 3.6922
120.0000 3.6860
121.0000 3.6497
122.0000 3.6314
123.0000 3.7033
124.0000 3.7025
125.0000 3.5983
126.0000 3.4891
127.0000 3.5076
128.0000 3.3283
129.0000 3.3117
130.0000 3.4453
131.0000 3.2813
132.0000 3.4798
133.0000 3.3153
134.0000 3.4878
135.0000 3.6786
136.0000 3.6859
137.0000 3.6612
138.0000 3.8312
139.0000 3.8275
140.0000 3.9855
141.0000 3.8723
142.0000 3.6739
143.0000 3.8588
144.0000 3.7133
145.0000 3.5753
146.0000 3.4502
147.0000 3.5184
148.0000 3.6038
149.0000 3.5013
150.0000 3.3292
151.0000 3.1300
