1.0000 2.9631
2.0000 2.9219
3.0000 2.9875
4.0000 2.7918
5.0000 2.8807
6.0000 3.0754
7.0000 3.0718
8.0000 2.8755
9.0000 2.9644
10.0000 3.0451
11.0000 2.8606
12.0000 2.6886
13.0000 2.8879
14.0000 2.8763
15.0000 2.7799
16.0000 2.6176
17.0000 2.4658
18.0000 2.4686
19.0000 2.6115
20.0000 2.4263
21.0000 2.2922
22.0000 2.1605
23.0000 2.3601
24.0000 2.2194
25.0000 2.1896
26.0000 2.1426
27.0000 2.3102
28.0000 2.4579
29.0000 2.2688
30.0000 2.1518
31.0000 2.2376
32.0000 2.2578
33.0000 2.4533
34.0000 2.5489
35.0000 2.7485
36.0000 2.9343
37.0000 2.7579
38.0000 2.6997
39.0000 2.8117
40.0000 2.8064
41.0000 2.9284
42.0000 3.0018
43.0000 2.8021
44.0000 2.6855
45.0000 2.8150
46.0000 2.8325
47.0000 2.6913
48.0000 2.8904
49.0000 3.0781
50.0000 3.2526
51.0000 3.3383
52.0000 3.2340
53.0000 3.1777
54.0000 3.3072
55.0000 3.2173
56.0000 3.4172
57.0000 3.3268
58.0000 3.1421
59.0000 3.2714
60.0000 3.0751
61.0000 2.9267
62.0000 3.1267
63.0000 3.1129
64.0000 3.2363
65.0000 3.3017
66.0000 3.2816
67.0000 3.1575
68.0000 3.2534
69.0000 3.4217
70.0000 3.2649
71.0000 3.4528
72.0000 3.4536
73.0000 3.3488
74.0000 3.2664
75.0000 3.2089
76.0000 3.3272
77.0000 3.2328
78.0000 3.1655
79.0000 3.3274
80.0000 3.1810
81.0000 3.3515
82.0000 3.4050
83.0000 3.2427
84.0000 3.3231
85.0000 3.4296
86.0000 3.3925
87.0000 3.4139
88.0000 3.2409
89.0000 3.0789
90.0000 3.0601
91.0000 3.2135
92.0000 3.1741
93.0000 3.2864
94.0000 3.1605
95.0000 3.2367
96.0000 3.0378
97.0000 2.8924
98.0000 3.0535
99.0000 3.2039
100.0000 3.3778
101.0000 3.3307
102.0000 3.1952
103.0000 3.2796
104.0000 3.3554
105.0000 3.2816
106.0000 3.1419
107.0000 2.9420
108.0000 3.0376
109.0000 2.8467
110.0000 2.7618
111.0000 2.7167
112.0000 2.8313
113.0000 2.8956
114.0000 3.0638
115.0000 2.8639
116.0000 3.0639
117.0000 2.8639
118.0000 2.8177
119.0000 2.6187
120.0000 2.4793
121.0000 2.6730
122.0000 2.4795
123.0000 2.6386
124.0000 2.4522
125.0000 2.2571
126.0000 2.0723
127.0000 1.9068
128.0000 1.7517
129.0000 1.6973
130.0000 1.8131
131.0000 1.6155
132.0000 1.6760
133.0000 1.7140
134.0000 1.5467
135.0000 1.7120
136.0000 1.5850
137.0000 1.4445
138.0000 1.4795
139.0000 1.6656
140.0000 1.4848
141.0000 1.5856
142.0000 1.4662
143.0000 1.4647
144.0000 1.5341
145.0000 1.7335
146.0000 1.8723
147.0000 1.7244
148.0000 1.5685
149.0000 1.5203
150.0000 1.3462
151.0000 1.1921
