1.0000 3.3130
2.0000 3.1506
3.0000 3.1783
4.0000 3.3762
5.0000 3.4160
6.0000 3.3212
7.0000 3.3358
8.0000 3.2492
9.0000 3.0668
10.0000 2.9407
11.0000 3.1320
12.0000 2.9823
13.0000 3.0759
14.0000 3.2740
15.0000 3.3438
16.0000 3.1981
17.0000 3.2000
18.0000 3.0687
19.0000 2.9949
20.0000 2.9843
21.0000 3.0313
22.0000 3.0413
23.0000 2.8616
24.0000 2.9992
25.0000 3.1862
26.0000 3.3447
27.0000 3.1607
28.0000 3.2604
29.0000 3.0615
30.0000 2.8739
31.0000 2.9802
32.0000 2.7846
33.0000 2.6611
34.0000 2.8592
35.0000 2.6911
36.0000 2.7882
37.0000 2.8684
38.0000 2.6876
39.0000 2.5756
40.0000 2.6283
41.0000 2.8170
42.0000 2.7849
43.0000 2.6638
44.0000 2.8314
45.0000 2.9974
46.0000 3.0586
47.0000 3.0822
48.0000 3.0761
49.0000 3.2453
50.0000 3.1499
51.0000 3.0378
52.0000 3.1137
53.0000 3.1927
54.0000 3.1778
55.0000 3.3778
56.0000 3.1778
57.0000 3.2895
58.0000 3.0946
59.0000 3.2036
60.0000 3.0074
61.0000 2.8076
62.0000 2.7054
63.0000 2.6870
64.0000 2.5338
65.0000 2.5147
66.0000 2.6620
67.0000 2.5739
68.0000 2.4243
69.0000 2.5731
70.0000 2.7557
71.0000 2.9371
72.0000 3.0150
73.0000 2.8152
74.0000 2.7818
75.0000 2.5829
76.0000 2.6236
77.0000 2.5964
78.0000 2.7882
79.0000 2.5917
80.0000 2.6155
81.0000 2.5211
82.0000 2.6313
83.0000 2.8273
84.0000 2.6671
85.0000 2.8210
86.0000 2.6270
87.0000 2.7333
88.0000 2.8236
89.0000 2.6470
90.0000 2.8470
91.0000 3.0153
92.0000 3.1345
93.0000 3.1975
94.0000 3.2714
95.0000 3.1803
96.0000 3.3793
97.0000 3.1878
98.0000 3.3367
99.0000 3.3730
100.0000 3.2006
101.0000 3.3633
102.0000 3.5585
103.0000 3.4591
104.0000 3.3589
105.0000 3.3196
106.0000 3.1537
107.0000 3.0763
108.0000 3.0326
109.0000 3.0756
110.0000 3.2204
111.0000 3.0943
112.0000 3.0159
113.0000 2.9726
114.0000 2.9071
115.0000 2.7792
116.0000 2.8338
117.0000 2.6406
118.0000 2.6144
119.0000 2.4380
120.0000 2.5553
121.0000 2.7489
122.0000 2.5637
123.0000 2.6247
124.0000 2.4926
125.0000 2.2942
126.0000 2.0942
127.0000 2.2601
128.0000 2.2501
129.0000 2.4013
130.0000 2.2288
131.0000 2.3122
132.0000 2.1405
133.0000 2.0060
134.0000 1.8508
135.0000 1.8007
136.0000 1.8086
137.0000 1.8898
138.0000 1.8248
139.0000 1.6300
140.0000 1.4701
141.0000 1.2840
142.0000 1.3470
143.0000 1.4672
144.0000 1.5779
145.0000 1.3789
146.0000 1.4866
147.0000 1.4279
148.0000 1.4579
149.0000 1.4349
150.0000 1.2810
151.0000 1.4571
