1.0000 3.2951
2.0000 3.2106
3.0000 3.3591
4.0000 3.5421
5.0000 3.5202
6.0000 3.4189
7.0000 3.5099
8.0000 3.5168
9.0000 3.5834
10.0000 3.4576
11.0000 3.4699
12.0000 3.4955
13.0000 3.5421
14.0000 3.6439
15.0000 3.8358
16.0000 3.6358
17.0000 3.4544
18.0000 3.3835
19.0000 3.3504
20.0000 3.4683
21.0000 3.3664
22.0000 3.5232
23.0000 3.6020
24.0000 3.4109
25.0000 3.5288
26.0000 3.7190
27.0000 3.6055
28.0000 3.8008
29.0000 3.6017
30.0000 3.6356
31.0000 3.6258
32.0000 3.8190
33.0000 3.8624
34.0000 4.0241
35.0000 4.0085
36.0000 3.9433
37.0000 3.9719
38.0000 4.0086
39.0000 3.8523
40.0000 3.6533
41.0000 3.4626
42.0000 3.2794
43.0000 3.3902
44.0000 3.2880
45.0000 3.2896
46.0000 3.3400
47.0000 3.5396
48.0000 3.6124
49.0000 3.7934
50.0000 3.7075
51.0000 3.5721
52.0000 3.6064
53.0000 3.7200
54.0000 3.8037
55.0000 3.7463
56.0000 3.9413
57.0000 3.9195
58.0000 3.8930
59.0000 3.8527
60.0000 4.0446
61.0000 4.1247
62.0000 4.2745
63.0000 4.2070
64.0000 4.1666
65.0000 4.3587
66.0000 4.2973
67.0000 4.1035
68.0000 4.2556
69.0000 4.2039
70.0000 4.1857
71.0000 4.2828
72.0000 4.1504
73.0000 4.1487
74.0000 4.0811
75.0000 4.1875
76.0000 4.1684
77.0000 4.3679
78.0000 4.2080
79.0000 4.4007
80.0000 4.3612
81.0000 4.2104
82.0000 4.3117
83.0000 4.3609
84.0000 4.1713
85.0000 3.9809
86.0000 3.8270
87.0000 3.8687
88.0000 3.8631
89.0000 4.0587
90.0000 4.0001
91.0000 3.8472
92.0000 3.8241
93.0000 3.9990
94.0000 3.8989
95.0000 3.7959
96.0000 3.6022
97.0000 3.4265
98.0000 3.2399
99.0000 3.2237
100.0000 3.4075
101.0000 3.2480
102.0000 3.2933
103.0000 3.3512
104.0000 3.2212
105.0000 3.2771
106.0000 3.1190
107.0000 2.9199
108.0000 3.1111
109.0000 3.3019
110.0000 3.1863
111.0000 3.3793
112.0000 3.2187
113.0000 3.2700
114.0000 3.0790
115.0000 3.2638
116.0000 3.4578
117.0000 3.2709
118.0000 3.3127
119.0000 3.5126
120.0000 3.6378
121.0000 3.7977
122.0000 3.9760
123.0000 3.7797
124.0000 3.6920
125.0000 3.8882
126.0000 3.8456
127.0000 3.9961
128.0000 4.0606
129.0000 4.0865
130.0000 4.0665
131.0000 3.8696
132.0000 3.6696
133.0000 3.7213
134.0000 3.8585
135.0000 3.9294
136.0000 3.9420
137.0000 3.7435
138.0000 3.6781
139.0000 3.7494
140.0000 3.7471
141.0000 3.5566
142.0000 3.6621
143.0000 3.5569
144.0000 3.3652
145.0000 3.1655
146.0000 3.2098
147.0000 3.2505
148.0000 3.4357
149.0000 3.2906
150.0000 3.4861
151.0000 3.3522
