1.0000 3.2301
2.0000 3.3084
3.0000 3.1425
4.0000 3.2607
5.0000 3.1677
6.0000 3.1547
7.0000 2.9603
8.0000 2.9671
9.0000 2.7761
10.0000 2.8070
11.0000 2.6560
12.0000 2.6764
13.0000 2.8213
14.0000 2.9234
15.0000 2.7444
16.0000 2.9163
17.0000 2.7598
18.0000 2.9207
19.0000 2.8528
20.0000 2.9287
21.0000 3.0672
22.0000 3.2410
23.0000 3.1716
24.0000 3.3355
25.0000 3.4336
26.0000 3.3102
27.0000 3.3180
28.0000 3.3189
29.0000 3.3984
30.0000 3.2839
31.0000 3.4419
32.0000 3.2689
33.0000 3.0771
34.0000 2.9892
35.0000 2.8171
36.0000 2.6252
37.0000 2.6177
38.0000 2.5845
39.0000 2.7465
40.0000 2.5884
41.0000 2.6651
42.0000 2.8185
43.0000 2.7608
44.0000 2.8706
45.0000 2.9152
46.0000 3.0722
47.0000 3.1433
48.0000 3.3424
49.0000 3.5417
50.0000 3.3832
51.0000 3.2288
52.0000 3.1251
53.0000 3.3164
54.0000 3.4919
55.0000 3.3437
56.0000 3.1822
57.0000 3.0274
58.0000 3.1290
59.0000 2.9346
60.0000 3.0526
61.0000 2.8651
62.0000 2.6881
63.0000 2.5256
64.0000 2.6391
65.0000 2.8236
66.0000 2.7716
67.0000 2.9699
68.0000 2.7893
69.0000 2.6973
70.0000 2.6366
71.0000 2.5096
72.0000 2.7096
73.0000 2.5487
74.0000 2.7478
75.0000 2.8818
76.0000 2.6997
77.0000 2.6403
78.0000 2.4620
79.0000 2.2726
80.0000 2.3452
81.0000 2.4254
82.0000 2.6108
83.0000 2.5776
84.0000 2.3811
85.0000 2.4386
86.0000 2.5952
87.0000 2.5413
88.0000 2.7386
89.0000 2.7507
90.0000 2.5850
91.0000 2.5584
92.0000 2.6104
93.0000 2.4725
94.0000 2.6236
95.0000 2.7584
96.0000 2.8364
97.0000 2.8462
98.0000 2.9448
99.0000 2.9115
100.0000 2.7121
101.0000 2.6656
102.0000 2.5053
103.0000 2.3115
104.0000 2.4962
105.0000 2.3764
106.0000 2.2269
107.0000 2.1640
108.0000 1.9784
109.0000 2.1684
110.0000 2.3046
111.0000 2.4382
112.0000 2.3731
113.0000 2.5641
114.0000 2.7385
115.0000 2.9041
116.0000 2.8655
117.0000 3.0506
118.0000 2.8826
119.0000 2.8058
120.0000 2.6058
121.0000 2.7513
122.0000 2.7114
123.0000 2.6173
124.0000 2.5730
125.0000 2.4773
126.0000 2.3712
127.0000 2.2993
128.0000 2.1052
129.0000 1.9593
130.0000 1.8490
131.0000 1.7156
132.0000 1.5172
133.0000 1.3924
134.0000 1.5908
135.0000 1.4393
136.0000 1.3071
137.0000 1.2563
138.0000 1.3684
139.0000 1.3253
140.0000 1.1790
141.0000 1.0742
142.0000 1.2712
143.0000 1.1566
144.0000 1.1641
145.0000 1.0090
146.0000 1.2088
147.0000 1.0296
148.0000 1.1519
149.0000 1.2894
150.0000 1.4824
151.0000 1.3213
