1.0000 3.1541
2.0000 3.0128
3.0000 3.2104
4.0000 3.1364
5.0000 3.2372
6.0000 3.0451
7.0000 3.2378
8.0000 3.2334
9.0000 3.3831
10.0000 3.2030
11.0000 3.3542
12.0000 3.4684
13.0000 3.3230
14.0000 3.5201
15.0000 3.7096
16.0000 3.6875
17.0000 3.7417
18.0000 3.6942
19.0000 3.5540
20.0000 3.5536
21.0000 3.7535
22.0000 3.8472
23.0000 3.6553
24.0000 3.7184
25.0000 3.9113
26.0000 4.0794
27.0000 3.9588
28.0000 4.0507
29.0000 3.8607
30.0000 3.9737
31.0000 4.0622
32.0000 3.9505
33.0000 3.7795
34.0000 3.6183
35.0000 3.8055
36.0000 3.7632
37.0000 3.7408
38.0000 3.7751
39.0000 3.6773
40.0000 3.5485
41.0000 3.4677
42.0000 3.3620
43.0000 3.3954
44.0000 3.3476
45.0000 3.4262
46.0000 3.5969
47.0000 3.5150
48.0000 3.5917
49.0000 3.4227
50.0000 3.2509
51.0000 3.4334
52.0000 3.5052
53.0000 3.4299
54.0000 3.4359
55.0000 3.5496
56.0000 3.5496
57.0000 3.5695
58.0000 3.3983
59.0000 3.4146
60.0000 3.4602
61.0000 3.2907
62.0000 3.4498
63.0000 3.3051
64.0000 3.4705
65.0000 3.3061
66.0000 3.1699
67.0000 3.0350
68.0000 2.8374
69.0000 3.0367
70.0000 2.8405
71.0000 2.9350
72.0000 3.1194
73.0000 3.1960
74.0000 3.2185
75.0000 3.1288
76.0000 3.2527
77.0000 3.1514
78.0000 3.0342
79.0000 2.9227
80.0000 2.8175
81.0000 2.9496
82.0000 2.7665
83.0000 2.6482
84.0000 2.8390
85.0000 2.9835
86.0000 2.8529
87.0000 2.6653
88.0000 2.7177
89.0000 2.8914
90.0000 2.7718
91.0000 2.7915
92.0000 2.9912
93.0000 2.8441
94.0000 2.8900
95.0000 2.6912
96.0000 2.7633
97.0000 2.5729
98.0000 2.7509
99.0000 2.9296
100.0000 3.0279
101.0000 3.0880
102.0000 3.2607
103.0000 3.4604
104.0000 3.6587
105.0000 3.4804
106.0000 3.2942
107.0000 3.4150
108.0000 3.2182
109.0000 3.3856
110.0000 3.5767
111.0000 3.4434
112.0000 3.5594
113.0000 3.7594
114.0000 3.6802
115.0000 3.7415
116.0000 3.8766
117.0000 3.7545
118.0000 3.8373
119.0000 3.7040
120.0000 3.6168
121.0000 3.7544
122.0000 3.8277
123.0000 4.0147
124.0000 3.8786
125.0000 3.7577
126.0000 3.5925
127.0000 3.6218
128.0000 3.6100
129.0000 3.6982
130.0000 3.7109
131.0000 3.5543
132.0000 3.3555
133.0000 3.4378
134.0000 3.6365
135.0000 3.6122
136.0000 3.4732
137.0000 3.5502
138.0000 3.7414
139.0000 3.9376
140.0000 3.8805
141.0000 4.0750
142.0000 3.9847
143.0000 3.9404
144.0000 3.8549
145.0000 3.9090
146.0000 3.9150
147.0000 3.8624
148.0000 3.7525
149.0000 3.9285
150.0000 3.9756
151.0000 4.1540
