1.0000 3.3407
2.0000 3.1442
3.0000 3.1152
4.0000 2.9163
5.0000 3.1045
6.0000 2.9234
7.0000 2.7241
8.0000 2.8191
9.0000 2.9115
10.0000 2.7431
11.0000 2.6434
12.0000 2.5838
13.0000 2.4047
14.0000 2.4102
15.0000 2.5425
16.0000 2.5534
17.0000 2.3542
18.0000 2.2827
19.0000 2.4823
20.0000 2.2854
21.0000 2.2474
22.0000 2.1323
23.0000 2.3221
24.0000 2.2695
25.0000 2.1580
26.0000 2.3408
27.0000 2.5407
28.0000 2.5363
29.0000 2.3695
30.0000 2.1706
31.0000 2.2289
32.0000 2.2540
33.0000 2.0870
34.0000 2.2856
35.0000 2.1302
36.0000 2.1539
37.0000 2.2307
38.0000 2.1649
39.0000 1.9686
40.0000 2.1649
41.0000 2.2043
42.0000 2.2215
43.0000 2.0236
44.0000 2.1634
45.0000 2.3460
46.0000 2.1588
47.0000 2.0401
48.0000 1.8424
49.0000 1.7656
50.0000 1.9264
51.0000 1.7895
52.0000 1.6741
53.0000 1.8156
54.0000 1.8828
55.0000 2.0753
56.0000 2.2703
57.0000 2.4696
58.0000 2.3307
59.0000 2.4123
60.0000 2.5794
61.0000 2.4521
62.0000 2.3516
63.0000 2.4703
64.0000 2.2815
65.0000 2.1255
66.0000 1.9596
67.0000 2.0205
68.0000 1.9014
69.0000 1.9900
70.0000 2.1899
71.0000 2.3898
72.0000 2.5765
73.0000 2.7674
74.0000 2.6303
75.0000 2.8222
76.0000 3.0099
77.0000 3.1829
78.0000 3.3277
79.0000 3.4588
80.0000 3.6547
81.0000 3.4751
82.0000 3.3155
83.0000 3.1455
84.0000 3.0853
85.0000 2.8855
86.0000 3.0291
87.0000 2.8661
88.0000 2.9047
89.0000 3.0068
90.0000 2.9231
91.0000 3.1217
92.0000 2.9656
93.0000 2.9492
94.0000 2.9769
95.0000 3.1600
96.0000 3.2428
97.0000 3.3912
98.0000 3.3587
99.0000 3.4582
100.0000 3.5798
101.0000 3.5504
102.0000 3.7496
103.0000 3.5564
104.0000 3.7166
105.0000 3.8132
106.0000 3.8342
107.0000 3.9388
108.0000 3.9028
109.0000 3.7317
110.0000 3.6156
111.0000 3.6930
112.0000 3.6717
113.0000 3.8139
114.0000 3.6612
115.0000 3.7515
116.0000 3.8579
117.0000 4.0149
118.0000 3.9306
119.0000 3.9294
120.0000 3.9269
121.0000 3.9341
122.0000 3.9000
123.0000 4.0953
124.0000 3.9388
125.0000 3.7431
126.0000 3.8614
127.0000 3.8533
128.0000 3.7374
129.0000 3.7749
130.0000 3.7457
131.0000 3.5571
132.0000 3.6887
133.0000 3.8544
134.0000 3.8080
135.0000 3.9900
136.0000 4.0779
137.0000 3.8801
138.0000 3.9595
139.0000 3.9833
140.0000 3.7880
141.0000 3.9792
142.0000 3.8189
143.0000 3.9852
144.0000 3.8347
145.0000 4.0207
146.0000 4.0936
147.0000 4.2251
148.0000 4.1416
149.0000 4.2328
150.0000 4.2230
151.0000 4.0291
