1.0000 3.3580
2.0000 3.5090
3.0000 3.3539
4.0000 3.3280
5.0000 3.1282
6.0000 3.1916
7.0000 3.3653
8.0000 3.5362
9.0000 3.6283
10.0000 3.6731
11.0000 3.5756
12.0000 3.5970
13.0000 3.6591
14.0000 3.4624
15.0000 3.4578
16.0000 3.6482
17.0000 3.4798
18.0000 3.4856
19.0000 3.5901
20.0000 3.6827
21.0000 3.7390
22.0000 3.6565
23.0000 3.4567
24.0000 3.6481
25.0000 3.8393
26.0000 3.8868
27.0000 3.8460
28.0000 3.6527
29.0000 3.5275
30.0000 3.3968
31.0000 3.5957
32.0000 3.7454
33.0000 3.9441
34.0000 4.1414
35.0000 4.1381
36.0000 4.1462
37.0000 4.2140
38.0000 4.3442
39.0000 4.2211
40.0000 4.0852
41.0000 3.9980
42.0000 4.1978
43.0000 4.0900
44.0000 3.9370
45.0000 3.7453
46.0000 3.7077
47.0000 3.9005
48.0000 4.0691
49.0000 3.9367
50.0000 3.7475
51.0000 3.6225
52.0000 3.6997
53.0000 3.8891
54.0000 3.7197
55.0000 3.5502
56.0000 3.4182
57.0000 3.5230
58.0000 3.3262
59.0000 3.1311
60.0000 3.3164
61.0000 3.1437
62.0000 3.2672
63.0000 3.4011
64.0000 3.2750
65.0000 3.2395
66.0000 3.3951
67.0000 3.2719
68.0000 3.1117
69.0000 3.2926
70.0000 3.4153
71.0000 3.2168
72.0000 3.2947
73.0000 3.1071
74.0000 3.1057
75.0000 3.1768
76.0000 2.9779
77.0000 2.9131
78.0000 2.7545
79.0000 2.7135
80.0000 2.7477
81.0000 2.5488
82.0000 2.6075
83.0000 2.6542
84.0000 2.8533
85.0000 2.7112
86.0000 2.5613
87.0000 2.7254
88.0000 2.6346
89.0000 2.4412
90.0000 2.2444
91.0000 2.3405
92.0000 2.3622
93.0000 2.1717
94.0000 2.3717
95.0000 2.1957
96.0000 2.2935
97.0000 2.1771
98.0000 2.3560
99.0000 2.5007
100.0000 2.6751
101.0000 2.4777
102.0000 2.4165
103.0000 2.4421
104.0000 2.6176
105.0000 2.4351
106.0000 2.3259
107.0000 2.4924
108.0000 2.3675
109.0000 2.4246
110.0000 2.3640
111.0000 2.3014
112.0000 2.2402
113.0000 2.0893
114.0000 1.9030
115.0000 1.7030
116.0000 1.8853
117.0000 1.7682
118.0000 1.9093
119.0000 1.7302
120.0000 1.9201
121.0000 2.0874
122.0000 2.0575
123.0000 2.0786
124.0000 2.0751
125.0000 2.2706
126.0000 2.0714
127.0000 2.1776
128.0000 1.9887
129.0000 1.8950
130.0000 1.9899
131.0000 2.1572
132.0000 2.3427
133.0000 2.1466
134.0000 2.3373
135.0000 2.1553
136.0000 2.2147
137.0000 2.1595
138.0000 2.0594
139.0000 2.2277
140.0000 2.0854
141.0000 2.0179
142.0000 1.9076
143.0000 1.7860
144.0000 1.9327
145.0000 2.1267
146.0000 2.3136
147.0000 2.1663
148.0000 1.9886
149.0000 2.0450
150.0000 1.9085
151.0000 2.1054
