1.0000 2.9624
2.0000 3.0877
3.0000 3.1467
4.0000 3.3059
5.0000 3.1485
6.0000 3.0057
7.0000 3.2050
8.0000 3.4045
9.0000 3.5911
10.0000 3.5456
11.0000 3.6072
12.0000 3.4963
13.0000 3.4990
14.0000 3.4551
15.0000 3.2905
16.0000 3.4820
17.0000 3.5397
18.0000 3.7397
19.0000 3.6042
20.0000 3.7087
21.0000 3.5256
22.0000 3.6693
23.0000 3.6293
24.0000 3.4994
25.0000 3.5277
26.0000 3.7175
27.0000 3.7525
28.0000 3.7034
29.0000 3.6440
30.0000 3.4441
31.0000 3.6316
32.0000 3.5878
33.0000 3.3998
34.0000 3.2134
35.0000 3.1988
36.0000 3.0333
37.0000 3.0349
38.0000 3.0181
39.0000 3.0008
40.0000 3.1996
41.0000 3.2459
42.0000 3.2728
43.0000 3.1874
44.0000 3.1444
45.0000 3.3153
46.0000 3.5122
47.0000 3.6461
48.0000 3.4980
49.0000 3.3721
50.0000 3.3673
51.0000 3.5669
52.0000 3.4442
53.0000 3.4757
54.0000 3.3804
55.0000 3.1838
56.0000 3.3673
57.0000 3.3607
58.0000 3.5582
59.0000 3.3584
60.0000 3.4956
61.0000 3.5967
62.0000 3.6023
63.0000 3.6017
64.0000 3.4581
65.0000 3.3796
66.0000 3.2122
67.0000 3.4027
68.0000 3.3935
69.0000 3.4774
70.0000 3.3722
71.0000 3.1731
72.0000 3.2856
73.0000 3.1211
74.0000 3.1903
75.0000 3.0701
76.0000 3.2578
77.0000 3.0818
78.0000 2.9060
79.0000 2.8396
80.0000 3.0384
81.0000 3.0191
82.0000 2.9813
83.0000 2.9207
84.0000 3.1179
85.0000 3.0584
86.0000 3.1297
87.0000 3.2333
88.0000 3.1237
89.0000 3.2918
90.0000 3.2108
91.0000 3.0109
92.0000 3.1226
93.0000 3.1214
94.0000 3.0972
95.0000 2.9600
96.0000 2.9074
97.0000 3.0822
98.0000 3.2821
99.0000 3.3455
100.0000 3.2311
101.0000 3.4292
102.0000 3.5249
103.0000 3.3262
104.0000 3.1262
105.0000 3.3183
106.0000 3.1795
107.0000 3.1393
108.0000 3.3349
109.0000 3.1647
110.0000 3.3641
111.0000 3.3030
112.0000 3.4747
113.0000 3.5224
114.0000 3.5197
115.0000 3.3199
116.0000 3.4557
117.0000 3.4370
118.0000 3.3875
119.0000 3.1945
120.0000 3.3229
121.0000 3.1652
122.0000 3.0663
123.0000 2.9336
124.0000 2.9551
125.0000 2.9939
126.0000 3.1910
127.0000 3.3851
128.0000 3.5535
129.0000 3.5998
130.0000 3.6976
131.0000 3.8451
132.0000 3.9381
133.0000 3.8015
134.0000 3.7460
135.0000 3.8599
136.0000 3.6646
137.0000 3.6740
138.0000 3.6146
139.0000 3.6592
140.0000 3.4881
141.0000 3.4159
142.0000 3.3826
143.0000 3.1827
144.0000 3.0506
145.0000 2.8507
146.0000 2.9453
147.0000 2.7454
148.0000 2.7723
149.0000 2.8673
150.0000 2.9401
151.0000 2.9776
