1.0000 3.3223
2.0000 3.4068
3.0000 3.5001
4.0000 3.5904
5.0000 3.4476
6.0000 3.4042
7.0000 3.3528
8.0000 3.3922
9.0000 3.5088
10.0000 3.5197
11.0000 3.3822
12.0000 3.3014
13.0000 3.3039
14.0000 3.4915
15.0000 3.4439
16.0000 3.6148
17.0000 3.7417
18.0000 3.6319
19.0000 3.8237
20.0000 4.0090
21.0000 3.8955
22.0000 3.7200
23.0000 3.9187
24.0000 4.0277
25.0000 3.8475
26.0000 3.8012
27.0000 3.6397
28.0000 3.4873
29.0000 3.5916
30.0000 3.4930
31.0000 3.3868
32.0000 3.1887
33.0000 3.2662
34.0000 3.0758
35.0000 2.8785
36.0000 2.8457
37.0000 2.6770
38.0000 2.8146
39.0000 2.8683
40.0000 2.9906
41.0000 2.9024
42.0000 2.8193
43.0000 2.6225
44.0000 2.5808
45.0000 2.7743
46.0000 2.9518
47.0000 2.8577
48.0000 3.0000
49.0000 3.0851
50.0000 3.2612
51.0000 3.0653
52.0000 2.8991
53.0000 2.7686
54.0000 2.7233
55.0000 2.7730
56.0000 2.7724
57.0000 2.7287
58.0000 2.9253
59.0000 3.0121
60.0000 3.1770
61.0000 3.1450
62.0000 3.3430
63.0000 3.5329
64.0000 3.3746
65.0000 3.1778
66.0000 3.1670
67.0000 3.3553
68.0000 3.4172
69.0000 3.3909
70.0000 3.2447
71.0000 3.3433
72.0000 3.3000
73.0000 3.4634
74.0000 3.2842
75.0000 3.2800
76.0000 3.4727
77.0000 3.3362
78.0000 3.1638
79.0000 3.1214
80.0000 3.0742
81.0000 3.1290
82.0000 3.0437
83.0000 3.1113
84.0000 3.0631
85.0000 3.2259
86.0000 3.3900
87.0000 3.2104
88.0000 3.2215
89.0000 3.2278
90.0000 3.0495
91.0000 3.2405
92.0000 3.1343
93.0000 3.2721
94.0000 3.0721
95.0000 3.2569
96.0000 3.2167
97.0000 3.4074
98.0000 3.6019
99.0000 3.6088
100.0000 3.4303
101.0000 3.6182
102.0000 3.4747
103.0000 3.3011
104.0000 3.1972
105.0000 3.3830
106.0000 3.1831
107.0000 3.3537
108.0000 3.4090
109.0000 3.2482
110.0000 3.3227
111.0000 3.1445
112.0000 3.3397
113.0000 3.1508
114.0000 3.2371
115.0000 3.1401
116.0000 3.2931
117.0000 3.4904
118.0000 3.6849
119.0000 3.6489
120.0000 3.6987
121.0000 3.8856
122.0000 3.9420
123.0000 3.8916
124.0000 4.0289
125.0000 3.8764
126.0000 4.0253
127.0000 4.0953
128.0000 4.0457
129.0000 4.1397
130.0000 4.1448
131.0000 3.9901
132.0000 4.1538
133.0000 3.9540
134.0000 4.0653
135.0000 4.1599
136.0000 4.2512
137.0000 4.3174
138.0000 4.2380
139.0000 4.0538
140.0000 4.1300
141.0000 4.0362
142.0000 3.8374
143.0000 3.9693
144.0000 3.8043
145.0000 4.0039
146.0000 4.2038
147.0000 4.3815
148.0000 4.2684
149.0000 4.0728
150.0000 4.1330
151.0000 4.2624
