1.0000 3.0696
2.0000 3.2653
3.0000 3.0980
4.0000 3.1984
5.0000 3.1014
6.0000 3.3014
7.0000 3.4853
8.0000 3.4746
9.0000 3.4510
10.0000 3.2522
11.0000 3.4519
12.0000 3.4793
13.0000 3.5554
14.0000 3.3561
15.0000 3.4663
16.0000 3.4771
17.0000 3.6118
18.0000 3.4679
19.0000 3.5026
20.0000 3.3035
21.0000 3.2041
22.0000 3.2626
23.0000 3.4450
24.0000 3.2939
25.0000 3.3298
26.0000 3.3290
27.0000 3.4085
28.0000 3.2743
29.0000 3.4705
30.0000 3.5583
31.0000 3.7537
32.0000 3.8315
33.0000 3.9219
34.0000 4.0436
35.0000 3.9232
36.0000 3.7938
37.0000 3.6405
38.0000 3.7193
39.0000 3.6006
40.0000 3.5313
41.0000 3.3561
42.0000 3.4819
43.0000 3.3640
44.0000 3.1824
45.0000 2.9960
46.0000 2.9084
47.0000 3.0163
48.0000 2.8274
49.0000 2.9003
50.0000 2.7618
51.0000 2.9203
52.0000 2.8162
53.0000 2.6181
54.0000 2.4654
55.0000 2.6649
56.0000 2.5624
57.0000 2.3815
58.0000 2.2239
59.0000 2.3355
60.0000 2.2757
61.0000 2.3224
62.0000 2.1745
63.0000 2.1082
64.0000 1.9544
65.0000 1.9148
66.0000 1.9736
67.0000 2.1710
68.0000 2.1690
69.0000 2.0905
70.0000 2.0603
71.0000 1.9955
72.0000 1.8111
73.0000 2.0103
74.0000 2.1580
75.0000 1.9700
76.0000 1.9335
77.0000 1.8438
78.0000 1.7658
79.0000 1.8458
80.0000 1.9225
81.0000 2.0641
82.0000 1.8660
83.0000 1.7059
84.0000 1.5954
85.0000 1.3966
86.0000 1.5965
87.0000 1.6754
88.0000 1.8252
89.0000 1.8656
90.0000 2.0061
91.0000 1.8282
92.0000 1.9816
93.0000 1.7817
94.0000 1.9528
95.0000 1.7624
96.0000 1.6264
97.0000 1.7984
98.0000 1.6306
99.0000 1.6281
100.0000 1.8111
101.0000 1.8946
102.0000 1.7547
103.0000 1.5812
104.0000 1.7623
105.0000 1.5918
106.0000 1.5301
107.0000 1.3470
108.0000 1.2361
109.0000 1.3355
110.0000 1.1485
111.0000 0.9926
112.0000 1.1652
113.0000 1.2263
114.0000 1.1613
115.0000 0.9688
116.0000 0.9118
117.0000 0.7615
118.0000 0.5766
119.0000 0.4275
120.0000 0.5758
121.0000 0.6183
122.0000 0.6858
123.0000 0.7150
124.0000 0.6011
125.0000 0.7430
126.0000 0.5825
127.0000 0.7252
128.0000 0.6999
129.0000 0.5793
130.0000 0.6092
131.0000 0.5165
132.0000 0.6009
133.0000 0.5090
134.0000 0.3876
135.0000 0.2184
136.0000 0.3248
137.0000 0.3494
138.0000 0.1671
139.0000 0.2488
140.0000 0.2440
141.0000 0.3359
142.0000 0.3908
143.0000 0.4087
144.0000 0.3330
145.0000 0.3974
146.0000 0.3945
147.0000 0.1972
148.0000 0.3689
149.0000 0.4860
150.0000 0.5175
151.0000 0.7069
