1.0000 3.3360
2.0000 3.4370
3.0000 3.2489
4.0000 3.0510
5.0000 3.0775
6.0000 3.0954
7.0000 2.9350
8.0000 2.9260
9.0000 2.9491
10.0000 2.9378
11.0000 2.8138
12.0000 3.0082
13.0000 2.9311
14.0000 2.7369
15.0000 2.6868
16.0000 2.5162
17.0000 2.4435
18.0000 2.5930
19.0000 2.6889
20.0000 2.5352
21.0000 2.6843
22.0000 2.8783
23.0000 3.0770
24.0000 3.0506
25.0000 3.1612
26.0000 2.9641
27.0000 3.1358
28.0000 3.1211
29.0000 3.0776
30.0000 2.9206
31.0000 2.9030
32.0000 3.1030
33.0000 2.9042
34.0000 2.7085
35.0000 2.8584
36.0000 3.0184
37.0000 2.9167
38.0000 2.8217
39.0000 2.6277
40.0000 2.5913
41.0000 2.7697
42.0000 2.6172
43.0000 2.4602
44.0000 2.2627
45.0000 2.0663
46.0000 1.9095
47.0000 2.0838
48.0000 2.2330
49.0000 2.3734
50.0000 2.5678
51.0000 2.7097
52.0000 2.6789
53.0000 2.4789
54.0000 2.4465
55.0000 2.5289
56.0000 2.3690
57.0000 2.4644
58.0000 2.3694
59.0000 2.2519
60.0000 2.4205
61.0000 2.3575
62.0000 2.1995
63.0000 2.2220
64.0000 2.3557
65.0000 2.5553
66.0000 2.5934
67.0000 2.4859
68.0000 2.3096
69.0000 2.4302
70.0000 2.3604
71.0000 2.1724
72.0000 2.3290
73.0000 2.4599
74.0000 2.3140
75.0000 2.4629
76.0000 2.4393
77.0000 2.5046
78.0000 2.3723
79.0000 2.3449
80.0000 2.4686
81.0000 2.3125
82.0000 2.3296
83.0000 2.3097
84.0000 2.5050
85.0000 2.5874
86.0000 2.5108
87.0000 2.5328
88.0000 2.7221
89.0000 2.9213
90.0000 3.1019
91.0000 3.2416
92.0000 3.1202
93.0000 2.9961
94.0000 2.8779
95.0000 2.6997
96.0000 2.6135
97.0000 2.5539
98.0000 2.7535
99.0000 2.9443
100.0000 3.0594
101.0000 3.1572
102.0000 3.0598
103.0000 2.9158
104.0000 2.8268
105.0000 2.6545
106.0000 2.5591
107.0000 2.3750
108.0000 2.5685
109.0000 2.4993
110.0000 2.3184
111.0000 2.1276
112.0000 1.9497
113.0000 1.9675
114.0000 2.1327
115.0000 2.2061
116.0000 2.2322
117.0000 2.2721
118.0000 2.4664
119.0000 2.2965
120.0000 2.2450
121.0000 2.1642
122.0000 2.3603
123.0000 2.2080
124.0000 2.3465
125.0000 2.5200
126.0000 2.4027
127.0000 2.5980
128.0000 2.4295
129.0000 2.5401
130.0000 2.7236
131.0000 2.9197
132.0000 2.9544
133.0000 2.9268
134.0000 3.1012
135.0000 3.1199
136.0000 3.1871
137.0000 3.1925
138.0000 3.0906
139.0000 2.9746
140.0000 2.9529
141.0000 2.8429
142.0000 2.9588
143.0000 3.0657
144.0000 2.9565
145.0000 3.0802
146.0000 3.2555
147.0000 3.1467
148.0000 3.2248
149.0000 3.0507
150.0000 2.8822
151.0000 3.0331
