1.0000 3.0752
2.0000 3.0875
3.0000 3.2485
4.0000 3.3417
5.0000 3.5111
6.0000 3.3200
7.0000 3.2023
8.0000 3.2732
9.0000 3.1886
10.0000 3.0103
11.0000 2.9623
12.0000 2.7866
13.0000 2.5904
14.0000 2.7837
15.0000 2.6153
16.0000 2.5495
17.0000 2.3567
18.0000 2.1588
19.0000 2.2062
20.0000 2.0207
21.0000 1.8289
22.0000 1.7617
23.0000 1.5967
24.0000 1.7765
25.0000 1.7708
26.0000 1.5734
27.0000 1.3833
28.0000 1.2687
29.0000 1.4616
30.0000 1.6253
31.0000 1.4341
32.0000 1.6341
33.0000 1.5445
34.0000 1.3448
35.0000 1.5005
36.0000 1.3409
37.0000 1.1549
38.0000 1.0411
39.0000 1.2259
40.0000 1.3571
41.0000 1.4752
42.0000 1.6647
43.0000 1.8608
44.0000 2.0259
45.0000 1.8346
46.0000 1.7173
47.0000 1.8667
48.0000 1.6676
49.0000 1.4687
50.0000 1.6328
51.0000 1.8265
52.0000 1.8305
53.0000 1.8643
54.0000 1.6651
55.0000 1.5345
56.0000 1.3669
57.0000 1.2858
58.0000 1.2887
59.0000 1.0914
60.0000 1.2676
61.0000 1.0850
62.0000 1.0838
63.0000 1.0826
64.0000 1.1653
65.0000 1.3538
66.0000 1.5185
67.0000 1.7068
68.0000 1.8372
69.0000 2.0363
70.0000 2.2326
71.0000 2.0338
72.0000 1.9092
73.0000 1.9816
74.0000 2.0313
75.0000 2.1642
76.0000 2.0973
77.0000 1.9063
78.0000 1.9890
79.0000 1.8906
80.0000 1.7231
81.0000 1.9004
82.0000 1.9750
83.0000 1.9392
84.0000 1.9062
85.0000 1.8344
86.0000 1.7660
87.0000 1.9398
88.0000 1.7551
89.0000 1.5571
90.0000 1.3735
91.0000 1.4259
92.0000 1.4847
93.0000 1.4179
94.0000 1.5730
95.0000 1.7614
96.0000 1.8570
97.0000 1.8592
98.0000 1.9915
99.0000 2.0293
100.0000 2.0672
101.0000 1.8674
102.0000 1.7247
103.0000 1.8192
104.0000 1.9814
105.0000 1.9311
106.0000 1.7697
107.0000 1.9227
108.0000 1.7555
109.0000 1.6050
110.0000 1.6734
111.0000 1.6715
112.0000 1.8297
113.0000 1.6926
114.0000 1.8926
115.0000 2.0826
116.0000 1.8828
117.0000 1.7840
118.0000 1.6081
119.0000 1.7767
120.0000 1.7045
121.0000 1.5369
122.0000 1.3476
123.0000 1.3327
124.0000 1.5162
125.0000 1.7030
126.0000 1.5036
127.0000 1.3050
128.0000 1.3746
129.0000 1.2897
130.0000 1.4689
131.0000 1.6530
132.0000 1.4557
133.0000 1.6433
134.0000 1.4606
135.0000 1.4637
136.0000 1.6266
137.0000 1.4478
138.0000 1.2819
139.0000 1.3549
140.0000 1.1601
141.0000 1.1844
142.0000 1.3618
143.0000 1.4916
144.0000 1.3097
145.0000 1.3729
146.0000 1.4423
147.0000 1.2780
148.0000 1.4734
149.0000 1.5739
150.0000 1.7325
151.0000 1.5416
