1.0000 3.1894
2.0000 3.1407
3.0000 3.0494
4.0000 2.9949
5.0000 2.8038
6.0000 2.9204
7.0000 2.7304
8.0000 2.6299
9.0000 2.4740
10.0000 2.2868
11.0000 2.1529
12.0000 2.1972
13.0000 2.3867
14.0000 2.5418
15.0000 2.4908
16.0000 2.4460
17.0000 2.4190
18.0000 2.6177
19.0000 2.4180
20.0000 2.6147
21.0000 2.7609
22.0000 2.8687
23.0000 2.6949
24.0000 2.5367
25.0000 2.3560
26.0000 2.4976
27.0000 2.6499
28.0000 2.6091
29.0000 2.4231
30.0000 2.6036
31.0000 2.7988
32.0000 2.6237
33.0000 2.5286
34.0000 2.3851
35.0000 2.1950
36.0000 2.2553
37.0000 2.0674
38.0000 2.1295
39.0000 2.0328
40.0000 1.8663
41.0000 1.9009
42.0000 2.0749
43.0000 2.1289
44.0000 1.9316
45.0000 1.9449
46.0000 1.7464
47.0000 1.8787
48.0000 2.0371
49.0000 1.9241
50.0000 1.7246
51.0000 1.5361
52.0000 1.5144
53.0000 1.4977
54.0000 1.6897
55.0000 1.8404
56.0000 1.9955
57.0000 1.7966
58.0000 1.8108
59.0000 1.6589
60.0000 1.4745
61.0000 1.6548
62.0000 1.4797
63.0000 1.6207
64.0000 1.5180
65.0000 1.4133
66.0000 1.6133
67.0000 1.5037
68.0000 1.5083
69.0000 1.3128
70.0000 1.4261
71.0000 1.3772
72.0000 1.3189
73.0000 1.5123
74.0000 1.6914
75.0000 1.8878
76.0000 2.0870
77.0000 2.1425
78.0000 2.0824
79.0000 1.9191
80.0000 1.9231
81.0000 2.0873
82.0000 1.8934
83.0000 1.7719
84.0000 1.8654
85.0000 1.6707
86.0000 1.5326
87.0000 1.6733
88.0000 1.4968
89.0000 1.5515
90.0000 1.5717
91.0000 1.4146
92.0000 1.2663
93.0000 1.1323
94.0000 1.2257
95.0000 1.4256
96.0000 1.4930
97.0000 1.3461
98.0000 1.4608
99.0000 1.2609
100.0000 1.0976
101.0000 0.9767
102.0000 0.7813
103.0000 0.9728
104.0000 1.1580
105.0000 1.1701
106.0000 1.2452
107.0000 1.0509
108.0000 1.1628
109.0000 1.2803
110.0000 1.4584
111.0000 1.6202
112.0000 1.7440
113.0000 1.8863
114.0000 1.7064
115.0000 1.5909
116.0000 1.4358
117.0000 1.6243
118.0000 1.6121
119.0000 1.5711
120.0000 1.7435
121.0000 1.8767
122.0000 1.9728
123.0000 2.0923
124.0000 1.9584
125.0000 1.7921
126.0000 1.8570
127.0000 1.7093
128.0000 1.8940
129.0000 1.7895
130.0000 1.6730
131.0000 1.4977
132.0000 1.5660
133.0000 1.7571
134.0000 1.5577
135.0000 1.6291
136.0000 1.5303
137.0000 1.7099
138.0000 1.5604
139.0000 1.7597
140.0000 1.6617
141.0000 1.5310
142.0000 1.7301
143.0000 1.8206
144.0000 1.9396
145.0000 2.1306
146.0000 1.9789
147.0000 2.1217
148.0000 2.0884
149.0000 2.2391
150.0000 2.1206
151.0000 1.9375
