1.0000 3.2795
2.0000 3.2925
3.0000 3.4281
4.0000 3.5001
5.0000 3.4696
6.0000 3.5904
7.0000 3.5288
8.0000 3.4964
9.0000 3.6153
10.0000 3.4995
11.0000 3.5719
12.0000 3.4975
13.0000 3.3035
14.0000 3.4613
15.0000 3.2672
16.0000 3.2921
17.0000 3.2911
18.0000 3.4505
19.0000 3.4714
20.0000 3.5815
21.0000 3.4482
22.0000 3.5691
23.0000 3.4134
24.0000 3.5720
25.0000 3.4992
26.0000 3.5089
27.0000 3.6649
28.0000 3.7937
29.0000 3.5937
30.0000 3.4154
31.0000 3.5011
32.0000 3.6505
33.0000 3.6327
34.0000 3.7952
35.0000 3.5987
36.0000 3.4016
37.0000 3.2499
38.0000 3.1203
39.0000 3.1781
40.0000 3.1195
41.0000 2.9218
42.0000 2.8232
43.0000 2.9206
44.0000 3.1040
45.0000 3.2772
46.0000 3.0955
47.0000 2.9127
48.0000 3.0676
49.0000 2.9548
50.0000 3.0370
51.0000 2.9788
52.0000 2.7812
53.0000 2.5844
54.0000 2.5658
55.0000 2.3729
56.0000 2.4079
57.0000 2.3462
58.0000 2.1466
59.0000 2.0908
60.0000 2.2860
61.0000 2.1425
62.0000 2.1523
63.0000 1.9545
64.0000 1.9037
65.0000 1.7086
66.0000 1.8088
67.0000 1.7067
68.0000 1.8936
69.0000 2.0089
70.0000 2.1909
71.0000 2.3909
72.0000 2.5344
73.0000 2.7343
74.0000 2.5491
75.0000 2.5829
76.0000 2.3859
77.0000 2.3037
78.0000 2.1326
79.0000 1.9326
80.0000 2.0602
81.0000 1.9666
82.0000 1.8274
83.0000 1.9265
84.0000 1.8674
85.0000 2.0624
86.0000 1.8936
87.0000 2.0547
88.0000 2.1148
89.0000 2.3105
90.0000 2.4113
91.0000 2.2817
92.0000 2.4207
93.0000 2.6007
94.0000 2.4575
95.0000 2.2772
96.0000 2.0926
97.0000 2.2907
98.0000 2.2785
99.0000 2.4621
100.0000 2.6361
101.0000 2.5287
102.0000 2.6929
103.0000 2.4930
104.0000 2.6238
105.0000 2.6191
106.0000 2.7534
107.0000 2.9513
108.0000 2.7588
109.0000 2.9536
110.0000 3.0434
111.0000 2.9298
112.0000 2.7723
113.0000 2.7044
114.0000 2.7748
115.0000 2.5814
116.0000 2.7655
117.0000 2.5806
118.0000 2.6572
119.0000 2.5741
120.0000 2.5918
121.0000 2.6455
122.0000 2.5227
123.0000 2.6904
124.0000 2.5461
125.0000 2.6386
126.0000 2.7958
127.0000 2.7116
128.0000 2.5499
129.0000 2.6906
130.0000 2.5037
131.0000 2.4374
132.0000 2.2466
133.0000 2.0849
134.0000 1.9462
135.0000 1.7969
136.0000 1.6023
137.0000 1.7182
138.0000 1.9091
139.0000 2.0886
140.0000 2.2197
141.0000 2.3183
142.0000 2.4723
143.0000 2.3534
144.0000 2.1769
145.0000 2.3753
146.0000 2.1955
147.0000 2.3747
148.0000 2.1934
149.0000 2.3133
150.0000 2.1217
151.0000 2.3197
