1.0000 3.1178
2.0000 2.9336
3.0000 3.1309
4.0000 3.2630
5.0000 3.1028
6.0000 3.2877
7.0000 3.1550
8.0000 3.1405
9.0000 3.1788
10.0000 3.2623
11.0000 3.2209
12.0000 3.4185
13.0000 3.4158
14.0000 3.6137
15.0000 3.6245
16.0000 3.7361
17.0000 3.6800
18.0000 3.7344
19.0000 3.7999
20.0000 3.8487
21.0000 4.0395
22.0000 3.9489
23.0000 3.9291
24.0000 3.7411
25.0000 3.5414
26.0000 3.5647
27.0000 3.5955
28.0000 3.7524
29.0000 3.6755
30.0000 3.6150
31.0000 3.7791
32.0000 3.9680
33.0000 3.9302
34.0000 3.9864
35.0000 4.1691
36.0000 3.9920
37.0000 4.1289
38.0000 4.3238
39.0000 4.2156
40.0000 4.2996
41.0000 4.3103
42.0000 4.1103
43.0000 3.9314
44.0000 4.1283
45.0000 4.0922
46.0000 3.9000
47.0000 4.0512
48.0000 4.0310
49.0000 3.8500
50.0000 3.6505
51.0000 3.6460
52.0000 3.8458
53.0000 3.6627
54.0000 3.4999
55.0000 3.4598
56.0000 3.2954
57.0000 3.4949
58.0000 3.6808
59.0000 3.5670
60.0000 3.7011
61.0000 3.6855
62.0000 3.4889
63.0000 3.6554
64.0000 3.8327
65.0000 3.8514
66.0000 4.0391
67.0000 3.8608
68.0000 3.9135
69.0000 3.9737
70.0000 4.1183
71.0000 4.0376
72.0000 4.0846
73.0000 3.9371
74.0000 4.1349
75.0000 3.9390
76.0000 4.1024
77.0000 4.1037
78.0000 3.9941
79.0000 3.9411
80.0000 4.1128
81.0000 3.9373
82.0000 4.1099
83.0000 4.1011
84.0000 4.1003
85.0000 3.9589
86.0000 4.0980
87.0000 4.1152
88.0000 3.9440
89.0000 3.7440
90.0000 3.5623
91.0000 3.3631
92.0000 3.2139
93.0000 3.0191
94.0000 3.2069
95.0000 3.2732
96.0000 3.4179
97.0000 3.3335
98.0000 3.5196
99.0000 3.3670
100.0000 3.5408
101.0000 3.5799
102.0000 3.5558
103.0000 3.3599
104.0000 3.1960
105.0000 3.3357
106.0000 3.2695
107.0000 3.1659
108.0000 3.3496
109.0000 3.3380
110.0000 3.5116
111.0000 3.6306
112.0000 3.7907
113.0000 3.9337
114.0000 3.8972
115.0000 3.7848
116.0000 3.9775
117.0000 3.8602
118.0000 3.7084
119.0000 3.8892
120.0000 3.8300
121.0000 3.8448
122.0000 3.6855
123.0000 3.6801
124.0000 3.8676
125.0000 4.0059
126.0000 3.9635
127.0000 4.1581
128.0000 4.0568
129.0000 4.0375
130.0000 3.9280
131.0000 3.7409
132.0000 3.9054
133.0000 3.7528
134.0000 3.8284
135.0000 3.7722
136.0000 3.5958
137.0000 3.4196
138.0000 3.4665
139.0000 3.4398
140.0000 3.5995
141.0000 3.4836
142.0000 3.6332
143.0000 3.8173
144.0000 3.8223
145.0000 3.9835
146.0000 4.1150
147.0000 3.9833
148.0000 4.1763
149.0000 4.0543
150.0000 3.9425
151.0000 4.1401
