1.0000 3.3534
2.0000 3.3148
3.0000 3.3621
4.0000 3.4979
5.0000 3.3219
6.0000 3.1297
7.0000 2.9326
8.0000 3.1246
9.0000 3.0099
10.0000 3.2097
11.0000 3.2301
12.0000 3.3853
13.0000 3.5716
14.0000 3.3722
15.0000 3.1742
16.0000 2.9748
17.0000 3.1556
18.0000 3.3539
19.0000 3.2353
20.0000 3.0599
21.0000 2.8969
22.0000 3.0633
23.0000 2.9805
24.0000 3.0360
25.0000 2.8981
26.0000 2.8634
27.0000 2.7938
28.0000 2.9892
29.0000 2.8253
30.0000 2.8477
31.0000 2.7372
32.0000 2.9177
33.0000 3.0346
34.0000 2.8458
35.0000 2.8519
36.0000 2.9836
37.0000 3.1398
38.0000 3.2712
39.0000 3.4645
40.0000 3.6036
41.0000 3.7226
42.0000 3.8697
43.0000 3.7991
44.0000 3.5994
45.0000 3.5019
46.0000 3.6699
47.0000 3.4900
48.0000 3.3514
49.0000 3.5338
50.0000 3.4464
51.0000 3.6157
52.0000 3.7797
53.0000 3.5798
54.0000 3.5068
55.0000 3.4160
56.0000 3.4969
57.0000 3.5391
58.0000 3.6809
59.0000 3.6429
60.0000 3.6575
61.0000 3.7885
62.0000 3.8279
63.0000 3.6857
64.0000 3.6478
65.0000 3.7489
66.0000 3.7759
67.0000 3.8684
68.0000 4.0168
69.0000 4.1185
70.0000 3.9393
71.0000 4.1209
72.0000 4.0057
73.0000 3.8060
74.0000 3.9868
75.0000 4.0555
76.0000 4.0142
77.0000 3.8145
78.0000 3.6864
79.0000 3.8566
80.0000 3.7272
81.0000 3.8724
82.0000 3.7019
83.0000 3.5030
84.0000 3.3286
85.0000 3.4501
86.0000 3.2623
87.0000 3.4558
88.0000 3.4117
89.0000 3.2357
90.0000 3.2232
91.0000 3.4150
92.0000 3.5573
93.0000 3.6576
94.0000 3.4618
95.0000 3.6295
96.0000 3.7645
97.0000 3.8561
98.0000 3.6697
99.0000 3.7673
100.0000 3.6906
101.0000 3.6375
102.0000 3.6160
103.0000 3.7687
104.0000 3.8569
105.0000 3.6767
106.0000 3.4784
107.0000 3.5722
108.0000 3.4406
109.0000 3.2644
110.0000 3.3427
111.0000 3.1758
112.0000 3.0906
113.0000 3.1770
114.0000 3.0389
115.0000 2.8457
116.0000 2.6515
117.0000 2.4685
118.0000 2.5880
119.0000 2.7116
120.0000 2.9102
121.0000 3.1079
122.0000 2.9082
123.0000 3.0176
124.0000 3.2034
125.0000 3.2673
126.0000 3.3641
127.0000 3.5022
128.0000 3.6430
129.0000 3.7715
130.0000 3.9712
131.0000 4.1451
132.0000 4.1083
133.0000 3.9912
134.0000 4.1025
135.0000 3.9101
136.0000 3.7198
137.0000 3.9194
138.0000 3.7493
139.0000 3.8923
140.0000 4.0685
141.0000 4.0730
142.0000 4.0560
143.0000 4.1246
144.0000 4.0707
145.0000 4.1359
146.0000 4.1838
147.0000 4.0036
148.0000 3.9210
149.0000 4.0233
150.0000 4.2130
151.0000 4.1927
