1.0000 3.3295
2.0000 3.3019
3.0000 3.2844
4.0000 3.4100
5.0000 3.2154
6.0000 3.1109
7.0000 3.3006
8.0000 3.2072
9.0000 3.0646
10.0000 3.1064
11.0000 3.1223
12.0000 3.1256
13.0000 2.9747
14.0000 3.1114
15.0000 3.3105
16.0000 3.1630
17.0000 3.3321
18.0000 3.2585
19.0000 3.2999
20.0000 3.1199
21.0000 3.1276
22.0000 2.9292
23.0000 3.0294
24.0000 3.1437
25.0000 3.3420
26.0000 3.4092
27.0000 3.4466
28.0000 3.2825
29.0000 3.4425
30.0000 3.5146
31.0000 3.6942
32.0000 3.5908
33.0000 3.4090
34.0000 3.3123
35.0000 3.1123
36.0000 3.2326
37.0000 3.0348
38.0000 2.9450
39.0000 3.1094
40.0000 2.9865
41.0000 3.1090
42.0000 2.9227
43.0000 2.9654
44.0000 2.9390
45.0000 3.1261
46.0000 3.0205
47.0000 3.0973
48.0000 3.0341
49.0000 2.9066
50.0000 2.7082
51.0000 2.9015
52.0000 3.1001
53.0000 3.2418
54.0000 3.4122
55.0000 3.3929
56.0000 3.2716
57.0000 3.1881
58.0000 3.0628
59.0000 2.9650
60.0000 3.1553
61.0000 3.2252
62.0000 3.1336
63.0000 3.1916
64.0000 3.1325
65.0000 3.0698
66.0000 2.9910
67.0000 2.8555
68.0000 3.0319
69.0000 3.1206
70.0000 3.1694
71.0000 2.9719
72.0000 3.1043
73.0000 3.3041
74.0000 3.1043
75.0000 2.9832
76.0000 2.9286
77.0000 2.8808
78.0000 3.0133
79.0000 3.1726
80.0000 2.9772
81.0000 3.0385
82.0000 2.8518
83.0000 2.9996
84.0000 3.0321
85.0000 2.8325
86.0000 2.9067
87.0000 2.8863
88.0000 2.9541
89.0000 2.7615
90.0000 2.5821
91.0000 2.4060
92.0000 2.2695
93.0000 2.4613
94.0000 2.3710
95.0000 2.2313
96.0000 2.3728
97.0000 2.1728
98.0000 2.0566
99.0000 1.8918
100.0000 1.7469
101.0000 1.9459
102.0000 2.1235
103.0000 2.1134
104.0000 2.0009
105.0000 1.8301
106.0000 1.9796
107.0000 1.8909
108.0000 1.6914
109.0000 1.5826
110.0000 1.7098
111.0000 1.8190
112.0000 1.6557
113.0000 1.8488
114.0000 2.0225
115.0000 2.0154
116.0000 1.8155
117.0000 1.6411
118.0000 1.8161
119.0000 1.8570
120.0000 1.9997
121.0000 1.8219
122.0000 2.0079
123.0000 1.8887
124.0000 1.7822
125.0000 1.7379
126.0000 1.8546
127.0000 1.6854
128.0000 1.5591
129.0000 1.7075
130.0000 1.5850
131.0000 1.4594
132.0000 1.3958
133.0000 1.4892
134.0000 1.5674
135.0000 1.3891
136.0000 1.5116
137.0000 1.3337
138.0000 1.4925
139.0000 1.2928
140.0000 1.3205
141.0000 1.2958
142.0000 1.2397
143.0000 1.3440
144.0000 1.1556
145.0000 1.0148
146.0000 1.1136
147.0000 0.9793
148.0000 1.0817
149.0000 1.2179
150.0000 1.3380
151.0000 1.2563
