1.0000 3.2151
2.0000 3.3658
3.0000 3.1759
4.0000 3.2064
5.0000 3.2808
6.0000 3.4770
7.0000 3.2865
8.0000 3.0898
9.0000 3.0245
10.0000 3.0127
11.0000 2.8629
12.0000 2.6959
13.0000 2.5800
14.0000 2.4788
15.0000 2.2983
16.0000 2.4198
17.0000 2.4106
18.0000 2.4791
19.0000 2.6735
20.0000 2.8678
21.0000 2.6690
22.0000 2.6825
23.0000 2.7423
24.0000 2.7628
25.0000 2.6951
26.0000 2.8942
27.0000 2.7136
28.0000 2.7178
29.0000 2.5376
30.0000 2.6053
31.0000 2.7073
32.0000 2.5603
33.0000 2.3606
34.0000 2.2724
35.0000 2.0727
36.0000 1.9630
37.0000 1.9984
38.0000 1.7997
39.0000 1.9991
40.0000 1.8927
41.0000 2.0867
42.0000 2.2861
43.0000 2.4782
44.0000 2.4258
45.0000 2.5692
46.0000 2.4233
47.0000 2.5456
48.0000 2.4516
49.0000 2.6348
50.0000 2.8273
51.0000 2.7734
52.0000 2.9177
53.0000 3.0563
54.0000 2.8579
55.0000 2.6608
56.0000 2.5057
57.0000 2.3191
58.0000 2.5160
59.0000 2.5034
60.0000 2.4437
61.0000 2.6435
62.0000 2.8008
63.0000 2.6038
64.0000 2.4631
65.0000 2.5858
66.0000 2.7686
67.0000 2.7071
68.0000 2.6640
69.0000 2.7958
70.0000 2.7644
71.0000 2.7882
72.0000 2.9872
73.0000 3.1721
74.0000 3.1291
75.0000 2.9424
76.0000 2.7595
77.0000 2.6071
78.0000 2.7864
79.0000 2.9855
80.0000 2.9307
81.0000 2.9845
82.0000 2.8568
83.0000 2.6854
84.0000 2.4862
85.0000 2.3001
86.0000 2.3019
87.0000 2.3151
88.0000 2.3468
89.0000 2.1514
90.0000 1.9593
91.0000 2.0218
92.0000 2.1542
93.0000 2.2135
94.0000 2.1384
95.0000 2.0207
96.0000 1.8602
97.0000 1.6607
98.0000 1.8084
99.0000 1.9845
100.0000 1.9377
101.0000 1.8520
102.0000 1.8729
103.0000 2.0714
104.0000 1.9181
105.0000 1.7222
106.0000 1.6594
107.0000 1.8234
108.0000 1.6262
109.0000 1.7553
110.0000 1.5793
111.0000 1.6562
112.0000 1.4582
113.0000 1.3513
114.0000 1.4790
115.0000 1.6573
116.0000 1.5695
117.0000 1.3696
118.0000 1.5566
119.0000 1.7380
120.0000 1.6206
121.0000 1.6812
122.0000 1.5207
123.0000 1.3612
124.0000 1.5577
125.0000 1.3995
126.0000 1.2303
127.0000 1.3514
128.0000 1.4557
129.0000 1.6435
130.0000 1.5530
131.0000 1.4605
132.0000 1.2668
133.0000 1.0976
134.0000 1.1708
135.0000 1.3248
136.0000 1.3149
137.0000 1.3284
138.0000 1.5257
139.0000 1.5138
140.0000 1.6990
141.0000 1.7334
142.0000 1.8026
143.0000 1.7763
144.0000 1.8461
145.0000 2.0162
146.0000 2.1074
147.0000 2.2344
148.0000 2.4303
149.0000 2.6252
150.0000 2.7211
151.0000 2.5898
