1.0000 3.3006
2.0000 3.1058
3.0000 3.1452
4.0000 3.1185
5.0000 2.9243
6.0000 3.0515
7.0000 3.2258
8.0000 3.4163
9.0000 3.2867
10.0000 3.4337
11.0000 3.3928
12.0000 3.5823
13.0000 3.7684
14.0000 3.9186
15.0000 3.9649
16.0000 3.7840
17.0000 3.9819
18.0000 4.1817
19.0000 4.2292
20.0000 4.0390
21.0000 3.9623
22.0000 4.1345
23.0000 4.0618
24.0000 3.9235
25.0000 3.7729
26.0000 3.6429
27.0000 3.8379
28.0000 3.8980
29.0000 4.0629
30.0000 3.8990
31.0000 3.8075
32.0000 3.6162
33.0000 3.4864
34.0000 3.5850
35.0000 3.5642
36.0000 3.6639
37.0000 3.8638
38.0000 3.9936
39.0000 4.1101
40.0000 4.0305
41.0000 3.9681
42.0000 3.7812
43.0000 3.6138
44.0000 3.5023
45.0000 3.3311
46.0000 3.4399
47.0000 3.4008
48.0000 3.3831
49.0000 3.1960
50.0000 3.1872
51.0000 3.3607
52.0000 3.2405
53.0000 3.2006
54.0000 3.3674
55.0000 3.3063
56.0000 3.1387
57.0000 3.2513
58.0000 3.4508
59.0000 3.6108
60.0000 3.4109
61.0000 3.2384
62.0000 3.0452
63.0000 3.1043
64.0000 3.0362
65.0000 3.0331
66.0000 2.9538
67.0000 3.1413
68.0000 3.0550
69.0000 3.2339
70.0000 3.2182
71.0000 3.4135
72.0000 3.2443
73.0000 3.0454
74.0000 2.8469
75.0000 2.9826
76.0000 2.8942
77.0000 3.0657
78.0000 3.0992
79.0000 3.2582
80.0000 3.4539
81.0000 3.4447
82.0000 3.3628
83.0000 3.5597
84.0000 3.5149
85.0000 3.3163
86.0000 3.2380
87.0000 3.0719
88.0000 3.2719
89.0000 3.1414
90.0000 2.9440
91.0000 2.7480
92.0000 2.9467
93.0000 2.8989
94.0000 2.7135
95.0000 2.9078
96.0000 3.0210
97.0000 2.8211
98.0000 2.6817
99.0000 2.7819
100.0000 2.8165
101.0000 2.9789
102.0000 2.9138
103.0000 3.1088
104.0000 2.9100
105.0000 2.7105
106.0000 2.6013
107.0000 2.6477
108.0000 2.7199
109.0000 2.9104
110.0000 2.7164
111.0000 2.8327
112.0000 2.8787
113.0000 3.0180
114.0000 3.1997
115.0000 3.2426
116.0000 3.2610
117.0000 3.1902
118.0000 3.3032
119.0000 3.4289
120.0000 3.5452
121.0000 3.6878
122.0000 3.5096
123.0000 3.3098
124.0000 3.2121
125.0000 3.3313
126.0000 3.2639
127.0000 3.4111
128.0000 3.6108
129.0000 3.6057
130.0000 3.7762
131.0000 3.9040
132.0000 3.7471
133.0000 3.5896
134.0000 3.4010
135.0000 3.2415
136.0000 3.0833
137.0000 2.9286
138.0000 2.7609
139.0000 2.6951
140.0000 2.8945
141.0000 2.7808
142.0000 2.8532
143.0000 3.0513
144.0000 2.8739
145.0000 2.7752
146.0000 2.9741
147.0000 2.7846
148.0000 2.9552
149.0000 3.0329
150.0000 3.2256
151.0000 3.3439
