1.0000 2.9916
2.0000 2.8778
3.0000 3.0498
4.0000 3.1072
5.0000 3.3007
6.0000 3.2064
7.0000 3.3345
8.0000 3.5345
9.0000 3.4171
10.0000 3.2308
11.0000 3.2923
12.0000 3.4821
13.0000 3.2868
14.0000 3.1037
15.0000 3.2926
16.0000 3.4925
17.0000 3.6310
18.0000 3.7624
19.0000 3.6939
20.0000 3.6789
21.0000 3.8765
22.0000 3.9143
23.0000 3.8763
24.0000 3.9939
25.0000 4.1553
26.0000 4.2749
27.0000 4.1640
28.0000 4.1039
29.0000 4.3032
30.0000 4.1790
31.0000 4.0726
32.0000 3.8730
33.0000 3.7525
34.0000 3.7909
35.0000 3.9899
36.0000 4.0248
37.0000 4.1874
38.0000 4.0911
39.0000 3.9141
40.0000 3.7182
41.0000 3.9140
42.0000 3.7165
43.0000 3.8799
44.0000 4.0188
45.0000 3.8191
46.0000 3.7355
47.0000 3.9001
48.0000 3.8985
49.0000 4.0916
50.0000 4.2751
51.0000 4.1693
52.0000 4.0030
53.0000 4.1485
54.0000 4.2199
55.0000 4.1277
56.0000 3.9279
57.0000 3.7377
58.0000 3.7024
59.0000 3.8283
60.0000 3.9316
61.0000 3.8392
62.0000 3.7669
63.0000 3.6329
64.0000 3.7245
65.0000 3.6802
66.0000 3.7539
67.0000 3.8459
68.0000 3.8921
69.0000 3.8363
70.0000 3.7346
71.0000 3.5439
72.0000 3.6293
73.0000 3.5603
74.0000 3.5718
75.0000 3.3732
76.0000 3.5532
77.0000 3.4993
78.0000 3.3215
79.0000 3.1468
80.0000 3.2461
81.0000 3.4013
82.0000 3.5666
83.0000 3.4149
84.0000 3.5786
85.0000 3.7718
86.0000 3.9659
87.0000 4.0724
88.0000 3.9759
89.0000 4.0128
90.0000 4.0019
91.0000 4.1114
92.0000 3.9671
93.0000 3.9448
94.0000 3.9116
95.0000 3.7513
96.0000 3.6838
97.0000 3.4843
98.0000 3.4833
99.0000 3.5965
100.0000 3.6088
101.0000 3.4871
102.0000 3.6710
103.0000 3.4732
104.0000 3.6511
105.0000 3.7336
106.0000 3.5386
107.0000 3.7384
108.0000 3.6778
109.0000 3.8545
110.0000 4.0000
111.0000 4.0820
112.0000 4.2068
113.0000 4.1653
114.0000 4.3258
115.0000 4.1397
116.0000 4.2051
117.0000 4.0407
118.0000 4.2385
119.0000 4.2296
120.0000 4.3829
121.0000 4.2847
122.0000 4.3384
123.0000 4.3422
124.0000 4.2213
125.0000 4.0824
126.0000 3.9287
127.0000 4.0091
128.0000 3.9622
129.0000 3.7644
130.0000 3.9258
131.0000 3.9761
132.0000 4.1760
133.0000 4.2278
134.0000 4.1485
135.0000 4.2546
136.0000 4.1740
137.0000 4.2563
138.0000 4.1705
139.0000 4.1026
140.0000 4.2368
141.0000 4.1667
142.0000 4.0626
143.0000 4.2325
144.0000 4.0879
145.0000 4.0279
146.0000 4.1261
147.0000 3.9376
148.0000 3.7397
149.0000 3.6957
150.0000 3.7664
151.0000 3.6869
