1.0000 2.9858
2.0000 2.9049
3.0000 2.8038
4.0000 2.8041
5.0000 2.6829
6.0000 2.8287
7.0000 2.8236
8.0000 2.6398
9.0000 2.5922
10.0000 2.5103
11.0000 2.5949
12.0000 2.7049
13.0000 2.5049
14.0000 2.5377
15.0000 2.4584
16.0000 2.4518
17.0000 2.6516
18.0000 2.8502
19.0000 2.7533
20.0000 2.6476
21.0000 2.8121
22.0000 2.9322
23.0000 3.1273
24.0000 3.3113
25.0000 3.2306
26.0000 3.1961
27.0000 3.1009
28.0000 3.0778
29.0000 2.8903
30.0000 2.7520
31.0000 2.5703
32.0000 2.7703
33.0000 2.8773
34.0000 2.7511
35.0000 2.9216
36.0000 2.9984
37.0000 2.9169
38.0000 2.8247
39.0000 3.0245
40.0000 3.2243
41.0000 3.0907
42.0000 3.1524
43.0000 3.0368
44.0000 3.2367
45.0000 3.0483
46.0000 2.8690
47.0000 2.9214
48.0000 2.9996
49.0000 2.8023
50.0000 2.6429
51.0000 2.6052
52.0000 2.6942
53.0000 2.8609
54.0000 2.6611
55.0000 2.8611
56.0000 3.0422
57.0000 3.0224
58.0000 3.0645
59.0000 3.0607
60.0000 3.1082
61.0000 2.9103
62.0000 2.8072
63.0000 2.6972
64.0000 2.5133
65.0000 2.4912
66.0000 2.2921
67.0000 2.4716
68.0000 2.4744
69.0000 2.6326
70.0000 2.8320
71.0000 2.6940
72.0000 2.8519
73.0000 3.0419
74.0000 3.1916
75.0000 3.2592
76.0000 3.1977
77.0000 3.3610
78.0000 3.2021
79.0000 3.0724
80.0000 3.2650
81.0000 3.4604
82.0000 3.4477
83.0000 3.3243
84.0000 3.4734
85.0000 3.6247
86.0000 3.5294
87.0000 3.3542
88.0000 3.1830
89.0000 3.0189
90.0000 3.1244
91.0000 3.0028
92.0000 3.0733
93.0000 3.2723
94.0000 3.1387
95.0000 3.3310
96.0000 3.4405
97.0000 3.4460
98.0000 3.2647
99.0000 3.1287
100.0000 3.2945
101.0000 3.4490
102.0000 3.2669
103.0000 3.1781
104.0000 3.3266
105.0000 3.1922
106.0000 3.1846
107.0000 3.2223
108.0000 3.4220
109.0000 3.2239
110.0000 3.3304
111.0000 3.3273
112.0000 3.2446
113.0000 3.4415
114.0000 3.4072
115.0000 3.3184
116.0000 3.1720
117.0000 3.3300
118.0000 3.4657
119.0000 3.5980
120.0000 3.5737
121.0000 3.7320
122.0000 3.7528
123.0000 3.7830
124.0000 3.6960
125.0000 3.8944
126.0000 3.7685
127.0000 3.8015
128.0000 3.6138
129.0000 3.4609
130.0000 3.2757
131.0000 3.1113
132.0000 3.0784
133.0000 2.9180
134.0000 3.0386
135.0000 3.2058
136.0000 3.0429
137.0000 2.8449
138.0000 2.6643
139.0000 2.8066
140.0000 2.8073
141.0000 2.8173
142.0000 2.8979
143.0000 2.7307
144.0000 2.5398
145.0000 2.3556
146.0000 2.4677
147.0000 2.2686
148.0000 2.0762
149.0000 1.9808
150.0000 2.1184
151.0000 2.0355
