1.0000 3.1175
2.0000 2.9485
3.0000 2.8262
4.0000 2.9580
5.0000 3.1264
6.0000 3.0422
7.0000 2.8830
8.0000 3.0603
9.0000 2.9863
10.0000 2.8733
11.0000 2.7663
12.0000 2.9634
13.0000 2.8493
14.0000 2.9931
15.0000 3.0262
16.0000 2.9367
17.0000 3.1367
18.0000 3.2606
19.0000 3.3862
20.0000 3.4224
21.0000 3.2232
22.0000 3.0326
23.0000 2.8663
24.0000 2.8261
25.0000 3.0129
26.0000 3.0312
27.0000 3.1714
28.0000 3.3580
29.0000 3.5577
30.0000 3.5106
31.0000 3.4624
32.0000 3.2624
33.0000 3.2925
34.0000 3.3024
35.0000 3.1758
36.0000 3.3558
37.0000 3.1935
38.0000 3.3596
39.0000 3.1655
40.0000 3.1566
41.0000 3.3449
42.0000 3.5045
43.0000 3.5217
44.0000 3.7001
45.0000 3.6425
46.0000 3.6420
47.0000 3.4510
48.0000 3.3070
49.0000 3.4719
50.0000 3.5978
51.0000 3.6942
52.0000 3.6329
53.0000 3.7913
54.0000 3.6091
55.0000 3.4480
56.0000 3.6477
57.0000 3.4914
58.0000 3.5354
59.0000 3.7081
60.0000 3.8003
61.0000 3.6020
62.0000 3.7262
63.0000 3.5263
64.0000 3.3980
65.0000 3.2195
66.0000 3.1155
67.0000 2.9157
68.0000 2.8525
69.0000 2.8582
70.0000 2.9475
71.0000 2.7475
72.0000 2.7728
73.0000 2.5740
74.0000 2.7228
75.0000 2.5302
76.0000 2.5912
77.0000 2.4393
78.0000 2.5434
79.0000 2.3461
80.0000 2.1461
81.0000 1.9786
82.0000 2.0451
83.0000 1.8468
84.0000 1.9511
85.0000 1.8936
86.0000 1.7006
87.0000 1.8995
88.0000 1.7669
89.0000 1.6683
90.0000 1.4856
91.0000 1.2914
92.0000 1.1331
93.0000 1.1983
94.0000 1.3814
95.0000 1.5123
96.0000 1.5771
97.0000 1.7770
98.0000 1.9288
99.0000 1.7458
100.0000 1.9366
101.0000 1.7370
102.0000 1.6598
103.0000 1.4957
104.0000 1.3099
105.0000 1.2137
106.0000 1.0984
107.0000 1.0780
108.0000 1.2588
109.0000 1.0941
110.0000 1.0098
111.0000 0.8101
112.0000 0.9698
113.0000 1.1428
114.0000 0.9492
115.0000 0.8045
116.0000 0.8279
117.0000 1.0174
118.0000 1.2036
119.0000 1.1641
120.0000 1.3397
121.0000 1.1411
122.0000 1.2603
123.0000 1.1782
124.0000 1.3643
125.0000 1.2122
126.0000 1.4115
127.0000 1.2210
128.0000 1.1732
129.0000 0.9912
130.0000 1.1883
131.0000 1.0451
132.0000 1.2070
133.0000 1.3675
134.0000 1.2681
135.0000 1.4042
136.0000 1.2450
137.0000 1.3869
138.0000 1.5155
139.0000 1.7114
140.0000 1.5332
141.0000 1.3360
142.0000 1.1667
143.0000 1.2099
144.0000 1.2829
145.0000 1.1108
146.0000 1.3001
147.0000 1.4965
148.0000 1.3283
149.0000 1.5281
150.0000 1.7068
151.0000 1.6110
