1.0000 3.0889
2.0000 2.9498
3.0000 2.9202
4.0000 2.7844
5.0000 2.9796
6.0000 3.1569
7.0000 2.9806
8.0000 2.8406
9.0000 2.7996
10.0000 2.7353
11.0000 2.6332
12.0000 2.6626
13.0000 2.7311
14.0000 2.8862
15.0000 2.6879
16.0000 2.8864
17.0000 2.6960
18.0000 2.5216
19.0000 2.3217
20.0000 2.4654
21.0000 2.5895
22.0000 2.5665
23.0000 2.3667
24.0000 2.4647
25.0000 2.2663
26.0000 2.2332
27.0000 2.0712
28.0000 2.1370
29.0000 1.9667
30.0000 2.0892
31.0000 2.1990
32.0000 2.1037
33.0000 1.9455
34.0000 1.8717
35.0000 1.8554
36.0000 1.9715
37.0000 1.7715
38.0000 1.7176
39.0000 1.7351
40.0000 1.7767
41.0000 1.5773
42.0000 1.7771
43.0000 1.7589
44.0000 1.7254
45.0000 1.5792
46.0000 1.4787
47.0000 1.4593
48.0000 1.4037
49.0000 1.5900
50.0000 1.3903
51.0000 1.2142
52.0000 1.2522
53.0000 1.0837
54.0000 0.9214
55.0000 0.9956
56.0000 1.1261
57.0000 1.3224
58.0000 1.2690
59.0000 1.4146
60.0000 1.4047
61.0000 1.2609
62.0000 1.4357
63.0000 1.5775
64.0000 1.5626
65.0000 1.7615
66.0000 1.8217
67.0000 1.8049
68.0000 1.9707
69.0000 2.0381
70.0000 2.1222
71.0000 2.1028
72.0000 2.2464
73.0000 2.4381
74.0000 2.5555
75.0000 2.6946
76.0000 2.8797
77.0000 2.9372
78.0000 2.8924
79.0000 3.0078
80.0000 3.2072
81.0000 3.0955
82.0000 2.9384
83.0000 3.1179
84.0000 3.2702
85.0000 3.0796
86.0000 3.0336
87.0000 3.0766
88.0000 3.0718
89.0000 2.9054
90.0000 2.7753
91.0000 2.6347
92.0000 2.4354
93.0000 2.3646
94.0000 2.5419
95.0000 2.3746
96.0000 2.5606
97.0000 2.3944
98.0000 2.2932
99.0000 2.4664
100.0000 2.3370
101.0000 2.5010
102.0000 2.4491
103.0000 2.6398
104.0000 2.8342
105.0000 2.8110
106.0000 2.9838
107.0000 3.0967
108.0000 3.0045
109.0000 2.9312
110.0000 3.0160
111.0000 2.8277
112.0000 2.7412
113.0000 2.7136
114.0000 2.8468
115.0000 2.6497
116.0000 2.6906
117.0000 2.8159
118.0000 2.8497
119.0000 2.9906
120.0000 2.7906
121.0000 2.6124
122.0000 2.6894
123.0000 2.5464
124.0000 2.7187
125.0000 2.5297
126.0000 2.3513
127.0000 2.1750
128.0000 2.1492
129.0000 2.1006
130.0000 1.9809
131.0000 1.9364
132.0000 1.8069
133.0000 1.8207
134.0000 1.6223
135.0000 1.6273
136.0000 1.7260
137.0000 1.7404
138.0000 1.8439
139.0000 2.0381
140.0000 2.0946
141.0000 2.2713
142.0000 2.0723
143.0000 2.1780
144.0000 1.9802
145.0000 2.0410
146.0000 2.2045
147.0000 2.0268
148.0000 2.2121
149.0000 2.0256
150.0000 1.8744
151.0000 1.7368
