1.0000 3.0813
2.0000 2.9424
3.0000 2.8415
4.0000 2.8617
5.0000 2.7959
6.0000 2.9957
7.0000 2.7957
8.0000 2.9855
9.0000 3.1132
10.0000 3.2948
11.0000 3.1168
12.0000 3.0093
13.0000 3.1970
14.0000 3.1065
15.0000 3.0161
16.0000 2.9152
17.0000 2.7500
18.0000 2.9158
19.0000 2.9444
20.0000 2.8645
21.0000 3.0246
22.0000 2.8346
23.0000 2.8444
24.0000 2.8730
25.0000 3.0708
26.0000 2.9130
27.0000 2.8149
28.0000 2.7844
29.0000 2.7751
30.0000 2.9601
31.0000 2.8947
32.0000 3.0540
33.0000 3.1571
34.0000 3.0013
35.0000 2.8185
36.0000 2.8517
37.0000 2.8228
38.0000 3.0224
39.0000 2.9296
40.0000 3.0203
41.0000 2.9407
42.0000 3.1315
43.0000 3.0419
44.0000 2.8422
45.0000 2.9725
46.0000 2.7922
47.0000 2.9372
48.0000 3.0514
49.0000 2.9257
50.0000 3.0072
51.0000 2.8087
52.0000 2.6882
53.0000 2.7903
54.0000 2.6765
55.0000 2.8667
56.0000 3.0175
57.0000 3.1349
58.0000 2.9533
59.0000 2.9677
60.0000 2.9458
61.0000 3.1158
62.0000 2.9417
63.0000 2.8291
64.0000 2.7010
65.0000 2.8608
66.0000 3.0218
67.0000 2.9719
68.0000 3.0861
69.0000 3.2807
70.0000 3.1642
71.0000 3.0121
72.0000 3.1698
73.0000 3.0096
74.0000 3.1383
75.0000 3.3147
76.0000 3.3734
77.0000 3.5311
78.0000 3.3452
79.0000 3.5065
80.0000 3.5264
81.0000 3.4590
82.0000 3.6298
83.0000 3.5971
84.0000 3.6424
85.0000 3.5490
86.0000 3.3491
87.0000 3.2125
88.0000 3.4057
89.0000 3.2356
90.0000 3.4350
91.0000 3.6094
92.0000 3.4586
93.0000 3.5958
94.0000 3.3976
95.0000 3.2213
96.0000 3.1661
97.0000 3.3381
98.0000 3.5321
99.0000 3.5215
100.0000 3.5561
101.0000 3.5982
102.0000 3.4269
103.0000 3.2817
104.0000 3.4664
105.0000 3.2992
106.0000 3.4992
107.0000 3.3280
108.0000 3.5169
109.0000 3.7116
110.0000 3.5513
111.0000 3.6192
112.0000 3.5546
113.0000 3.4735
114.0000 3.4934
115.0000 3.4951
116.0000 3.6307
117.0000 3.5539
118.0000 3.4415
119.0000 3.2574
120.0000 3.1918
121.0000 3.0347
122.0000 2.8633
123.0000 2.6862
124.0000 2.7144
125.0000 2.8004
126.0000 2.9996
127.0000 2.9436
128.0000 2.7526
129.0000 2.8627
130.0000 3.0275
131.0000 3.0883
132.0000 3.2580
133.0000 3.0588
134.0000 2.9852
135.0000 2.8824
136.0000 3.0399
137.0000 2.8482
138.0000 2.8069
139.0000 2.6599
140.0000 2.7362
141.0000 2.7180
142.0000 2.9177
143.0000 2.7416
144.0000 2.7098
145.0000 2.8228
146.0000 2.6452
147.0000 2.5549
148.0000 2.7352
149.0000 2.9352
150.0000 2.8628
151.0000 2.6743
