1.0000 3.1157
2.0000 3.0904
3.0000 3.2212
4.0000 3.2345
5.0000 3.2003
6.0000 3.2909
7.0000 3.0919
8.0000 3.1847
9.0000 3.0551
10.0000 2.9159
11.0000 3.0548
12.0000 3.0163
13.0000 3.1676
14.0000 3.0335
15.0000 3.1698
16.0000 3.3692
17.0000 3.1909
18.0000 3.3824
19.0000 3.2561
20.0000 3.4001
21.0000 3.5891
22.0000 3.7865
23.0000 3.6394
24.0000 3.4917
25.0000 3.2972
26.0000 3.4921
27.0000 3.6609
28.0000 3.4994
29.0000 3.6621
30.0000 3.4639
31.0000 3.6118
32.0000 3.4161
33.0000 3.4149
34.0000 3.4923
35.0000 3.6528
36.0000 3.8489
37.0000 4.0459
38.0000 3.8477
39.0000 4.0108
40.0000 3.8132
41.0000 3.6139
42.0000 3.7940
43.0000 3.7178
44.0000 3.9047
45.0000 3.7306
46.0000 3.9147
47.0000 4.0598
48.0000 4.2397
49.0000 4.0473
50.0000 4.2352
51.0000 4.1058
52.0000 3.9123
53.0000 3.7236
54.0000 3.6009
55.0000 3.5011
56.0000 3.6819
57.0000 3.8133
58.0000 3.9992
59.0000 4.1789
60.0000 4.0859
61.0000 3.9423
62.0000 3.8266
63.0000 3.7174
64.0000 3.9170
65.0000 3.9600
66.0000 4.0861
67.0000 3.9502
68.0000 3.8375
69.0000 3.7618
70.0000 3.8939
71.0000 3.7532
72.0000 3.8619
73.0000 4.0618
74.0000 4.1671
75.0000 3.9774
76.0000 3.8081
77.0000 3.6298
78.0000 3.6586
79.0000 3.7184
80.0000 3.8220
81.0000 3.6358
82.0000 3.7647
83.0000 3.5871
84.0000 3.6268
85.0000 3.6256
86.0000 3.5493
87.0000 3.6093
88.0000 3.6193
89.0000 3.4303
90.0000 3.5857
91.0000 3.5365
92.0000 3.3433
93.0000 3.2627
94.0000 3.4627
95.0000 3.3169
96.0000 3.1243
97.0000 3.1631
98.0000 3.3612
99.0000 3.1635
100.0000 3.2725
101.0000 3.1238
102.0000 3.0392
103.0000 2.8473
104.0000 2.9243
105.0000 3.1197
106.0000 3.2683
107.0000 3.1841
108.0000 3.2191
109.0000 3.1091
110.0000 3.0651
111.0000 3.1700
112.0000 3.3323
113.0000 3.2493
114.0000 3.2767
115.0000 3.2766
116.0000 3.1507
117.0000 3.0737
118.0000 3.1925
119.0000 3.0704
120.0000 3.2291
121.0000 3.0643
122.0000 3.2642
123.0000 3.0787
124.0000 3.2730
125.0000 3.1000
126.0000 3.1303
127.0000 3.2707
128.0000 3.0877
129.0000 3.2585
130.0000 3.3517
131.0000 3.1593
132.0000 3.0144
133.0000 3.0650
134.0000 3.1850
135.0000 3.3705
136.0000 3.5092
137.0000 3.4673
138.0000 3.4156
139.0000 3.2211
140.0000 3.2490
141.0000 3.3760
142.0000 3.2250
143.0000 3.0577
144.0000 2.9101
145.0000 3.1085
146.0000 3.2805
147.0000 3.1263
148.0000 2.9276
149.0000 3.0373
150.0000 3.0012
151.0000 2.8022
