1.0000 2.9772
2.0000 3.0248
3.0000 2.8879
4.0000 3.0579
5.0000 2.8591
6.0000 2.6613
7.0000 2.7195
8.0000 2.6616
9.0000 2.8122
10.0000 2.6285
11.0000 2.4311
12.0000 2.5320
13.0000 2.3748
14.0000 2.3783
15.0000 2.2989
16.0000 2.1061
17.0000 1.9102
18.0000 1.7528
19.0000 1.8367
20.0000 1.9410
21.0000 1.7437
22.0000 1.5668
23.0000 1.4389
24.0000 1.2389
25.0000 1.2948
26.0000 1.1564
27.0000 1.1181
28.0000 1.1245
29.0000 1.1483
30.0000 1.1980
31.0000 1.1439
32.0000 1.3157
33.0000 1.5133
34.0000 1.3804
35.0000 1.2629
36.0000 1.0708
37.0000 1.2556
38.0000 1.4549
39.0000 1.6497
40.0000 1.8081
41.0000 1.8164
42.0000 1.8988
43.0000 1.8577
44.0000 2.0551
45.0000 1.9396
46.0000 1.7511
47.0000 1.6734
48.0000 1.7571
49.0000 1.7595
50.0000 1.7607
51.0000 1.5628
52.0000 1.5553
53.0000 1.4856
54.0000 1.3368
55.0000 1.4335
56.0000 1.6302
57.0000 1.7103
58.0000 1.9079
59.0000 2.0477
60.0000 2.1845
61.0000 2.3304
62.0000 2.1510
63.0000 1.9656
64.0000 1.7727
65.0000 1.5867
66.0000 1.4263
67.0000 1.6255
68.0000 1.4424
69.0000 1.5228
70.0000 1.3232
71.0000 1.4250
72.0000 1.2846
73.0000 1.0997
74.0000 1.2567
75.0000 1.1841
76.0000 1.3720
77.0000 1.1723
78.0000 1.3549
79.0000 1.5545
80.0000 1.4588
81.0000 1.3513
82.0000 1.4923
83.0000 1.4645
84.0000 1.5530
85.0000 1.6153
86.0000 1.7521
87.0000 1.8727
88.0000 1.6989
89.0000 1.5729
90.0000 1.7565
91.0000 1.9477
92.0000 1.9086
93.0000 2.1017
94.0000 2.0613
95.0000 2.2538
96.0000 2.1907
97.0000 2.1372
98.0000 2.3343
99.0000 2.4741
100.0000 2.6155
101.0000 2.7741
102.0000 2.7736
103.0000 2.9703
104.0000 2.8633
105.0000 2.8779
106.0000 3.0683
107.0000 3.0481
108.0000 3.2310
109.0000 3.1941
110.0000 3.1965
111.0000 3.3868
112.0000 3.2491
113.0000 3.2123
114.0000 3.0250
115.0000 2.9838
116.0000 3.1631
117.0000 2.9658
118.0000 2.9399
119.0000 3.0278
120.0000 2.9690
121.0000 2.7702
122.0000 2.5780
123.0000 2.7261
124.0000 2.6684
125.0000 2.5864
126.0000 2.7818
127.0000 2.9330
128.0000 3.0035
129.0000 3.1335
130.0000 3.1273
131.0000 2.9351
132.0000 2.7674
133.0000 2.6746
134.0000 2.4759
135.0000 2.6314
136.0000 2.7082
137.0000 2.6701
138.0000 2.7231
139.0000 2.5804
140.0000 2.4603
141.0000 2.6594
142.0000 2.8522
143.0000 2.6522
144.0000 2.6921
145.0000 2.6720
146.0000 2.6603
147.0000 2.5310
148.0000 2.6352
149.0000 2.5465
150.0000 2.5901
151.0000 2.4385
