1.0000 3.2615
2.0000 3.3726
3.0000 3.5437
4.0000 3.5519
5.0000 3.5208
6.0000 3.5336
7.0000 3.7115
8.0000 3.6900
9.0000 3.6816
10.0000 3.8598
11.0000 3.7103
12.0000 3.9024
13.0000 3.7894
14.0000 3.8515
15.0000 3.8840
16.0000 3.8384
17.0000 3.7347
18.0000 3.6527
19.0000 3.4582
20.0000 3.3876
21.0000 3.2178
22.0000 3.0770
23.0000 3.2177
24.0000 3.3063
25.0000 3.1194
26.0000 3.2749
27.0000 3.0771
28.0000 3.1611
29.0000 3.1331
30.0000 3.2350
31.0000 3.1551
32.0000 3.0411
33.0000 3.1167
34.0000 3.0305
35.0000 3.0717
36.0000 2.8830
37.0000 2.9458
38.0000 2.7524
39.0000 2.7943
40.0000 2.5944
41.0000 2.5175
42.0000 2.6799
43.0000 2.8105
44.0000 2.9998
45.0000 2.8159
46.0000 2.8759
47.0000 3.0157
48.0000 2.8702
49.0000 3.0574
50.0000 3.1676
51.0000 3.2840
52.0000 3.1772
53.0000 2.9905
54.0000 3.0350
55.0000 2.9782
56.0000 3.1240
57.0000 3.0090
58.0000 2.9251
59.0000 3.0266
60.0000 2.8532
61.0000 2.6954
62.0000 2.6268
63.0000 2.4574
64.0000 2.4662
65.0000 2.6439
66.0000 2.4463
67.0000 2.5959
68.0000 2.7877
69.0000 2.5877
70.0000 2.3886
71.0000 2.5481
72.0000 2.3540
73.0000 2.4858
74.0000 2.4244
75.0000 2.3171
76.0000 2.2264
77.0000 2.2451
78.0000 2.2124
79.0000 2.3969
80.0000 2.3222
81.0000 2.1879
82.0000 2.1522
83.0000 2.0238
84.0000 1.8992
85.0000 1.8959
86.0000 1.6963
87.0000 1.6749
88.0000 1.5574
89.0000 1.3575
90.0000 1.4402
91.0000 1.5654
92.0000 1.6409
93.0000 1.8298
94.0000 1.7043
95.0000 1.5090
96.0000 1.7058
97.0000 1.5147
98.0000 1.4220
99.0000 1.2227
100.0000 1.0786
101.0000 1.2779
102.0000 1.1235
103.0000 1.1045
104.0000 1.0881
105.0000 1.2842
106.0000 1.3880
107.0000 1.3592
108.0000 1.5582
109.0000 1.6999
110.0000 1.5630
111.0000 1.7140
112.0000 1.6690
113.0000 1.8583
114.0000 1.7194
115.0000 1.5618
116.0000 1.6587
117.0000 1.8586
118.0000 1.6595
119.0000 1.5472
120.0000 1.6820
121.0000 1.8745
122.0000 1.6951
123.0000 1.6387
124.0000 1.8385
125.0000 1.7888
126.0000 1.7717
127.0000 1.6742
128.0000 1.8659
129.0000 1.9865
130.0000 1.9979
131.0000 1.8872
132.0000 1.8298
133.0000 1.6464
134.0000 1.7654
135.0000 1.7904
136.0000 1.5918
137.0000 1.7638
138.0000 1.5724
139.0000 1.3768
140.0000 1.1829
141.0000 1.1528
142.0000 1.0028
143.0000 1.0266
144.0000 1.1928
145.0000 1.3301
146.0000 1.1308
147.0000 0.9798
148.0000 0.8688
149.0000 0.6809
150.0000 0.5611
151.0000 0.3611
