1.0000 3.2680
2.0000 3.3493
3.0000 3.3555
4.0000 3.1714
5.0000 3.3556
6.0000 3.1699
7.0000 3.3099
8.0000 3.2594
9.0000 3.4311
10.0000 3.5039
11.0000 3.6515
12.0000 3.4549
13.0000 3.2569
14.0000 3.4553
15.0000 3.5220
16.0000 3.4346
17.0000 3.5118
18.0000 3.6990
19.0000 3.6361
20.0000 3.4960
21.0000 3.2968
22.0000 3.4628
23.0000 3.6420
24.0000 3.5639
25.0000 3.5297
26.0000 3.7274
27.0000 3.5274
28.0000 3.7244
29.0000 3.5247
30.0000 3.6073
31.0000 3.7977
32.0000 3.9797
33.0000 3.9663
34.0000 3.8269
35.0000 3.7524
36.0000 3.9491
37.0000 3.9601
38.0000 3.8109
39.0000 3.7499
40.0000 3.5513
41.0000 3.6179
42.0000 3.4302
43.0000 3.3825
44.0000 3.2487
45.0000 3.4190
46.0000 3.2471
47.0000 3.2319
48.0000 3.0340
49.0000 3.0933
50.0000 3.0097
51.0000 2.8221
52.0000 2.7308
53.0000 2.7785
54.0000 2.9482
55.0000 2.8519
56.0000 3.0503
57.0000 3.1916
58.0000 3.3871
59.0000 3.5307
60.0000 3.5752
61.0000 3.6658
62.0000 3.4658
63.0000 3.2783
64.0000 3.1066
65.0000 3.3053
66.0000 3.2389
67.0000 3.3735
68.0000 3.2356
69.0000 3.0407
70.0000 3.2397
71.0000 3.0546
72.0000 3.1269
73.0000 3.3006
74.0000 3.4607
75.0000 3.6037
76.0000 3.4042
77.0000 3.4248
78.0000 3.4547
79.0000 3.3782
80.0000 3.3729
81.0000 3.4868
82.0000 3.6403
83.0000 3.5635
84.0000 3.5024
85.0000 3.4816
86.0000 3.2853
87.0000 3.2360
88.0000 3.4336
89.0000 3.5943
90.0000 3.4215
91.0000 3.5258
92.0000 3.4143
93.0000 3.2304
94.0000 3.4301
95.0000 3.5452
96.0000 3.5239
97.0000 3.3253
98.0000 3.1565
99.0000 3.3535
100.0000 3.3060
101.0000 3.1116
102.0000 2.9145
103.0000 2.8942
104.0000 2.9346
105.0000 2.9032
106.0000 2.9496
107.0000 2.7563
108.0000 2.9526
109.0000 2.8019
110.0000 2.8147
111.0000 2.7117
112.0000 2.5167
113.0000 2.6678
114.0000 2.7492
115.0000 2.9315
116.0000 2.8920
117.0000 2.8928
118.0000 3.0500
119.0000 3.1034
120.0000 3.1677
121.0000 3.2893
122.0000 3.3611
123.0000 3.4887
124.0000 3.2897
125.0000 3.1013
126.0000 2.9019
127.0000 3.0273
128.0000 3.2189
129.0000 3.2856
130.0000 3.0968
131.0000 3.2905
132.0000 3.4585
133.0000 3.2990
134.0000 3.3356
135.0000 3.4923
136.0000 3.6015
137.0000 3.6980
138.0000 3.7661
139.0000 3.7618
140.0000 3.5618
141.0000 3.7126
142.0000 3.8855
143.0000 4.0637
144.0000 3.8961
145.0000 3.9043
146.0000 3.7211
147.0000 3.9189
148.0000 3.9991
149.0000 3.9167
150.0000 3.7393
151.0000 3.6843
