1.0000 3.3216
2.0000 3.1332
3.0000 3.1135
4.0000 3.3117
5.0000 3.1122
6.0000 3.3120
7.0000 3.3961
8.0000 3.2381
9.0000 3.4364
10.0000 3.4643
11.0000 3.3130
12.0000 3.1421
13.0000 3.3018
14.0000 3.2294
15.0000 3.2305
16.0000 3.1471
17.0000 3.0552
18.0000 3.0260
19.0000 3.0374
20.0000 2.8709
21.0000 3.0528
22.0000 2.9015
23.0000 3.0092
24.0000 2.8569
25.0000 3.0546
26.0000 3.1729
27.0000 3.3713
28.0000 3.3803
29.0000 3.2061
30.0000 3.3431
31.0000 3.2205
32.0000 3.4046
33.0000 3.3655
34.0000 3.2403
35.0000 3.0624
36.0000 3.0593
37.0000 3.2365
38.0000 3.4362
39.0000 3.2563
40.0000 3.0733
41.0000 2.8746
42.0000 2.7033
43.0000 2.5823
44.0000 2.3976
45.0000 2.3231
46.0000 2.4317
47.0000 2.5093
48.0000 2.7074
49.0000 2.5622
50.0000 2.7380
51.0000 2.5800
52.0000 2.4849
53.0000 2.6741
54.0000 2.7858
55.0000 2.8389
56.0000 2.6541
57.0000 2.8532
58.0000 2.8821
59.0000 2.7166
60.0000 2.8586
61.0000 2.6904
62.0000 2.7172
63.0000 2.6361
64.0000 2.6882
65.0000 2.6025
66.0000 2.6099
67.0000 2.5087
68.0000 2.3264
69.0000 2.2147
70.0000 2.3952
71.0000 2.5772
72.0000 2.4260
73.0000 2.6251
74.0000 2.7126
75.0000 2.8343
76.0000 2.7984
77.0000 2.7312
78.0000 2.6764
79.0000 2.6248
80.0000 2.8211
81.0000 2.9291
82.0000 3.0895
83.0000 2.9461
84.0000 2.8473
85.0000 2.6742
86.0000 2.5276
87.0000 2.6485
88.0000 2.6849
89.0000 2.4988
90.0000 2.4982
91.0000 2.4168
92.0000 2.3820
93.0000 2.1883
94.0000 2.1492
95.0000 1.9821
96.0000 1.9642
97.0000 2.1026
98.0000 2.2143
99.0000 2.2904
100.0000 2.3711
101.0000 2.3311
102.0000 2.1728
103.0000 2.2262
104.0000 2.1818
105.0000 2.2937
106.0000 2.4142
107.0000 2.3637
108.0000 2.4214
109.0000 2.6034
110.0000 2.5415
111.0000 2.6399
112.0000 2.4652
113.0000 2.2966
114.0000 2.4564
115.0000 2.3723
116.0000 2.5715
117.0000 2.6702
118.0000 2.8542
119.0000 3.0468
120.0000 3.2080
121.0000 3.2384
122.0000 3.0633
123.0000 3.1998
124.0000 3.2026
125.0000 3.1370
126.0000 3.3182
127.0000 3.2676
128.0000 3.0906
129.0000 3.2892
130.0000 3.0943
131.0000 3.2916
132.0000 3.4747
133.0000 3.6501
134.0000 3.7075
135.0000 3.7535
136.0000 3.8784
137.0000 3.6807
138.0000 3.8618
139.0000 3.9007
140.0000 3.9300
141.0000 3.8552
142.0000 3.6605
143.0000 3.6218
144.0000 3.7853
145.0000 3.5858
146.0000 3.6780
147.0000 3.4959
148.0000 3.4214
149.0000 3.4406
150.0000 3.4067
151.0000 3.4447
