1.0000 3.2795
2.0000 3.2956
3.0000 3.0956
4.0000 2.8996
5.0000 2.7001
6.0000 2.6646
7.0000 2.7139
8.0000 2.6979
9.0000 2.5735
10.0000 2.4162
11.0000 2.5325
12.0000 2.7048
13.0000 2.5138
14.0000 2.6022
15.0000 2.4318
16.0000 2.2512
17.0000 2.1533
18.0000 2.3495
19.0000 2.1633
20.0000 2.2642
21.0000 2.0761
22.0000 2.0941
23.0000 2.1767
24.0000 2.3500
25.0000 2.1500
26.0000 2.1442
27.0000 2.0710
28.0000 2.1990
29.0000 2.0643
30.0000 2.1863
31.0000 2.2982
32.0000 2.4890
33.0000 2.6246
34.0000 2.4929
35.0000 2.3510
36.0000 2.2019
37.0000 2.3686
38.0000 2.4419
39.0000 2.6146
40.0000 2.4317
41.0000 2.2340
42.0000 2.0862
43.0000 1.8878
44.0000 1.7447
45.0000 1.8624
46.0000 1.9602
47.0000 1.8886
48.0000 1.7764
49.0000 1.9613
50.0000 2.1471
51.0000 2.2848
52.0000 2.2435
53.0000 2.4389
54.0000 2.2860
55.0000 2.2412
56.0000 2.1367
57.0000 1.9639
58.0000 1.8047
59.0000 1.6711
60.0000 1.8639
61.0000 1.8068
62.0000 1.6160
63.0000 1.5362
64.0000 1.3533
65.0000 1.5382
66.0000 1.5868
67.0000 1.3874
68.0000 1.1908
69.0000 1.3872
70.0000 1.5732
71.0000 1.6417
72.0000 1.7128
73.0000 1.5172
74.0000 1.5186
75.0000 1.6842
76.0000 1.8030
77.0000 1.7239
78.0000 1.5626
79.0000 1.5533
80.0000 1.3566
81.0000 1.3266
82.0000 1.5264
83.0000 1.6882
84.0000 1.6468
85.0000 1.8447
86.0000 1.7337
87.0000 1.6136
88.0000 1.7086
89.0000 1.6237
90.0000 1.8165
91.0000 1.9414
92.0000 2.1393
93.0000 2.1528
94.0000 2.1032
95.0000 2.2336
96.0000 2.1922
97.0000 2.2701
98.0000 2.1276
99.0000 2.2121
100.0000 2.0330
101.0000 2.2180
102.0000 2.3186
103.0000 2.1928
104.0000 2.1142
105.0000 2.1889
106.0000 2.3298
107.0000 2.2077
108.0000 2.3384
109.0000 2.5143
110.0000 2.4375
111.0000 2.4745
112.0000 2.6556
113.0000 2.6312
114.0000 2.7223
115.0000 2.5437
116.0000 2.4687
117.0000 2.2762
118.0000 2.3881
119.0000 2.4915
120.0000 2.3038
121.0000 2.1044
122.0000 2.2879
123.0000 2.2520
124.0000 2.3914
125.0000 2.2178
126.0000 2.2387
127.0000 2.2665
128.0000 2.1101
129.0000 1.9138
130.0000 1.9963
131.0000 1.7984
132.0000 1.9903
133.0000 2.1415
134.0000 1.9894
135.0000 2.1870
136.0000 2.3804
137.0000 2.2108
138.0000 2.1725
139.0000 2.0281
140.0000 2.0550
141.0000 1.9477
142.0000 1.7933
143.0000 1.6053
144.0000 1.4079
145.0000 1.2332
146.0000 1.0333
147.0000 0.9284
148.0000 0.7540
149.0000 0.9486
150.0000 1.0587
151.0000 1.2554
