1.0000 3.1905
2.0000 3.3245
3.0000 3.5237
4.0000 3.3637
5.0000 3.5368
6.0000 3.4544
7.0000 3.3474
8.0000 3.1603
9.0000 3.2737
10.0000 3.1429
11.0000 2.9440
12.0000 2.8869
13.0000 3.0389
14.0000 2.8585
15.0000 2.9797
16.0000 3.0327
17.0000 2.9967
18.0000 3.0617
19.0000 2.9691
20.0000 3.0215
21.0000 2.9255
22.0000 3.0388
23.0000 3.1609
24.0000 3.0804
25.0000 3.2455
26.0000 3.3073
27.0000 3.2202
28.0000 3.0203
29.0000 2.8205
30.0000 2.9808
31.0000 3.0854
32.0000 3.2769
33.0000 3.1257
34.0000 3.2969
35.0000 3.1187
36.0000 3.2455
37.0000 3.2050
38.0000 3.2372
39.0000 3.2018
40.0000 3.3898
41.0000 3.3656
42.0000 3.4333
43.0000 3.2843
44.0000 3.4456
45.0000 3.3589
46.0000 3.4753
47.0000 3.3206
48.0000 3.2649
49.0000 3.3785
50.0000 3.2362
51.0000 3.2421
52.0000 3.2033
53.0000 3.0971
54.0000 2.9068
55.0000 3.0488
56.0000 3.1478
57.0000 2.9528
58.0000 3.1082
59.0000 2.9322
60.0000 2.7327
61.0000 2.9153
62.0000 2.9229
63.0000 2.9602
64.0000 3.0276
65.0000 3.2212
66.0000 3.4205
67.0000 3.5747
68.0000 3.4472
69.0000 3.2938
70.0000 3.1007
71.0000 3.0331
72.0000 3.1537
73.0000 3.3527
74.0000 3.2980
75.0000 3.4032
76.0000 3.3586
77.0000 3.5371
78.0000 3.3622
79.0000 3.3155
80.0000 3.4830
81.0000 3.3199
82.0000 3.1215
83.0000 3.0759
84.0000 2.8863
85.0000 2.9950
86.0000 3.0897
87.0000 3.1701
88.0000 2.9969
89.0000 3.1726
90.0000 3.1094
91.0000 3.3089
92.0000 3.1327
93.0000 3.2454
94.0000 3.2626
95.0000 3.4231
96.0000 3.5586
97.0000 3.5664
98.0000 3.7099
99.0000 3.5387
100.0000 3.7256
101.0000 3.5807
102.0000 3.4359
103.0000 3.2437
104.0000 3.4232
105.0000 3.4549
106.0000 3.6450
107.0000 3.7186
108.0000 3.6325
109.0000 3.8266
110.0000 3.7215
111.0000 3.5379
112.0000 3.6623
113.0000 3.6110
114.0000 3.5164
115.0000 3.3618
116.0000 3.3687
117.0000 3.3281
118.0000 3.2283
119.0000 3.0316
120.0000 2.8331
121.0000 3.0129
122.0000 3.1235
123.0000 3.3200
124.0000 3.4426
125.0000 3.6168
126.0000 3.5898
127.0000 3.7712
128.0000 3.6010
129.0000 3.4607
130.0000 3.4792
131.0000 3.4478
132.0000 3.3897
133.0000 3.5842
134.0000 3.5168
135.0000 3.3237
136.0000 3.4877
137.0000 3.5558
138.0000 3.4502
139.0000 3.3248
140.0000 3.3210
141.0000 3.5119
142.0000 3.6782
143.0000 3.6439
144.0000 3.7324
145.0000 3.5324
146.0000 3.7275
147.0000 3.9095
148.0000 3.9877
149.0000 3.7951
150.0000 3.6474
151.0000 3.8377
