1.0000 2.9965
2.0000 3.1065
3.0000 3.2627
4.0000 3.0705
5.0000 2.9303
6.0000 2.9639
7.0000 2.7641
8.0000 2.8591
9.0000 2.6602
10.0000 2.8159
11.0000 2.9806
12.0000 3.1666
13.0000 3.2600
14.0000 3.0919
15.0000 2.9845
16.0000 3.1810
17.0000 3.0484
18.0000 2.8970
19.0000 2.8689
20.0000 2.6945
21.0000 2.5645
22.0000 2.6881
23.0000 2.5051
24.0000 2.4693
25.0000 2.6651
26.0000 2.6133
27.0000 2.6603
28.0000 2.8488
29.0000 2.7508
30.0000 2.9489
31.0000 2.9033
32.0000 3.0046
33.0000 2.8050
34.0000 2.6125
35.0000 2.8124
36.0000 2.9890
37.0000 3.0160
38.0000 3.1894
39.0000 2.9962
40.0000 2.8880
41.0000 2.9092
42.0000 3.0837
43.0000 3.1175
44.0000 3.1076
45.0000 3.1342
46.0000 3.3340
47.0000 3.4287
48.0000 3.5761
49.0000 3.4611
50.0000 3.4956
51.0000 3.5176
52.0000 3.6769
53.0000 3.6667
54.0000 3.5754
55.0000 3.3781
56.0000 3.5452
57.0000 3.4315
58.0000 3.2324
59.0000 3.1170
60.0000 2.9419
61.0000 3.0635
62.0000 3.0891
63.0000 3.2366
64.0000 3.0542
65.0000 3.1949
66.0000 3.0911
67.0000 2.9274
68.0000 3.0610
69.0000 3.0706
70.0000 3.0722
71.0000 3.2475
72.0000 3.2605
73.0000 3.1269
74.0000 2.9790
75.0000 2.8327
76.0000 2.9881
77.0000 3.0599
78.0000 2.9260
79.0000 3.0938
80.0000 3.0216
81.0000 2.8598
82.0000 3.0481
83.0000 2.9727
84.0000 3.1702
85.0000 3.1206
86.0000 2.9287
87.0000 2.7292
88.0000 2.9072
89.0000 3.1071
90.0000 3.0806
91.0000 3.0789
92.0000 2.9336
93.0000 2.8786
94.0000 2.7195
95.0000 2.9162
96.0000 2.7232
97.0000 2.5826
98.0000 2.5549
99.0000 2.5383
100.0000 2.7297
101.0000 2.5344
102.0000 2.4742
103.0000 2.4627
104.0000 2.2941
105.0000 2.2868
106.0000 2.1787
107.0000 2.3781
108.0000 2.4715
109.0000 2.5022
110.0000 2.4148
111.0000 2.2177
112.0000 2.2931
113.0000 2.4673
114.0000 2.6463
115.0000 2.6706
116.0000 2.4876
117.0000 2.3197
118.0000 2.3431
119.0000 2.5364
120.0000 2.6907
121.0000 2.5213
122.0000 2.3409
123.0000 2.5050
124.0000 2.6839
125.0000 2.5143
126.0000 2.3193
127.0000 2.4576
128.0000 2.2832
129.0000 2.4582
130.0000 2.6094
131.0000 2.4537
132.0000 2.3138
133.0000 2.1418
134.0000 1.9745
135.0000 1.9835
136.0000 1.8000
137.0000 1.7113
138.0000 1.8110
139.0000 1.9004
140.0000 1.7142
141.0000 1.9141
142.0000 2.0030
143.0000 1.8379
144.0000 1.6381
145.0000 1.7433
146.0000 1.7617
147.0000 1.9097
148.0000 1.9186
149.0000 1.7709
150.0000 1.5884
151.0000 1.6674
