1.0000 3.2512
2.0000 3.2488
3.0000 3.2000
4.0000 3.0132
5.0000 2.9844
6.0000 2.8305
7.0000 3.0025
8.0000 3.0043
9.0000 3.1299
10.0000 3.2194
11.0000 3.0680
12.0000 3.2473
13.0000 3.3643
14.0000 3.4250
15.0000 3.5357
16.0000 3.4219
17.0000 3.5810
18.0000 3.7228
19.0000 3.5672
20.0000 3.3950
21.0000 3.5780
22.0000 3.7775
23.0000 3.6040
24.0000 3.5290
25.0000 3.5782
26.0000 3.7339
27.0000 3.6091
28.0000 3.7718
29.0000 3.6423
30.0000 3.4537
31.0000 3.3959
32.0000 3.5779
33.0000 3.4493
34.0000 3.4554
35.0000 3.5385
36.0000 3.6592
37.0000 3.4618
38.0000 3.5970
39.0000 3.7680
40.0000 3.5751
41.0000 3.5084
42.0000 3.3856
43.0000 3.4868
44.0000 3.3659
45.0000 3.3403
46.0000 3.2919
47.0000 3.4849
48.0000 3.3354
49.0000 3.1536
50.0000 3.3483
51.0000 3.4850
52.0000 3.6806
53.0000 3.7322
54.0000 3.6867
55.0000 3.6401
56.0000 3.5023
57.0000 3.6990
58.0000 3.7319
59.0000 3.6067
60.0000 3.7488
61.0000 3.8665
62.0000 4.0626
63.0000 4.1989
64.0000 4.0629
65.0000 4.0531
66.0000 4.1300
67.0000 4.0068
68.0000 3.8765
69.0000 3.6833
70.0000 3.8421
71.0000 3.7842
72.0000 3.9385
73.0000 3.8504
74.0000 3.8602
75.0000 3.6718
76.0000 3.6213
77.0000 3.4214
78.0000 3.2230
79.0000 3.0344
80.0000 3.2331
81.0000 3.1908
82.0000 3.3274
83.0000 3.5116
84.0000 3.6458
85.0000 3.4615
86.0000 3.6242
87.0000 3.6249
88.0000 3.8229
89.0000 3.8759
90.0000 4.0758
91.0000 3.8948
92.0000 3.8251
93.0000 3.9394
94.0000 3.9307
95.0000 3.8545
96.0000 3.7599
97.0000 3.7169
98.0000 3.8353
99.0000 3.7286
100.0000 3.8539
101.0000 3.9381
102.0000 3.7414
103.0000 3.8788
104.0000 3.6846
105.0000 3.8669
106.0000 3.8527
107.0000 4.0192
108.0000 3.8401
109.0000 4.0320
110.0000 3.9425
111.0000 4.1319
112.0000 3.9600
113.0000 3.7853
114.0000 3.6695
115.0000 3.5846
116.0000 3.4646
117.0000 3.6358
118.0000 3.7064
119.0000 3.9031
120.0000 3.8743
121.0000 3.6893
122.0000 3.5322
123.0000 3.6539
124.0000 3.4765
125.0000 3.5641
126.0000 3.7310
127.0000 3.5360
128.0000 3.6868
129.0000 3.8861
130.0000 4.0114
131.0000 3.9447
132.0000 3.7561
133.0000 3.5605
134.0000 3.6378
135.0000 3.7299
136.0000 3.5519
137.0000 3.7062
138.0000 3.5186
139.0000 3.5209
140.0000 3.7196
141.0000 3.5553
142.0000 3.4335
143.0000 3.3457
144.0000 3.4817
145.0000 3.2993
146.0000 3.2811
147.0000 3.3754
148.0000 3.1920
149.0000 3.2304
150.0000 3.3625
151.0000 3.5618
