1.0000 3.3377
2.0000 3.4380
3.0000 3.5832
4.0000 3.7583
5.0000 3.6737
6.0000 3.5589
7.0000 3.7094
8.0000 3.8160
9.0000 3.8942
10.0000 3.7236
11.0000 3.8592
12.0000 4.0356
13.0000 4.2206
14.0000 4.0310
15.0000 3.9789
16.0000 4.0962
17.0000 4.2593
18.0000 4.1571
19.0000 4.3298
20.0000 4.2515
21.0000 4.2180
22.0000 4.2535
23.0000 4.2912
24.0000 4.0986
25.0000 4.1148
26.0000 4.1470
27.0000 4.1600
28.0000 4.1698
29.0000 4.1635
30.0000 4.1739
31.0000 4.3072
32.0000 4.2195
33.0000 4.2292
34.0000 4.2379
35.0000 4.4018
36.0000 4.2024
37.0000 4.3642
38.0000 4.3946
39.0000 4.2661
40.0000 4.2351
41.0000 4.1557
42.0000 4.2241
43.0000 4.2158
44.0000 4.0326
45.0000 3.8328
46.0000 3.8763
47.0000 3.6835
48.0000 3.5192
49.0000 3.7026
50.0000 3.8235
51.0000 3.6373
52.0000 3.8358
53.0000 3.7096
54.0000 3.5673
55.0000 3.5521
56.0000 3.4748
57.0000 3.3666
58.0000 3.5402
59.0000 3.3933
60.0000 3.5827
61.0000 3.4429
62.0000 3.4177
63.0000 3.6177
64.0000 3.5132
65.0000 3.4187
66.0000 3.5874
67.0000 3.3971
68.0000 3.5249
69.0000 3.7183
70.0000 3.5183
71.0000 3.3554
72.0000 3.1880
73.0000 3.1363
74.0000 2.9549
75.0000 2.7837
76.0000 2.9561
77.0000 2.8942
78.0000 2.8254
79.0000 2.7135
80.0000 2.8697
81.0000 3.0254
82.0000 3.2203
83.0000 3.3323
84.0000 3.1749
85.0000 3.1218
86.0000 3.2442
87.0000 3.1193
88.0000 3.0288
89.0000 2.8807
90.0000 2.7063
91.0000 2.6645
92.0000 2.6325
93.0000 2.6092
94.0000 2.6327
95.0000 2.5450
96.0000 2.4395
97.0000 2.6205
98.0000 2.8071
99.0000 2.9948
100.0000 3.0062
101.0000 3.1559
102.0000 2.9593
103.0000 3.0025
104.0000 3.0754
105.0000 2.9416
106.0000 3.0467
107.0000 2.8694
108.0000 2.7725
109.0000 2.8517
110.0000 2.9265
111.0000 2.8544
112.0000 2.7166
113.0000 2.5455
114.0000 2.4622
115.0000 2.4067
116.0000 2.2067
117.0000 2.1803
118.0000 2.2416
119.0000 2.0420
120.0000 1.9945
121.0000 1.8129
122.0000 1.6820
123.0000 1.7452
124.0000 1.6967
125.0000 1.8894
126.0000 2.0696
127.0000 2.0729
128.0000 2.2603
129.0000 2.2309
130.0000 2.3957
131.0000 2.5403
132.0000 2.4339
133.0000 2.4005
134.0000 2.2602
135.0000 2.4185
136.0000 2.6036
137.0000 2.7785
138.0000 2.9378
139.0000 3.0647
140.0000 2.9589
141.0000 2.7592
142.0000 2.8180
143.0000 2.9766
144.0000 2.8070
145.0000 2.6262
146.0000 2.6360
147.0000 2.5206
148.0000 2.4168
149.0000 2.3921
150.0000 2.1921
151.0000 2.0333
