1.0000 2.9787
2.0000 2.7848
3.0000 2.9065
4.0000 2.9928
5.0000 2.9694
6.0000 2.8169
7.0000 2.8591
8.0000 2.9879
9.0000 3.1869
10.0000 3.0372
11.0000 2.9998
12.0000 2.8281
13.0000 2.9233
14.0000 3.0763
15.0000 2.9286
16.0000 2.8143
17.0000 2.8634
18.0000 3.0269
19.0000 3.0926
20.0000 3.1605
21.0000 2.9619
22.0000 2.7673
23.0000 2.8065
24.0000 2.7570
25.0000 2.7509
26.0000 2.7849
27.0000 2.6551
28.0000 2.8135
29.0000 2.6383
30.0000 2.7985
31.0000 2.9798
32.0000 2.8385
33.0000 2.8983
34.0000 2.7129
35.0000 2.6688
36.0000 2.5394
37.0000 2.4475
38.0000 2.6393
39.0000 2.4936
40.0000 2.6498
41.0000 2.4501
42.0000 2.3320
43.0000 2.1320
44.0000 1.9369
45.0000 2.0912
46.0000 2.2301
47.0000 2.4301
48.0000 2.4645
49.0000 2.4842
50.0000 2.6032
51.0000 2.4553
52.0000 2.6471
53.0000 2.8468
54.0000 2.6571
55.0000 2.7634
56.0000 2.8735
57.0000 2.9815
58.0000 2.8452
59.0000 2.8777
60.0000 2.7496
61.0000 2.9282
62.0000 2.8758
63.0000 2.8921
64.0000 2.7847
65.0000 2.9247
66.0000 3.0721
67.0000 3.1414
68.0000 3.1008
69.0000 3.2146
70.0000 3.3673
71.0000 3.3856
72.0000 3.3571
73.0000 3.2457
74.0000 3.4306
75.0000 3.2400
76.0000 3.0494
77.0000 3.1775
78.0000 2.9966
79.0000 2.8122
80.0000 2.7760
81.0000 2.9575
82.0000 2.7805
83.0000 2.7551
84.0000 2.5631
85.0000 2.7431
86.0000 2.8585
87.0000 2.7930
88.0000 2.6323
89.0000 2.8076
90.0000 2.6077
91.0000 2.4106
92.0000 2.6019
93.0000 2.6764
94.0000 2.8241
95.0000 2.6600
96.0000 2.5570
97.0000 2.5669
98.0000 2.5123
99.0000 2.5445
100.0000 2.3928
101.0000 2.5681
102.0000 2.3746
103.0000 2.5697
104.0000 2.6344
105.0000 2.5514
106.0000 2.3886
107.0000 2.5700
108.0000 2.6917
109.0000 2.7687
110.0000 2.5699
111.0000 2.3771
112.0000 2.5046
113.0000 2.6465
114.0000 2.5060
115.0000 2.5895
116.0000 2.3947
117.0000 2.3823
118.0000 2.3640
119.0000 2.4385
120.0000 2.5763
121.0000 2.5773
122.0000 2.4981
123.0000 2.6379
124.0000 2.5114
125.0000 2.5444
126.0000 2.4698
127.0000 2.6648
128.0000 2.6149
129.0000 2.5407
130.0000 2.4524
131.0000 2.4143
132.0000 2.2143
133.0000 2.1966
134.0000 2.3247
135.0000 2.3509
136.0000 2.2196
137.0000 2.0228
138.0000 2.2135
139.0000 2.4127
140.0000 2.2575
141.0000 2.3128
142.0000 2.5114
143.0000 2.6177
144.0000 2.4187
145.0000 2.6182
146.0000 2.4268
147.0000 2.2897
148.0000 2.3916
149.0000 2.1917
150.0000 2.1947
151.0000 2.3757
