1.0000 3.1595
2.0000 3.2283
3.0000 3.0387
4.0000 2.9474
5.0000 2.7481
6.0000 2.7569
7.0000 2.5597
8.0000 2.4355
9.0000 2.4683
10.0000 2.2840
11.0000 2.3268
12.0000 2.5268
13.0000 2.4527
14.0000 2.2610
15.0000 2.3679
16.0000 2.5508
17.0000 2.3532
18.0000 2.1552
19.0000 2.3122
20.0000 2.2186
21.0000 2.0976
22.0000 2.2634
23.0000 2.4134
24.0000 2.2154
25.0000 2.2022
26.0000 2.0057
27.0000 2.1361
28.0000 2.2305
29.0000 2.2919
30.0000 2.3587
31.0000 2.2071
32.0000 2.1515
33.0000 2.3496
34.0000 2.3245
35.0000 2.4405
36.0000 2.3123
37.0000 2.1802
38.0000 1.9867
39.0000 2.0767
40.0000 1.9745
41.0000 1.7763
42.0000 1.9473
43.0000 2.0543
44.0000 2.2530
45.0000 2.0546
46.0000 1.9389
47.0000 1.8168
48.0000 1.9521
49.0000 2.0564
50.0000 2.1682
51.0000 2.0005
52.0000 1.8005
53.0000 1.9910
54.0000 1.9500
55.0000 1.9809
56.0000 2.0589
57.0000 2.1360
58.0000 1.9574
59.0000 2.0081
60.0000 1.8994
61.0000 1.9080
62.0000 1.9679
63.0000 2.1676
64.0000 2.3145
65.0000 2.4431
66.0000 2.2448
67.0000 2.3158
68.0000 2.4276
69.0000 2.2470
70.0000 2.4344
71.0000 2.6027
72.0000 2.4554
73.0000 2.6180
74.0000 2.8156
75.0000 2.6694
76.0000 2.6223
77.0000 2.5777
78.0000 2.4258
79.0000 2.2264
80.0000 2.1601
81.0000 2.3551
82.0000 2.3899
83.0000 2.2068
84.0000 2.2465
85.0000 2.3342
86.0000 2.1342
87.0000 2.1362
88.0000 2.2031
89.0000 2.4010
90.0000 2.3922
91.0000 2.3228
92.0000 2.2012
93.0000 2.1923
94.0000 2.3906
95.0000 2.2669
96.0000 2.4460
97.0000 2.5609
98.0000 2.6412
99.0000 2.4457
100.0000 2.2615
101.0000 2.3254
102.0000 2.4802
103.0000 2.6783
104.0000 2.5723
105.0000 2.4353
106.0000 2.2355
107.0000 2.1257
108.0000 1.9934
109.0000 2.1920
110.0000 2.3269
111.0000 2.3123
112.0000 2.2662
113.0000 2.2345
114.0000 2.3855
115.0000 2.3846
116.0000 2.2795
117.0000 2.3735
118.0000 2.5137
119.0000 2.4408
120.0000 2.3237
121.0000 2.4712
122.0000 2.4172
123.0000 2.2772
124.0000 2.4652
125.0000 2.4069
126.0000 2.5800
127.0000 2.3811
128.0000 2.3439
129.0000 2.2275
130.0000 2.4209
131.0000 2.5678
132.0000 2.4090
133.0000 2.5856
134.0000 2.6994
135.0000 2.6713
136.0000 2.4997
137.0000 2.6216
138.0000 2.7794
139.0000 2.7521
140.0000 2.8903
141.0000 2.8384
142.0000 2.6647
143.0000 2.4892
144.0000 2.3695
145.0000 2.4443
146.0000 2.5749
147.0000 2.4387
148.0000 2.6361
149.0000 2.4434
150.0000 2.4575
151.0000 2.3527
