1.0000 3.0133
2.0000 2.8208
3.0000 2.9547
4.0000 2.9224
5.0000 2.7851
6.0000 2.9020
7.0000 2.7030
8.0000 2.8179
9.0000 2.6492
10.0000 2.7892
11.0000 2.6214
12.0000 2.4747
13.0000 2.6632
14.0000 2.4657
15.0000 2.6178
16.0000 2.5919
17.0000 2.6609
18.0000 2.4833
19.0000 2.5272
20.0000 2.7004
21.0000 2.5487
22.0000 2.5987
23.0000 2.3989
24.0000 2.2124
25.0000 2.2853
26.0000 2.1461
27.0000 1.9989
28.0000 2.1552
29.0000 2.2546
30.0000 2.1246
31.0000 1.9904
32.0000 1.8334
33.0000 2.0093
34.0000 1.8519
35.0000 2.0443
36.0000 2.0898
37.0000 2.2331
38.0000 2.1420
39.0000 2.0100
40.0000 2.1114
41.0000 2.1655
42.0000 2.3177
43.0000 2.5057
44.0000 2.6434
45.0000 2.6861
46.0000 2.4990
47.0000 2.3460
48.0000 2.3286
49.0000 2.2676
50.0000 2.0985
51.0000 2.2976
52.0000 2.3085
53.0000 2.2656
54.0000 2.2218
55.0000 2.0889
56.0000 1.9310
57.0000 2.0542
58.0000 1.9768
59.0000 1.7871
60.0000 1.7494
61.0000 1.6406
62.0000 1.6691
63.0000 1.5459
64.0000 1.4162
65.0000 1.3565
66.0000 1.5199
67.0000 1.6630
68.0000 1.6943
69.0000 1.8169
70.0000 1.6170
71.0000 1.5049
72.0000 1.4732
73.0000 1.3361
74.0000 1.1373
75.0000 1.1814
76.0000 1.0974
77.0000 1.0363
78.0000 1.0771
79.0000 1.2664
80.0000 1.4456
81.0000 1.5753
82.0000 1.4468
83.0000 1.6466
84.0000 1.4545
85.0000 1.5068
86.0000 1.4102
87.0000 1.5498
88.0000 1.6475
89.0000 1.8221
90.0000 1.9589
91.0000 1.7740
92.0000 1.7501
93.0000 1.8626
94.0000 1.8697
95.0000 1.9962
96.0000 2.1959
97.0000 2.3959
98.0000 2.4551
99.0000 2.6300
100.0000 2.5265
101.0000 2.7046
102.0000 2.5432
103.0000 2.5637
104.0000 2.7185
105.0000 2.6390
106.0000 2.7162
107.0000 2.6381
108.0000 2.7818
109.0000 2.7173
110.0000 2.7321
111.0000 2.5399
112.0000 2.6566
113.0000 2.4750
114.0000 2.6622
115.0000 2.6015
116.0000 2.6916
117.0000 2.7291
118.0000 2.6682
119.0000 2.7514
120.0000 2.8117
121.0000 2.8983
122.0000 2.9496
123.0000 2.9283
124.0000 2.7373
125.0000 2.6991
126.0000 2.6809
127.0000 2.7768
128.0000 2.6101
129.0000 2.4101
130.0000 2.6040
131.0000 2.7332
132.0000 2.6585
133.0000 2.8341
134.0000 2.7821
135.0000 2.6345
136.0000 2.7544
137.0000 2.6668
138.0000 2.5440
139.0000 2.3465
140.0000 2.2109
141.0000 2.4075
142.0000 2.3195
143.0000 2.1197
144.0000 2.2611
145.0000 2.2846
146.0000 2.4481
147.0000 2.3445
148.0000 2.5403
149.0000 2.4578
150.0000 2.3047
151.0000 2.1586
