1.0000 3.1772
2.0000 3.0611
3.0000 3.0949
4.0000 2.9904
5.0000 2.7934
6.0000 2.9789
7.0000 2.8457
8.0000 3.0190
9.0000 2.8195
10.0000 2.6687
11.0000 2.4687
12.0000 2.6522
13.0000 2.7698
14.0000 2.7743
15.0000 2.5743
16.0000 2.7185
17.0000 2.9101
18.0000 2.8239
19.0000 2.6780
20.0000 2.6361
21.0000 2.4661
22.0000 2.3224
23.0000 2.1261
24.0000 2.0667
25.0000 2.2200
26.0000 2.2214
27.0000 2.3952
28.0000 2.3610
29.0000 2.1679
30.0000 2.0738
31.0000 1.9837
32.0000 2.1462
33.0000 2.3382
34.0000 2.5213
35.0000 2.3540
36.0000 2.1689
37.0000 1.9690
38.0000 1.7939
39.0000 1.9780
40.0000 2.1530
41.0000 2.3482
42.0000 2.2268
43.0000 2.2493
44.0000 2.4475
45.0000 2.2637
46.0000 2.4242
47.0000 2.3147
48.0000 2.2837
49.0000 2.1811
50.0000 1.9865
51.0000 2.1771
52.0000 2.0688
53.0000 2.1183
54.0000 2.0242
55.0000 2.0953
56.0000 1.9016
57.0000 1.7700
58.0000 1.6584
59.0000 1.4729
60.0000 1.3756
61.0000 1.2024
62.0000 1.0161
63.0000 1.1185
64.0000 1.3183
65.0000 1.1190
66.0000 1.1299
67.0000 0.9588
68.0000 0.7682
69.0000 0.7882
70.0000 0.7737
71.0000 0.7437
72.0000 0.9274
73.0000 1.0814
74.0000 0.9069
75.0000 1.0876
76.0000 1.2521
77.0000 1.4002
78.0000 1.4223
79.0000 1.2931
80.0000 1.1073
81.0000 1.2018
82.0000 1.2123
83.0000 1.1517
84.0000 0.9769
85.0000 0.8369
86.0000 0.6394
87.0000 0.5236
88.0000 0.5896
89.0000 0.4816
90.0000 0.5064
91.0000 0.7045
92.0000 0.7968
93.0000 0.7471
94.0000 0.9454
95.0000 1.0955
96.0000 1.2663
97.0000 1.1354
98.0000 1.3125
99.0000 1.3619
100.0000 1.5236
101.0000 1.3561
102.0000 1.3176
103.0000 1.3315
104.0000 1.4899
105.0000 1.5811
106.0000 1.3921
107.0000 1.4788
108.0000 1.5371
109.0000 1.3501
110.0000 1.1652
111.0000 1.3638
112.0000 1.4871
113.0000 1.6642
114.0000 1.7992
115.0000 1.8583
116.0000 2.0386
117.0000 2.1315
118.0000 2.1507
119.0000 2.1341
120.0000 2.3236
121.0000 2.1293
122.0000 1.9930
123.0000 1.8209
124.0000 1.6215
125.0000 1.5712
126.0000 1.4539
127.0000 1.3091
128.0000 1.5015
129.0000 1.6991
130.0000 1.8795
131.0000 1.9889
132.0000 1.7904
133.0000 1.6572
134.0000 1.6242
135.0000 1.4752
136.0000 1.4502
137.0000 1.5156
138.0000 1.5106
139.0000 1.5410
140.0000 1.4375
141.0000 1.6304
142.0000 1.6262
143.0000 1.4263
144.0000 1.2505
145.0000 1.1619
146.0000 1.2380
147.0000 1.4001
148.0000 1.5310
149.0000 1.7105
150.0000 1.7477
151.0000 1.5962
