1.0000 3.1536
2.0000 3.0611
3.0000 3.2343
4.0000 3.1457
5.0000 3.2842
6.0000 3.4118
7.0000 3.4253
8.0000 3.4764
9.0000 3.5122
10.0000 3.7073
11.0000 3.7615
12.0000 3.7082
13.0000 3.5674
14.0000 3.3893
15.0000 3.5893
16.0000 3.3919
17.0000 3.2502
18.0000 3.4489
19.0000 3.2750
20.0000 3.2011
21.0000 3.0943
22.0000 2.9646
23.0000 2.8918
24.0000 2.9891
25.0000 2.7977
26.0000 2.8989
27.0000 2.7251
28.0000 2.5251
29.0000 2.3513
30.0000 2.4264
31.0000 2.5244
32.0000 2.5477
33.0000 2.7212
34.0000 2.6685
35.0000 2.6655
36.0000 2.8632
37.0000 2.6646
38.0000 2.4802
39.0000 2.5685
40.0000 2.7499
41.0000 2.8882
42.0000 2.8551
43.0000 2.9892
44.0000 2.8446
45.0000 3.0309
46.0000 3.0285
47.0000 3.0488
48.0000 3.0105
49.0000 3.1527
50.0000 3.1960
51.0000 3.0010
52.0000 2.9255
53.0000 2.9774
54.0000 3.1493
55.0000 3.2806
56.0000 3.4803
57.0000 3.6413
58.0000 3.4473
59.0000 3.2476
60.0000 3.4300
61.0000 3.6107
62.0000 3.5521
63.0000 3.7007
64.0000 3.7068
65.0000 3.5482
66.0000 3.6243
67.0000 3.6520
68.0000 3.5632
69.0000 3.7273
70.0000 3.5320
71.0000 3.6418
72.0000 3.4445
73.0000 3.6439
74.0000 3.6083
75.0000 3.4266
76.0000 3.2533
77.0000 3.3867
78.0000 3.5845
79.0000 3.6717
80.0000 3.7633
81.0000 3.9460
82.0000 3.9868
83.0000 3.9000
84.0000 3.7435
85.0000 3.8240
86.0000 3.7451
87.0000 3.6515
88.0000 3.7328
89.0000 3.8229
90.0000 4.0169
91.0000 3.8391
92.0000 3.6466
93.0000 3.5276
94.0000 3.3282
95.0000 3.1684
96.0000 3.3625
97.0000 3.5599
98.0000 3.5539
99.0000 3.4828
100.0000 3.5368
101.0000 3.4167
102.0000 3.2198
103.0000 3.0504
104.0000 3.1792
105.0000 3.0474
106.0000 3.0395
107.0000 2.8670
108.0000 3.0636
109.0000 2.9952
110.0000 2.9499
111.0000 2.7959
112.0000 2.9929
113.0000 3.0781
114.0000 2.9410
115.0000 2.8087
116.0000 2.8575
117.0000 3.0041
118.0000 2.9428
119.0000 2.8595
120.0000 2.7552
121.0000 2.8665
122.0000 3.0197
123.0000 2.9087
124.0000 2.9606
125.0000 2.7613
126.0000 2.6968
127.0000 2.8962
128.0000 3.0899
129.0000 2.9039
130.0000 3.1031
131.0000 3.1836
132.0000 3.0729
133.0000 2.9097
134.0000 3.1097
135.0000 3.2774
136.0000 3.4769
137.0000 3.5335
138.0000 3.7327
139.0000 3.6614
140.0000 3.7443
141.0000 3.6732
142.0000 3.5739
143.0000 3.4758
144.0000 3.5342
145.0000 3.7331
146.0000 3.8185
147.0000 3.9036
148.0000 4.1034
149.0000 4.0825
150.0000 3.8829
151.0000 4.0696
