1.0000 3.3167
2.0000 3.4025
3.0000 3.3246
4.0000 3.4891
5.0000 3.5214
6.0000 3.6456
7.0000 3.4527
8.0000 3.2810
9.0000 3.2812
10.0000 3.4349
11.0000 3.5264
12.0000 3.4856
13.0000 3.5821
14.0000 3.5758
15.0000 3.7747
16.0000 3.5993
17.0000 3.5346
18.0000 3.6935
19.0000 3.5307
20.0000 3.3382
21.0000 3.3928
22.0000 3.5217
23.0000 3.3217
24.0000 3.4757
25.0000 3.3291
26.0000 3.4544
27.0000 3.6473
28.0000 3.5458
29.0000 3.3887
30.0000 3.1993
31.0000 3.2720
32.0000 3.4049
33.0000 3.4368
34.0000 3.4004
35.0000 3.3491
36.0000 3.1512
37.0000 3.3506
38.0000 3.4570
39.0000 3.6244
40.0000 3.4413
41.0000 3.4484
42.0000 3.2485
43.0000 3.3743
44.0000 3.4766
45.0000 3.2795
46.0000 3.4565
47.0000 3.2892
48.0000 3.4270
49.0000 3.5784
50.0000 3.7451
51.0000 3.6450
52.0000 3.6538
53.0000 3.4778
54.0000 3.4434
55.0000 3.2563
56.0000 3.3666
57.0000 3.2468
58.0000 3.0629
59.0000 2.8750
60.0000 2.6790
61.0000 2.7373
62.0000 2.8805
63.0000 2.6806
64.0000 2.6005
65.0000 2.4595
66.0000 2.5067
67.0000 2.4935
68.0000 2.3046
69.0000 2.4908
70.0000 2.5353
71.0000 2.6381
72.0000 2.8373
73.0000 2.6558
74.0000 2.4721
75.0000 2.3389
76.0000 2.4221
77.0000 2.5777
78.0000 2.4004
79.0000 2.3644
80.0000 2.1654
81.0000 2.3165
82.0000 2.1225
83.0000 2.3165
84.0000 2.4230
85.0000 2.5273
86.0000 2.3306
87.0000 2.1512
88.0000 2.0564
89.0000 2.1720
90.0000 2.3518
91.0000 2.5480
92.0000 2.3941
93.0000 2.2651
94.0000 2.3685
95.0000 2.5575
96.0000 2.7252
97.0000 2.5899
98.0000 2.5216
99.0000 2.4509
100.0000 2.2920
101.0000 2.4774
102.0000 2.3911
103.0000 2.3880
104.0000 2.5197
105.0000 2.3204
106.0000 2.1205
107.0000 2.1300
108.0000 2.0549
109.0000 1.9580
110.0000 1.8036
111.0000 1.7189
112.0000 1.7472
113.0000 1.9231
114.0000 2.0879
115.0000 1.9204
116.0000 2.1161
117.0000 2.1302
118.0000 1.9544
119.0000 1.8131
120.0000 2.0041
121.0000 1.8592
122.0000 2.0185
123.0000 1.8218
124.0000 2.0195
125.0000 2.0528
126.0000 1.8742
127.0000 1.7813
128.0000 1.8733
129.0000 2.0732
130.0000 2.2002
131.0000 2.3607
132.0000 2.3290
133.0000 2.4572
134.0000 2.3013
135.0000 2.2219
136.0000 2.3589
137.0000 2.4547
138.0000 2.2703
139.0000 2.2116
140.0000 2.2805
141.0000 2.2479
142.0000 2.3401
143.0000 2.1436
144.0000 2.0219
145.0000 2.2196
146.0000 2.0848
147.0000 1.8910
148.0000 1.9896
149.0000 1.8313
150.0000 1.7163
151.0000 1.8033
