1.0000 2.9806
2.0000 3.0368
3.0000 3.2140
4.0000 3.0246
5.0000 3.1696
6.0000 3.0122
7.0000 3.0911
8.0000 3.2906
9.0000 3.1263
10.0000 3.0337
11.0000 3.2255
12.0000 3.4171
13.0000 3.2180
14.0000 3.3939
15.0000 3.4217
16.0000 3.3989
17.0000 3.1996
18.0000 3.1381
19.0000 3.2138
20.0000 3.1033
21.0000 3.2425
22.0000 3.1011
23.0000 2.9358
24.0000 2.9329
25.0000 2.9998
26.0000 3.1446
27.0000 3.3272
28.0000 3.2259
29.0000 3.0427
30.0000 2.8775
31.0000 3.0485
32.0000 3.1738
33.0000 3.2899
34.0000 3.1909
35.0000 3.0822
36.0000 2.8845
37.0000 2.7046
38.0000 2.8763
39.0000 2.6796
40.0000 2.4962
41.0000 2.6842
42.0000 2.6705
43.0000 2.8387
44.0000 2.9093
45.0000 2.9619
46.0000 2.9797
47.0000 2.9807
48.0000 3.1208
49.0000 3.3199
50.0000 3.1340
51.0000 3.0970
52.0000 3.2707
53.0000 3.4460
54.0000 3.2838
55.0000 3.3583
56.0000 3.3307
57.0000 3.5303
58.0000 3.5027
59.0000 3.3108
60.0000 3.3729
61.0000 3.5376
62.0000 3.4980
63.0000 3.3294
64.0000 3.3132
65.0000 3.1981
66.0000 3.3267
67.0000 3.3931
68.0000 3.5838
69.0000 3.4190
70.0000 3.2785
71.0000 3.3729
72.0000 3.1773
73.0000 2.9997
74.0000 3.1798
75.0000 3.0597
76.0000 2.8678
77.0000 2.7976
78.0000 2.9209
79.0000 3.1153
80.0000 3.0315
81.0000 3.2311
82.0000 3.0812
83.0000 3.1084
84.0000 2.9237
85.0000 2.7875
86.0000 2.8468
87.0000 2.8062
88.0000 2.6424
89.0000 2.4759
90.0000 2.5970
91.0000 2.7751
92.0000 2.6580
93.0000 2.5674
94.0000 2.3690
95.0000 2.1853
96.0000 2.1028
97.0000 2.1353
98.0000 2.2491
99.0000 2.2472
100.0000 2.2555
101.0000 2.1096
102.0000 1.9100
103.0000 1.7523
104.0000 1.9523
105.0000 1.9833
106.0000 2.0989
107.0000 2.2846
108.0000 2.4444
109.0000 2.2561
110.0000 2.4226
111.0000 2.5139
112.0000 2.3336
113.0000 2.2705
114.0000 2.3262
115.0000 2.3494
116.0000 2.3116
117.0000 2.5111
118.0000 2.6636
119.0000 2.8067
120.0000 2.7905
121.0000 2.6004
122.0000 2.5682
123.0000 2.5413
124.0000 2.3567
125.0000 2.4264
126.0000 2.5913
127.0000 2.6877
128.0000 2.6656
129.0000 2.7380
130.0000 2.8075
131.0000 2.9620
132.0000 3.0828
133.0000 2.9114
134.0000 2.7325
135.0000 2.5452
136.0000 2.3754
137.0000 2.3647
138.0000 2.1774
139.0000 2.3692
140.0000 2.5691
141.0000 2.5371
142.0000 2.4965
143.0000 2.4002
144.0000 2.3888
145.0000 2.3042
146.0000 2.3492
147.0000 2.5295
148.0000 2.3392
149.0000 2.1438
150.0000 2.2065
151.0000 2.3119
