1.0000 2.9630
2.0000 3.0599
3.0000 2.9704
4.0000 3.1424
5.0000 3.0052
6.0000 3.0349
7.0000 3.0439
8.0000 3.1505
9.0000 3.1603
10.0000 3.3271
11.0000 3.4039
12.0000 3.3502
13.0000 3.3342
14.0000 3.3858
15.0000 3.3268
16.0000 3.1276
17.0000 3.3095
18.0000 3.5073
19.0000 3.5976
20.0000 3.5661
21.0000 3.3788
22.0000 3.5785
23.0000 3.3956
24.0000 3.5827
25.0000 3.4431
26.0000 3.5431
27.0000 3.4984
28.0000 3.4491
29.0000 3.2659
30.0000 3.4165
31.0000 3.5949
32.0000 3.4350
33.0000 3.5824
34.0000 3.7783
35.0000 3.5783
36.0000 3.6870
37.0000 3.6782
38.0000 3.5222
39.0000 3.3241
40.0000 3.4864
41.0000 3.2913
42.0000 3.2676
43.0000 3.3222
44.0000 3.4563
45.0000 3.3434
46.0000 3.4265
47.0000 3.5306
48.0000 3.3519
49.0000 3.3660
50.0000 3.3998
51.0000 3.3394
52.0000 3.2096
53.0000 3.3531
54.0000 3.4197
55.0000 3.4144
56.0000 3.2232
57.0000 3.4114
58.0000 3.2692
59.0000 3.4663
60.0000 3.5936
61.0000 3.4827
62.0000 3.3320
63.0000 3.5152
64.0000 3.4000
65.0000 3.3054
66.0000 3.3235
67.0000 3.1317
68.0000 3.2776
69.0000 3.4774
70.0000 3.3583
71.0000 3.1977
72.0000 3.3084
73.0000 3.2186
74.0000 3.1047
75.0000 3.1731
76.0000 2.9931
77.0000 2.9040
78.0000 2.7097
79.0000 2.6440
80.0000 2.6902
81.0000 2.5784
82.0000 2.3837
83.0000 2.2086
84.0000 2.3323
85.0000 2.1843
86.0000 2.0598
87.0000 2.0429
88.0000 2.0319
89.0000 1.8449
90.0000 1.7738
91.0000 1.7093
92.0000 1.8459
93.0000 1.7897
94.0000 1.7615
95.0000 1.6634
96.0000 1.5011
97.0000 1.3706
98.0000 1.1732
99.0000 1.1670
100.0000 1.3653
101.0000 1.3254
102.0000 1.4658
103.0000 1.4421
104.0000 1.6421
105.0000 1.8005
106.0000 1.9370
107.0000 2.0709
108.0000 2.0891
109.0000 1.9139
110.0000 1.7307
111.0000 1.5536
112.0000 1.3633
113.0000 1.4417
114.0000 1.4173
115.0000 1.2245
116.0000 1.0989
117.0000 1.1528
118.0000 0.9537
119.0000 0.7583
120.0000 0.6395
121.0000 0.8132
122.0000 0.9952
123.0000 0.9318
124.0000 1.0271
125.0000 0.8331
126.0000 0.8871
127.0000 0.7165
128.0000 0.8786
129.0000 0.6789
130.0000 0.8789
131.0000 1.0059
132.0000 0.9030
133.0000 1.0989
134.0000 1.1401
135.0000 0.9411
136.0000 0.7420
137.0000 0.8862
138.0000 0.7880
139.0000 0.6831
140.0000 0.6873
141.0000 0.4990
142.0000 0.5232
143.0000 0.6561
144.0000 0.8259
145.0000 1.0086
146.0000 1.1361
147.0000 0.9549
148.0000 1.0507
149.0000 0.8872
150.0000 1.0692
151.0000 1.2594
