1.0000 2.9633
2.0000 2.8380
3.0000 2.9729
4.0000 3.1616
5.0000 3.3321
6.0000 3.1337
7.0000 3.1695
8.0000 3.0633
9.0000 2.8855
10.0000 2.7077
11.0000 2.8917
12.0000 2.8086
13.0000 2.6469
14.0000 2.6044
15.0000 2.4052
16.0000 2.5187
17.0000 2.4070
18.0000 2.5809
19.0000 2.6118
20.0000 2.4121
21.0000 2.5687
22.0000 2.7679
23.0000 2.8979
24.0000 2.8264
25.0000 2.8419
26.0000 2.7894
27.0000 2.5895
28.0000 2.6249
29.0000 2.7629
30.0000 2.7625
31.0000 2.6760
32.0000 2.8566
33.0000 2.7283
34.0000 2.7173
35.0000 2.8935
36.0000 2.9224
37.0000 3.0563
38.0000 3.1971
39.0000 3.3970
40.0000 3.2176
41.0000 3.0251
42.0000 2.8785
43.0000 2.8620
44.0000 2.6793
45.0000 2.6817
46.0000 2.5224
47.0000 2.6855
48.0000 2.5960
49.0000 2.4636
50.0000 2.6635
51.0000 2.8633
52.0000 2.9117
53.0000 3.1032
54.0000 3.2865
55.0000 3.4775
56.0000 3.3696
57.0000 3.3767
58.0000 3.4590
59.0000 3.5831
60.0000 3.7465
61.0000 3.8033
62.0000 3.6645
63.0000 3.6956
64.0000 3.6474
65.0000 3.5197
66.0000 3.6648
67.0000 3.8398
68.0000 4.0361
69.0000 3.8451
70.0000 3.8014
71.0000 3.8823
72.0000 3.8301
73.0000 3.6512
74.0000 3.7285
75.0000 3.5297
76.0000 3.6528
77.0000 3.5227
78.0000 3.5364
79.0000 3.3506
80.0000 3.5470
81.0000 3.6553
82.0000 3.6892
83.0000 3.5979
84.0000 3.3979
85.0000 3.3602
86.0000 3.3527
87.0000 3.5134
88.0000 3.4346
89.0000 3.4182
90.0000 3.5247
91.0000 3.3528
92.0000 3.1763
93.0000 3.0829
94.0000 3.0385
95.0000 2.8426
96.0000 3.0319
97.0000 3.0204
98.0000 3.0621
99.0000 3.2170
100.0000 3.4100
101.0000 3.3715
102.0000 3.2005
103.0000 3.3929
104.0000 3.1970
105.0000 2.9999
106.0000 2.9618
107.0000 2.7640
108.0000 2.7363
109.0000 2.5605
110.0000 2.4860
111.0000 2.4821
112.0000 2.4579
113.0000 2.2589
114.0000 2.4556
115.0000 2.6508
116.0000 2.4539
117.0000 2.2564
118.0000 2.0898
119.0000 1.9207
120.0000 2.0377
121.0000 2.0293
122.0000 1.9551
123.0000 2.0079
124.0000 2.1671
125.0000 2.3658
126.0000 2.4219
127.0000 2.5003
128.0000 2.6849
129.0000 2.5923
130.0000 2.6063
131.0000 2.5425
132.0000 2.6581
133.0000 2.6315
134.0000 2.8273
135.0000 2.6334
136.0000 2.8314
137.0000 2.7302
138.0000 2.5965
139.0000 2.7824
140.0000 2.5845
141.0000 2.4434
142.0000 2.4149
143.0000 2.2450
144.0000 2.2184
145.0000 2.3779
146.0000 2.4143
147.0000 2.2686
148.0000 2.4318
149.0000 2.6134
150.0000 2.4725
151.0000 2.2753
