1.0000 3.0564
2.0000 3.0858
3.0000 2.8987
4.0000 3.0894
5.0000 3.2311
6.0000 3.3805
7.0000 3.3434
8.0000 3.5093
9.0000 3.6081
10.0000 3.8056
11.0000 3.7431
12.0000 3.8790
13.0000 4.0678
14.0000 4.2557
15.0000 4.0803
16.0000 4.0116
17.0000 4.1321
18.0000 4.2423
19.0000 4.3446
20.0000 4.2882
21.0000 4.3007
22.0000 4.1957
23.0000 4.1332
24.0000 4.2817
25.0000 4.3404
26.0000 4.2629
27.0000 4.1387
28.0000 4.1854
29.0000 4.0204
30.0000 3.9427
31.0000 3.7505
32.0000 3.5983
33.0000 3.7223
34.0000 3.5439
35.0000 3.5264
36.0000 3.5931
37.0000 3.6766
38.0000 3.8757
39.0000 3.8317
40.0000 3.6573
41.0000 3.6599
42.0000 3.5903
43.0000 3.6171
44.0000 3.6357
45.0000 3.6102
46.0000 3.4664
47.0000 3.4799
48.0000 3.2811
49.0000 3.1883
50.0000 3.3686
51.0000 3.2417
52.0000 3.0418
53.0000 3.1529
54.0000 3.2973
55.0000 3.2821
56.0000 3.3284
57.0000 3.1286
58.0000 3.1483
59.0000 2.9714
60.0000 3.1429
61.0000 2.9429
62.0000 2.7993
63.0000 2.9282
64.0000 3.0117
65.0000 3.2054
66.0000 3.3766
67.0000 3.2077
68.0000 3.4014
69.0000 3.2656
70.0000 3.3739
71.0000 3.5601
72.0000 3.7522
73.0000 3.7361
74.0000 3.9320
75.0000 3.7576
76.0000 3.9560
77.0000 4.1158
78.0000 4.0302
79.0000 3.9369
80.0000 4.1250
81.0000 3.9993
82.0000 3.8138
83.0000 3.8215
84.0000 3.9573
85.0000 3.7799
86.0000 3.9266
87.0000 3.9341
88.0000 3.7349
89.0000 3.5350
90.0000 3.3390
91.0000 3.1612
92.0000 3.2784
93.0000 3.2183
94.0000 3.2238
95.0000 3.0475
96.0000 3.0075
97.0000 2.8185
98.0000 3.0180
99.0000 2.9480
100.0000 2.7616
101.0000 2.6825
102.0000 2.8425
103.0000 3.0407
104.0000 3.0250
105.0000 3.1250
106.0000 3.1434
107.0000 3.2061
108.0000 3.3720
109.0000 3.5199
110.0000 3.7122
111.0000 3.6321
112.0000 3.4489
113.0000 3.3809
114.0000 3.2093
115.0000 3.2034
116.0000 3.3405
117.0000 3.1806
118.0000 3.0180
119.0000 2.8695
120.0000 2.6785
121.0000 2.5857
122.0000 2.6440
123.0000 2.6696
124.0000 2.6904
125.0000 2.6564
126.0000 2.7650
127.0000 2.9014
128.0000 3.0728
129.0000 3.1160
130.0000 3.2520
131.0000 3.1047
132.0000 3.2624
133.0000 3.0624
134.0000 3.2397
135.0000 3.3069
136.0000 3.2441
137.0000 3.4185
138.0000 3.4287
139.0000 3.5520
140.0000 3.3788
141.0000 3.3048
142.0000 3.1510
143.0000 2.9612
144.0000 2.9339
145.0000 2.9728
146.0000 3.1672
147.0000 3.3638
148.0000 3.2504
149.0000 3.4480
150.0000 3.5570
151.0000 3.5910
