1.0000 2.9631
2.0000 3.1329
3.0000 3.2939
4.0000 3.1840
5.0000 3.3654
6.0000 3.5009
7.0000 3.3308
8.0000 3.4561
9.0000 3.2651
10.0000 3.3352
11.0000 3.5225
12.0000 3.6239
13.0000 3.7845
14.0000 3.6727
15.0000 3.6217
16.0000 3.4305
17.0000 3.3115
18.0000 3.1504
19.0000 3.1086
20.0000 2.9369
21.0000 3.1279
22.0000 3.2442
23.0000 3.1575
24.0000 3.3304
25.0000 3.5274
26.0000 3.3567
27.0000 3.4896
28.0000 3.3214
29.0000 3.4348
30.0000 3.4299
31.0000 3.6150
32.0000 3.7876
33.0000 3.9603
34.0000 4.0215
35.0000 3.8404
36.0000 3.8184
37.0000 3.9852
38.0000 3.8603
39.0000 3.7165
40.0000 3.8805
41.0000 3.7095
42.0000 3.8523
43.0000 4.0413
44.0000 4.0451
45.0000 4.0068
46.0000 4.0761
47.0000 3.8797
48.0000 3.8378
49.0000 3.7483
50.0000 3.9314
51.0000 3.8459
52.0000 3.7042
53.0000 3.5121
54.0000 3.6052
55.0000 3.6775
56.0000 3.4804
57.0000 3.6350
58.0000 3.8348
59.0000 3.6824
60.0000 3.4839
61.0000 3.6410
62.0000 3.6239
63.0000 3.5036
64.0000 3.5013
65.0000 3.6406
66.0000 3.5802
67.0000 3.7279
68.0000 3.8954
69.0000 4.0954
70.0000 3.9654
71.0000 3.8392
72.0000 3.6822
73.0000 3.8553
74.0000 3.9091
75.0000 3.7185
76.0000 3.7948
77.0000 3.9714
78.0000 4.0061
79.0000 4.1475
80.0000 4.0760
81.0000 4.1332
82.0000 4.1473
83.0000 3.9580
84.0000 3.9718
85.0000 4.0805
86.0000 4.1717
87.0000 3.9840
88.0000 4.0739
89.0000 4.2272
90.0000 4.2448
91.0000 4.1382
92.0000 4.3381
93.0000 4.2392
94.0000 4.1599
95.0000 4.2925
96.0000 4.2013
97.0000 4.0285
98.0000 3.8377
99.0000 4.0103
100.0000 3.9318
101.0000 4.0063
102.0000 4.2029
103.0000 4.2866
104.0000 4.2707
105.0000 4.2060
106.0000 4.0547
107.0000 4.0444
108.0000 3.8447
109.0000 3.7143
110.0000 3.8928
111.0000 4.0262
112.0000 3.8268
113.0000 3.6605
114.0000 3.7833
115.0000 3.9521
116.0000 4.1230
117.0000 4.1051
118.0000 4.2384
119.0000 4.4084
120.0000 4.4284
121.0000 4.2862
122.0000 4.4061
123.0000 4.2142
124.0000 4.3528
125.0000 4.1708
126.0000 4.3708
127.0000 4.4568
128.0000 4.3196
129.0000 4.4632
130.0000 4.3797
131.0000 4.5796
132.0000 4.5479
133.0000 4.4856
134.0000 4.2858
135.0000 4.4508
136.0000 4.2767
137.0000 4.4436
138.0000 4.5306
139.0000 4.7163
140.0000 4.6462
141.0000 4.7488
142.0000 4.5517
143.0000 4.3775
144.0000 4.1902
145.0000 3.9921
146.0000 4.1716
147.0000 3.9924
148.0000 3.8658
149.0000 3.6717
150.0000 3.6670
151.0000 3.4747
