1.0000 3.1091
2.0000 3.0825
3.0000 3.2318
4.0000 3.3946
5.0000 3.2155
6.0000 3.4029
7.0000 3.4875
8.0000 3.4740
9.0000 3.5532
10.0000 3.4970
11.0000 3.6098
12.0000 3.5176
13.0000 3.5675
14.0000 3.7141
15.0000 3.6955
16.0000 3.5435
17.0000 3.3446
18.0000 3.1484
19.0000 3.0331
20.0000 3.2192
21.0000 3.0320
22.0000 3.1749
23.0000 3.2729
24.0000 3.0731
25.0000 3.2575
26.0000 3.4554
27.0000 3.6519
28.0000 3.4943
29.0000 3.6931
30.0000 3.8672
31.0000 3.7082
32.0000 3.5349
33.0000 3.6731
34.0000 3.7646
35.0000 3.5828
36.0000 3.4127
37.0000 3.2859
38.0000 3.3913
39.0000 3.5670
40.0000 3.6107
41.0000 3.5846
42.0000 3.3868
43.0000 3.1871
44.0000 3.3289
45.0000 3.1610
46.0000 3.0949
47.0000 2.9627
48.0000 3.0087
49.0000 3.1155
50.0000 3.3138
51.0000 3.4880
52.0000 3.2950
53.0000 3.3840
54.0000 3.3566
55.0000 3.2297
56.0000 3.3317
57.0000 3.4340
58.0000 3.3443
59.0000 3.2277
60.0000 3.4222
61.0000 3.2228
62.0000 3.3818
63.0000 3.5205
64.0000 3.3674
65.0000 3.2918
66.0000 3.4312
67.0000 3.5912
68.0000 3.5490
69.0000 3.7169
70.0000 3.5172
71.0000 3.7164
72.0000 3.5173
73.0000 3.4037
74.0000 3.3312
75.0000 3.2619
76.0000 3.1496
77.0000 3.3484
78.0000 3.1539
79.0000 3.3410
80.0000 3.1502
81.0000 3.2676
82.0000 3.4462
83.0000 3.2775
84.0000 3.1400
85.0000 3.2362
86.0000 3.2681
87.0000 3.3482
88.0000 3.4384
89.0000 3.3077
90.0000 3.4211
91.0000 3.4432
92.0000 3.2652
93.0000 3.4398
94.0000 3.4120
95.0000 3.4976
96.0000 3.3901
97.0000 3.5537
98.0000 3.7485
99.0000 3.7952
100.0000 3.9832
101.0000 4.0935
102.0000 3.9196
103.0000 3.8765
104.0000 3.7553
105.0000 3.8650
106.0000 4.0296
107.0000 3.9233
108.0000 3.8291
109.0000 4.0290
110.0000 3.8373
111.0000 4.0024
112.0000 3.8061
113.0000 3.9946
114.0000 3.9636
115.0000 3.7638
116.0000 3.6822
117.0000 3.4836
118.0000 3.6481
119.0000 3.5266
120.0000 3.4362
121.0000 3.5778
122.0000 3.4131
123.0000 3.2822
124.0000 3.4798
125.0000 3.4619
126.0000 3.2627
127.0000 3.3517
128.0000 3.1529
129.0000 3.3318
130.0000 3.3001
131.0000 3.1250
132.0000 3.1794
133.0000 3.0529
134.0000 2.9203
135.0000 2.7223
136.0000 2.6190
137.0000 2.4230
138.0000 2.5630
139.0000 2.4677
140.0000 2.4518
141.0000 2.2725
142.0000 2.1832
143.0000 2.0064
144.0000 2.1686
145.0000 2.0062
146.0000 2.0575
147.0000 2.2269
148.0000 2.3012
149.0000 2.1294
150.0000 2.0874
151.0000 1.9317
