1.0000 3.3225
2.0000 3.1899
3.0000 3.1298
4.0000 3.3246
5.0000 3.5028
6.0000 3.6207
7.0000 3.5137
8.0000 3.3286
9.0000 3.2160
10.0000 3.2562
11.0000 3.1133
12.0000 2.9450
13.0000 2.9985
14.0000 3.1968
15.0000 3.0828
16.0000 3.2428
17.0000 3.4247
18.0000 3.2521
19.0000 3.1905
20.0000 3.1273
21.0000 3.3168
22.0000 3.3649
23.0000 3.3207
24.0000 3.2445
25.0000 3.0498
26.0000 3.2469
27.0000 3.2133
28.0000 3.1528
29.0000 3.0680
30.0000 2.8775
31.0000 2.9153
32.0000 3.0229
33.0000 3.2206
34.0000 3.0206
35.0000 3.0560
36.0000 3.0657
37.0000 3.1345
38.0000 3.3097
39.0000 3.1436
40.0000 3.2672
41.0000 3.2125
42.0000 3.2808
43.0000 3.4200
44.0000 3.6134
45.0000 3.4670
46.0000 3.4376
47.0000 3.6373
48.0000 3.8131
49.0000 3.9301
50.0000 3.7467
51.0000 3.8264
52.0000 3.7715
53.0000 3.5900
54.0000 3.7571
55.0000 3.9565
56.0000 3.7580
57.0000 3.5588
58.0000 3.4319
59.0000 3.4583
60.0000 3.2870
61.0000 3.2187
62.0000 3.0569
63.0000 2.8940
64.0000 2.8951
65.0000 2.7157
66.0000 2.9153
67.0000 2.7876
68.0000 2.9431
69.0000 3.0466
70.0000 2.8573
71.0000 2.6600
72.0000 2.4970
73.0000 2.3329
74.0000 2.4336
75.0000 2.4798
76.0000 2.3923
77.0000 2.4394
78.0000 2.5551
79.0000 2.4079
80.0000 2.2382
81.0000 2.2421
82.0000 2.1358
83.0000 2.2067
84.0000 2.3385
85.0000 2.4403
86.0000 2.2739
87.0000 2.3711
88.0000 2.5600
89.0000 2.5959
90.0000 2.4077
91.0000 2.4675
92.0000 2.6568
93.0000 2.6973
94.0000 2.7990
95.0000 2.7421
96.0000 2.5422
97.0000 2.5152
98.0000 2.3217
99.0000 2.3289
100.0000 2.4279
101.0000 2.6020
102.0000 2.7935
103.0000 2.7985
104.0000 2.9846
105.0000 3.0274
106.0000 2.8499
107.0000 3.0427
108.0000 3.1861
109.0000 3.0697
110.0000 3.0316
111.0000 3.1308
112.0000 2.9617
113.0000 2.9205
114.0000 2.7516
115.0000 2.9512
116.0000 3.0079
117.0000 3.1817
118.0000 3.0111
119.0000 3.1499
120.0000 3.3426
121.0000 3.4085
122.0000 3.6084
123.0000 3.7933
124.0000 3.6421
125.0000 3.8003
126.0000 3.6474
127.0000 3.4967
128.0000 3.2983
129.0000 3.2149
130.0000 3.3776
131.0000 3.2738
132.0000 3.4736
133.0000 3.3409
134.0000 3.5309
135.0000 3.3890
136.0000 3.2032
137.0000 3.1319
138.0000 3.2429
139.0000 3.0442
140.0000 3.2243
141.0000 3.0273
142.0000 3.1044
143.0000 3.1314
144.0000 2.9507
145.0000 2.7997
146.0000 2.7496
147.0000 2.6847
148.0000 2.5723
149.0000 2.7133
150.0000 2.7487
151.0000 2.8830
