1.0000 3.2555
2.0000 3.0862
3.0000 3.1366
4.0000 3.2286
5.0000 3.0377
6.0000 3.2135
7.0000 3.0313
8.0000 2.9230
9.0000 3.1230
10.0000 2.9307
11.0000 3.1043
12.0000 2.9081
13.0000 2.9277
14.0000 2.8015
15.0000 2.9018
16.0000 2.7878
17.0000 2.9247
18.0000 2.7322
19.0000 2.5433
20.0000 2.4790
21.0000 2.6627
22.0000 2.7983
23.0000 2.6898
24.0000 2.6805
25.0000 2.5942
26.0000 2.7940
27.0000 2.5943
28.0000 2.6406
29.0000 2.4444
30.0000 2.3177
31.0000 2.1443
32.0000 2.2154
33.0000 2.4018
34.0000 2.2314
35.0000 2.1286
36.0000 2.1483
37.0000 2.1795
38.0000 2.3708
39.0000 2.3821
40.0000 2.3324
41.0000 2.1838
42.0000 2.3623
43.0000 2.4649
44.0000 2.2656
45.0000 2.4453
46.0000 2.6011
47.0000 2.6975
48.0000 2.5834
49.0000 2.4422
50.0000 2.5607
51.0000 2.4097
52.0000 2.2465
53.0000 2.2284
54.0000 2.0797
55.0000 2.0094
56.0000 2.0002
57.0000 1.8193
58.0000 1.6843
59.0000 1.8689
60.0000 1.6732
61.0000 1.5054
62.0000 1.7005
63.0000 1.6618
64.0000 1.4665
65.0000 1.4404
66.0000 1.6333
67.0000 1.5603
68.0000 1.4873
69.0000 1.6794
70.0000 1.4965
71.0000 1.3210
72.0000 1.4708
73.0000 1.3246
74.0000 1.2649
75.0000 1.2922
76.0000 1.1324
77.0000 1.2824
78.0000 1.4822
79.0000 1.2885
80.0000 1.3454
81.0000 1.1543
82.0000 0.9576
83.0000 0.7594
84.0000 0.7382
85.0000 0.8877
86.0000 1.0729
87.0000 0.8799
88.0000 1.0776
89.0000 1.2542
90.0000 1.4467
91.0000 1.2644
92.0000 1.3102
93.0000 1.4375
94.0000 1.5327
95.0000 1.5249
96.0000 1.6366
97.0000 1.4746
98.0000 1.6241
99.0000 1.4612
100.0000 1.2886
101.0000 1.4885
102.0000 1.2894
103.0000 1.0899
104.0000 1.2146
105.0000 1.1954
106.0000 1.0159
107.0000 0.8609
108.0000 1.0570
109.0000 1.1803
110.0000 1.0418
111.0000 1.2191
112.0000 1.0695
113.0000 0.9854
114.0000 1.1291
115.0000 1.2787
116.0000 1.0888
117.0000 1.2876
118.0000 1.0885
119.0000 1.0130
120.0000 0.9117
121.0000 0.9956
122.0000 0.8173
123.0000 0.8983
124.0000 0.9144
125.0000 1.0114
126.0000 1.0818
127.0000 0.9677
128.0000 0.8157
129.0000 0.7286
130.0000 0.7849
131.0000 0.5855
132.0000 0.7629
133.0000 0.8236
134.0000 0.8489
135.0000 0.9932
136.0000 0.9377
137.0000 0.7468
138.0000 0.9447
139.0000 0.8626
140.0000 0.9479
141.0000 0.7485
142.0000 0.5800
143.0000 0.5481
144.0000 0.6065
145.0000 0.7773
146.0000 0.9645
147.0000 0.9626
148.0000 1.1576
149.0000 1.0124
150.0000 1.1982
151.0000 1.2856
