1.0000 3.1701
2.0000 3.0815
3.0000 2.9783
4.0000 2.7783
5.0000 2.6123
6.0000 2.8069
7.0000 2.6366
8.0000 2.6597
9.0000 2.4764
10.0000 2.6521
11.0000 2.7212
12.0000 2.7912
13.0000 2.9851
14.0000 2.8456
15.0000 2.9695
16.0000 2.7719
17.0000 2.9715
18.0000 2.9044
19.0000 3.0909
20.0000 2.9575
21.0000 2.7625
22.0000 2.7798
23.0000 2.6621
24.0000 2.7040
25.0000 2.6948
26.0000 2.4956
27.0000 2.5199
28.0000 2.3503
29.0000 2.1716
30.0000 2.0017
31.0000 1.8158
32.0000 1.9251
33.0000 1.9263
34.0000 1.8909
35.0000 2.0422
36.0000 1.9866
37.0000 1.7866
38.0000 1.7213
39.0000 1.8741
40.0000 1.9492
41.0000 2.1318
42.0000 2.0693
43.0000 1.9366
44.0000 2.1362
45.0000 2.3196
46.0000 2.4542
47.0000 2.4191
48.0000 2.2491
49.0000 2.0997
50.0000 2.0092
51.0000 2.1682
52.0000 2.2706
53.0000 2.4482
54.0000 2.5605
55.0000 2.6776
56.0000 2.4968
57.0000 2.3346
58.0000 2.4075
59.0000 2.5229
60.0000 2.6233
61.0000 2.7462
62.0000 2.9068
63.0000 2.7114
64.0000 2.5511
65.0000 2.4045
66.0000 2.2070
67.0000 2.0369
68.0000 1.8381
69.0000 1.8036
70.0000 1.8469
71.0000 2.0468
72.0000 2.1702
73.0000 2.2872
74.0000 2.4711
75.0000 2.3199
76.0000 2.4133
77.0000 2.5009
78.0000 2.5931
79.0000 2.7162
80.0000 2.8492
81.0000 3.0492
82.0000 2.9751
83.0000 2.9257
84.0000 3.0877
85.0000 3.1006
86.0000 3.2855
87.0000 3.2526
88.0000 3.3708
89.0000 3.5087
90.0000 3.5853
91.0000 3.7387
92.0000 3.9348
93.0000 4.0961
94.0000 4.0085
95.0000 4.2037
96.0000 4.2048
97.0000 4.1338
98.0000 4.3247
99.0000 4.1247
100.0000 3.9303
101.0000 3.8544
102.0000 4.0532
103.0000 3.8659
104.0000 3.9171
105.0000 3.7171
106.0000 3.7520
107.0000 3.9012
108.0000 3.7020
109.0000 3.7344
110.0000 3.8379
111.0000 3.6419
112.0000 3.6282
113.0000 3.8272
114.0000 4.0192
115.0000 4.0243
116.0000 3.8360
117.0000 3.9261
118.0000 3.7395
119.0000 3.5496
120.0000 3.4869
121.0000 3.3621
122.0000 3.3383
123.0000 3.2128
124.0000 3.0872
125.0000 3.0643
126.0000 3.1274
127.0000 3.0470
128.0000 3.1347
129.0000 3.2050
130.0000 3.0073
131.0000 3.0724
132.0000 3.1594
133.0000 3.3403
134.0000 3.2672
135.0000 3.0849
136.0000 3.1739
137.0000 3.0561
138.0000 2.8694
139.0000 2.8008
140.0000 2.8391
141.0000 2.6990
142.0000 2.6974
143.0000 2.6055
144.0000 2.4495
145.0000 2.2822
146.0000 2.1010
147.0000 2.2328
148.0000 2.4005
149.0000 2.4928
150.0000 2.6914
151.0000 2.8777
