1.0000 3.2825
2.0000 3.1637
3.0000 3.1170
4.0000 2.9348
5.0000 2.9810
6.0000 3.0047
7.0000 3.1673
8.0000 3.1587
9.0000 2.9990
10.0000 2.8111
11.0000 2.9197
12.0000 2.7774
13.0000 2.7552
14.0000 2.8834
15.0000 3.0744
16.0000 2.9889
17.0000 2.8225
18.0000 2.7189
19.0000 2.9013
20.0000 2.9560
21.0000 3.1361
22.0000 3.0768
23.0000 3.0859
24.0000 3.2676
25.0000 3.1743
26.0000 3.1346
27.0000 3.0908
28.0000 2.9427
29.0000 2.7735
30.0000 2.7138
31.0000 2.7882
32.0000 2.7909
33.0000 2.8533
34.0000 2.6547
35.0000 2.5376
36.0000 2.6696
37.0000 2.7544
38.0000 2.9527
39.0000 2.7807
40.0000 2.9788
41.0000 3.1543
42.0000 3.0339
43.0000 2.8689
44.0000 3.0242
45.0000 2.8652
46.0000 2.8235
47.0000 2.9707
48.0000 2.7720
49.0000 2.5771
50.0000 2.6713
51.0000 2.5494
52.0000 2.7362
53.0000 2.8764
54.0000 2.7703
55.0000 2.5711
56.0000 2.7470
57.0000 2.7125
58.0000 2.7020
59.0000 2.7788
60.0000 2.8563
61.0000 2.7431
62.0000 2.5696
63.0000 2.5602
64.0000 2.3715
65.0000 2.4911
66.0000 2.3325
67.0000 2.4354
68.0000 2.6354
69.0000 2.6404
70.0000 2.6109
71.0000 2.6404
72.0000 2.5849
73.0000 2.3885
74.0000 2.5122
75.0000 2.6934
76.0000 2.5143
77.0000 2.6215
78.0000 2.4797
79.0000 2.2911
80.0000 2.4902
81.0000 2.3023
82.0000 2.4325
83.0000 2.4840
84.0000 2.5440
85.0000 2.4449
86.0000 2.3516
87.0000 2.1541
88.0000 1.9644
89.0000 1.8326
90.0000 1.8787
91.0000 1.7065
92.0000 1.7762
93.0000 1.6859
94.0000 1.8623
95.0000 1.6629
96.0000 1.6688
97.0000 1.6906
98.0000 1.5742
99.0000 1.6770
100.0000 1.8770
101.0000 1.9095
102.0000 1.7148
103.0000 1.8380
104.0000 1.8078
105.0000 1.8608
106.0000 1.9646
107.0000 2.0665
108.0000 2.1046
109.0000 2.2965
110.0000 2.2357
111.0000 2.3976
112.0000 2.5077
113.0000 2.3132
114.0000 2.5107
115.0000 2.6842
116.0000 2.6884
117.0000 2.4896
118.0000 2.6686
119.0000 2.4686
120.0000 2.6647
121.0000 2.5327
122.0000 2.6281
123.0000 2.4532
124.0000 2.2819
125.0000 2.1075
126.0000 1.9130
127.0000 2.0309
128.0000 1.9167
129.0000 1.7846
130.0000 1.9516
131.0000 1.9259
132.0000 1.8802
133.0000 1.9780
134.0000 2.1704
135.0000 2.2295
136.0000 2.3911
137.0000 2.4159
138.0000 2.2445
139.0000 2.1321
140.0000 2.0735
141.0000 2.2687
142.0000 2.1297
143.0000 1.9930
144.0000 2.0581
145.0000 2.0145
146.0000 2.1763
147.0000 2.3300
148.0000 2.4559
149.0000 2.2591
150.0000 2.3424
151.0000 2.1601
