1.0000 3.3508
2.0000 3.2735
3.0000 3.3518
4.0000 3.3590
5.0000 3.4864
6.0000 3.3815
7.0000 3.5491
8.0000 3.7063
9.0000 3.5496
10.0000 3.5239
11.0000 3.3717
12.0000 3.4933
13.0000 3.3925
14.0000 3.1946
15.0000 3.3002
16.0000 3.3344
17.0000 3.4560
18.0000 3.3616
19.0000 3.2260
20.0000 3.1109
21.0000 3.2985
22.0000 3.1093
23.0000 2.9616
24.0000 3.1370
25.0000 3.3223
26.0000 3.2504
27.0000 3.0507
28.0000 3.2470
29.0000 3.1706
30.0000 3.0036
31.0000 2.8084
32.0000 2.7724
33.0000 2.9464
34.0000 3.0215
35.0000 3.1351
36.0000 3.0422
37.0000 3.0766
38.0000 2.9362
39.0000 2.7543
40.0000 2.7096
41.0000 2.9024
42.0000 2.7028
43.0000 2.8796
44.0000 2.6798
45.0000 2.8253
46.0000 2.6504
47.0000 2.8486
48.0000 2.7563
49.0000 2.5582
50.0000 2.7304
51.0000 2.6655
52.0000 2.7181
53.0000 2.5299
54.0000 2.7229
55.0000 2.5792
56.0000 2.6998
57.0000 2.8890
58.0000 2.8246
59.0000 2.6858
60.0000 2.7488
61.0000 2.5489
62.0000 2.5976
63.0000 2.7956
64.0000 2.9864
65.0000 2.8422
66.0000 3.0422
67.0000 2.8502
68.0000 2.9336
69.0000 3.1143
70.0000 3.1321
71.0000 3.2995
72.0000 3.4885
73.0000 3.3161
74.0000 3.3211
75.0000 3.1432
76.0000 3.3351
77.0000 3.4914
78.0000 3.3861
79.0000 3.5778
80.0000 3.6355
81.0000 3.4552
82.0000 3.2826
83.0000 3.4334
84.0000 3.6209
85.0000 3.7086
86.0000 3.7309
87.0000 3.6974
88.0000 3.5433
89.0000 3.7151
90.0000 3.5894
91.0000 3.4583
92.0000 3.6411
93.0000 3.4728
94.0000 3.5353
95.0000 3.4854
96.0000 3.2929
97.0000 3.3010
98.0000 3.3760
99.0000 3.3286
100.0000 3.2689
101.0000 3.4312
102.0000 3.2948
103.0000 3.4919
104.0000 3.4437
105.0000 3.3701
106.0000 3.3524
107.0000 3.3705
108.0000 3.1989
109.0000 3.3475
110.0000 3.5311
111.0000 3.4336
112.0000 3.2520
113.0000 3.1785
114.0000 3.2764
115.0000 3.3288
116.0000 3.4415
117.0000 3.4591
118.0000 3.6122
119.0000 3.8102
120.0000 4.0100
121.0000 3.8491
122.0000 3.6499
123.0000 3.7044
124.0000 3.7200
125.0000 3.5201
126.0000 3.7180
127.0000 3.7688
128.0000 3.7076
129.0000 3.7187
130.0000 3.5969
131.0000 3.3993
132.0000 3.2792
133.0000 3.4637
134.0000 3.5433
135.0000 3.3584
136.0000 3.5459
137.0000 3.7121
138.0000 3.8564
139.0000 3.9104
140.0000 4.0737
141.0000 4.0060
142.0000 4.0454
143.0000 3.8503
144.0000 4.0502
145.0000 3.9374
146.0000 3.9191
147.0000 3.7776
148.0000 3.5776
149.0000 3.4415
150.0000 3.2577
151.0000 3.0796
