1.0000 3.1042
2.0000 3.2101
3.0000 3.4050
4.0000 3.4593
5.0000 3.3059
6.0000 3.1059
7.0000 3.1402
8.0000 3.0507
9.0000 3.2507
10.0000 3.1802
11.0000 3.0400
12.0000 3.0092
13.0000 3.0355
14.0000 3.1451
15.0000 3.1975
16.0000 3.1998
17.0000 3.2986
18.0000 3.0989
19.0000 2.9063
20.0000 3.0866
21.0000 3.0547
22.0000 3.2526
23.0000 3.4513
24.0000 3.4669
25.0000 3.3717
26.0000 3.3970
27.0000 3.4224
28.0000 3.5349
29.0000 3.3350
30.0000 3.4805
31.0000 3.4391
32.0000 3.5138
33.0000 3.5507
34.0000 3.6297
35.0000 3.8295
36.0000 3.6617
37.0000 3.6683
38.0000 3.5999
39.0000 3.7455
40.0000 3.9349
41.0000 3.8927
42.0000 3.9081
43.0000 3.7508
44.0000 3.7944
45.0000 3.9683
46.0000 4.0844
47.0000 3.9987
48.0000 3.9970
49.0000 3.9106
50.0000 3.8729
51.0000 3.6914
52.0000 3.5019
53.0000 3.3893
54.0000 3.3809
55.0000 3.2356
56.0000 3.4356
57.0000 3.4248
58.0000 3.5089
59.0000 3.5477
60.0000 3.5832
61.0000 3.4185
62.0000 3.4700
63.0000 3.4342
64.0000 3.2653
65.0000 3.0683
66.0000 3.1680
67.0000 2.9704
68.0000 3.0698
69.0000 3.1980
70.0000 2.9987
71.0000 2.9603
72.0000 3.1069
73.0000 2.9242
74.0000 2.9714
75.0000 2.8371
76.0000 2.6530
77.0000 2.8433
78.0000 2.7363
79.0000 2.5366
80.0000 2.4088
81.0000 2.2444
82.0000 2.1677
83.0000 2.3013
84.0000 2.1063
85.0000 2.3018
86.0000 2.4884
87.0000 2.6444
88.0000 2.6553
89.0000 2.4895
90.0000 2.6858
91.0000 2.7709
92.0000 2.9708
93.0000 2.8952
94.0000 3.0841
95.0000 3.2758
96.0000 3.4753
97.0000 3.4420
98.0000 3.5013
99.0000 3.5874
100.0000 3.6645
101.0000 3.4970
102.0000 3.4820
103.0000 3.3882
104.0000 3.5805
105.0000 3.7773
106.0000 3.9725
107.0000 4.1119
108.0000 3.9772
109.0000 4.1724
110.0000 3.9740
111.0000 4.0979
112.0000 3.9974
113.0000 4.1432
114.0000 4.2622
115.0000 4.3700
116.0000 4.1762
117.0000 4.3418
118.0000 4.1769
119.0000 4.0823
120.0000 4.0688
121.0000 3.8938
122.0000 3.7073
123.0000 3.8435
124.0000 3.9113
125.0000 3.9745
126.0000 3.8693
127.0000 4.0531
128.0000 4.1382
129.0000 4.0719
130.0000 3.9111
131.0000 3.8043
132.0000 3.7426
133.0000 3.8884
134.0000 3.8388
135.0000 3.6410
136.0000 3.5658
137.0000 3.4536
138.0000 3.5844
139.0000 3.5995
140.0000 3.7550
141.0000 3.9546
142.0000 3.9498
143.0000 4.0373
144.0000 4.0748
145.0000 4.0553
146.0000 4.1478
147.0000 4.0806
148.0000 4.2254
149.0000 4.2943
150.0000 4.1739
151.0000 4.3267
