1.0000 3.3551
2.0000 3.3559
3.0000 3.1698
4.0000 3.0431
5.0000 2.9320
6.0000 2.9908
7.0000 2.9388
8.0000 3.1381
9.0000 3.3282
10.0000 3.1352
11.0000 3.0753
12.0000 3.0811
13.0000 2.9561
14.0000 2.8117
15.0000 2.6146
16.0000 2.4167
17.0000 2.5195
18.0000 2.3318
19.0000 2.1661
20.0000 2.3659
21.0000 2.5642
22.0000 2.6774
23.0000 2.8671
24.0000 3.0651
25.0000 2.9699
26.0000 2.7915
27.0000 2.7284
28.0000 2.7461
29.0000 2.7048
30.0000 2.8997
31.0000 2.7657
32.0000 2.7156
33.0000 2.6442
34.0000 2.7200
35.0000 2.6389
36.0000 2.8089
37.0000 2.6089
38.0000 2.4090
39.0000 2.2091
40.0000 2.0691
41.0000 1.9290
42.0000 1.8995
43.0000 1.8610
44.0000 1.7786
45.0000 1.5832
46.0000 1.7718
47.0000 1.6497
48.0000 1.5963
49.0000 1.7607
50.0000 1.7149
51.0000 1.5984
52.0000 1.3994
53.0000 1.3479
54.0000 1.2851
55.0000 1.2918
56.0000 1.4843
57.0000 1.6399
58.0000 1.4839
59.0000 1.3939
60.0000 1.2612
61.0000 1.1333
62.0000 1.2702
63.0000 1.2120
64.0000 1.0248
65.0000 0.9554
66.0000 1.1553
67.0000 1.1499
68.0000 1.0570
69.0000 0.9065
70.0000 1.1060
71.0000 1.1483
72.0000 1.0067
73.0000 0.8653
74.0000 0.8152
75.0000 0.6368
76.0000 0.4484
77.0000 0.6217
78.0000 0.4218
79.0000 0.6206
80.0000 0.8181
81.0000 0.9299
82.0000 1.1298
83.0000 0.9528
84.0000 0.7749
85.0000 0.9597
86.0000 0.9294
87.0000 0.7374
88.0000 0.5556
89.0000 0.7280
90.0000 0.5670
91.0000 0.5806
92.0000 0.5607
93.0000 0.4579
94.0000 0.3194
95.0000 0.4718
96.0000 0.5740
97.0000 0.7520
98.0000 0.9345
99.0000 0.7412
100.0000 0.6001
101.0000 0.5701
102.0000 0.7644
103.0000 0.8323
104.0000 0.8866
105.0000 1.0481
106.0000 1.1849
107.0000 1.3849
108.0000 1.4534
109.0000 1.6146
110.0000 1.5784
111.0000 1.7783
112.0000 1.6284
113.0000 1.7144
114.0000 1.6103
115.0000 1.6987
116.0000 1.8000
117.0000 1.6777
118.0000 1.8750
119.0000 1.7833
120.0000 1.7385
121.0000 1.6291
122.0000 1.4479
123.0000 1.2651
124.0000 1.1347
125.0000 1.1871
126.0000 1.3553
127.0000 1.5228
128.0000 1.6668
129.0000 1.8482
130.0000 1.8752
131.0000 1.9423
132.0000 1.7560
133.0000 1.5733
134.0000 1.5478
135.0000 1.6600
136.0000 1.8564
137.0000 1.8216
138.0000 1.9317
139.0000 2.1207
140.0000 2.1192
141.0000 2.1480
142.0000 1.9531
143.0000 2.0873
144.0000 2.1233
145.0000 2.2567
146.0000 2.2784
147.0000 2.1379
148.0000 2.3218
149.0000 2.4862
150.0000 2.4819
151.0000 2.4561
