1.0000 3.3536
2.0000 3.4356
3.0000 3.5399
4.0000 3.5077
5.0000 3.4391
6.0000 3.2900
7.0000 3.3161
8.0000 3.1670
9.0000 3.2235
10.0000 3.4049
11.0000 3.5262
12.0000 3.3999
13.0000 3.4183
14.0000 3.2648
15.0000 3.1065
16.0000 3.0560
17.0000 2.9087
18.0000 2.7702
19.0000 2.7495
20.0000 2.7937
21.0000 2.9428
22.0000 2.9125
23.0000 2.9662
24.0000 3.1601
25.0000 3.0634
26.0000 2.9080
27.0000 2.7353
28.0000 2.6401
29.0000 2.6918
30.0000 2.6415
31.0000 2.4416
32.0000 2.5578
33.0000 2.7055
34.0000 2.8183
35.0000 2.7680
36.0000 2.5775
37.0000 2.3841
38.0000 2.5841
39.0000 2.7705
40.0000 2.9503
41.0000 2.8582
42.0000 3.0317
43.0000 2.9157
44.0000 3.1092
45.0000 2.9472
46.0000 3.0194
47.0000 3.1780
48.0000 3.2741
49.0000 3.1666
50.0000 3.3610
51.0000 3.3698
52.0000 3.3731
53.0000 3.4992
54.0000 3.4141
55.0000 3.6019
56.0000 3.4086
57.0000 3.4870
58.0000 3.2875
59.0000 3.2291
60.0000 3.4264
61.0000 3.3217
62.0000 3.2483
63.0000 3.3882
64.0000 3.5668
65.0000 3.6292
66.0000 3.8136
67.0000 3.6735
68.0000 3.5378
69.0000 3.3443
70.0000 3.5357
71.0000 3.4439
72.0000 3.2448
73.0000 3.4443
74.0000 3.4128
75.0000 3.4975
76.0000 3.5910
77.0000 3.4141
78.0000 3.3416
79.0000 3.1481
80.0000 3.3349
81.0000 3.5344
82.0000 3.5270
83.0000 3.3271
84.0000 3.5183
85.0000 3.3183
86.0000 3.5168
87.0000 3.3612
88.0000 3.5609
89.0000 3.5112
90.0000 3.3154
91.0000 3.1590
92.0000 3.2184
93.0000 3.3983
94.0000 3.4999
95.0000 3.6325
96.0000 3.4548
97.0000 3.3588
98.0000 3.3861
99.0000 3.3237
100.0000 3.2647
101.0000 3.0690
102.0000 3.1819
103.0000 3.0496
104.0000 2.9986
105.0000 3.1893
106.0000 3.1129
107.0000 2.9538
108.0000 2.7573
109.0000 2.5588
110.0000 2.6999
111.0000 2.5046
112.0000 2.3056
113.0000 2.1230
114.0000 2.0667
115.0000 1.8721
116.0000 1.9545
117.0000 2.1536
118.0000 2.1024
119.0000 1.9085
120.0000 2.1084
121.0000 2.1868
122.0000 2.3868
123.0000 2.5467
124.0000 2.3581
125.0000 2.3890
126.0000 2.4349
127.0000 2.3466
128.0000 2.5125
129.0000 2.4804
130.0000 2.5601
131.0000 2.3692
132.0000 2.4377
133.0000 2.3078
134.0000 2.5069
135.0000 2.3113
136.0000 2.3166
137.0000 2.1771
138.0000 2.3703
139.0000 2.3502
140.0000 2.2514
141.0000 2.0653
142.0000 2.2434
143.0000 2.3189
144.0000 2.2780
145.0000 2.1227
146.0000 2.1922
147.0000 2.1427
148.0000 2.0477
149.0000 1.9804
150.0000 2.1290
151.0000 2.0156
