1.0000 3.0085
2.0000 3.1711
3.0000 2.9723
4.0000 3.1576
5.0000 3.0373
6.0000 3.2342
7.0000 3.4128
8.0000 3.4010
9.0000 3.4087
10.0000 3.4879
11.0000 3.5514
12.0000 3.3683
13.0000 3.3327
14.0000 3.4771
15.0000 3.5279
16.0000 3.4559
17.0000 3.6275
18.0000 3.7566
19.0000 3.6606
20.0000 3.5808
21.0000 3.7689
22.0000 3.5689
23.0000 3.7679
24.0000 3.6431
25.0000 3.5302
26.0000 3.4435
27.0000 3.5112
28.0000 3.6874
29.0000 3.6215
30.0000 3.7696
31.0000 3.8561
32.0000 3.7762
33.0000 3.9103
34.0000 3.7516
35.0000 3.5539
36.0000 3.4166
37.0000 3.6160
38.0000 3.4198
39.0000 3.3709
40.0000 3.4280
41.0000 3.5538
42.0000 3.3640
43.0000 3.4620
44.0000 3.3927
45.0000 3.4282
46.0000 3.3720
47.0000 3.1985
48.0000 3.2669
49.0000 3.3756
50.0000 3.4274
51.0000 3.3826
52.0000 3.3074
53.0000 3.3664
54.0000 3.4887
55.0000 3.3104
56.0000 3.4226
57.0000 3.3095
58.0000 3.3697
59.0000 3.4591
60.0000 3.2705
61.0000 3.1550
62.0000 3.1486
63.0000 2.9865
64.0000 2.8452
65.0000 2.7655
66.0000 2.9384
67.0000 2.9679
68.0000 3.1040
69.0000 3.2770
70.0000 3.4730
71.0000 3.2788
72.0000 3.1269
73.0000 3.0294
74.0000 3.2294
75.0000 3.0608
76.0000 3.0879
77.0000 3.1462
78.0000 3.0673
79.0000 3.0251
80.0000 3.0663
81.0000 2.9189
82.0000 3.1068
83.0000 2.9370
84.0000 3.0437
85.0000 3.0639
86.0000 3.0038
87.0000 3.0903
88.0000 2.9923
89.0000 2.9172
90.0000 2.7496
91.0000 2.7780
92.0000 2.6778
93.0000 2.7795
94.0000 2.8707
95.0000 2.9480
96.0000 2.8775
97.0000 3.0536
98.0000 3.2514
99.0000 3.2784
100.0000 3.1713
101.0000 3.2718
102.0000 3.4631
103.0000 3.2700
104.0000 3.4279
105.0000 3.4072
106.0000 3.2192
107.0000 3.3952
108.0000 3.2584
109.0000 3.2712
110.0000 3.4610
111.0000 3.3091
112.0000 3.1329
113.0000 2.9507
114.0000 2.8111
115.0000 2.8335
116.0000 3.0314
117.0000 2.8797
118.0000 2.9943
119.0000 2.9743
120.0000 3.0686
121.0000 3.2229
122.0000 3.0309
123.0000 2.8899
124.0000 2.8753
125.0000 2.7925
126.0000 2.7177
127.0000 2.7673
128.0000 2.6028
129.0000 2.7940
130.0000 2.8860
131.0000 2.7009
132.0000 2.7060
133.0000 2.8659
134.0000 2.9587
135.0000 3.1500
136.0000 2.9595
137.0000 2.7606
138.0000 2.5898
139.0000 2.4611
140.0000 2.4682
141.0000 2.3133
142.0000 2.2312
143.0000 2.1125
144.0000 2.1497
145.0000 2.0148
146.0000 2.1867
147.0000 2.0499
148.0000 1.8642
149.0000 2.0487
150.0000 2.1145
151.0000 1.9581
