1.0000 2.9713
2.0000 2.9296
3.0000 3.1062
4.0000 3.2185
5.0000 3.4040
6.0000 3.2203
7.0000 3.3106
8.0000 3.4603
9.0000 3.2654
10.0000 3.4239
11.0000 3.2846
12.0000 3.4219
13.0000 3.4600
14.0000 3.2610
15.0000 3.4531
16.0000 3.4887
17.0000 3.4528
18.0000 3.3052
19.0000 3.2928
20.0000 3.1449
21.0000 3.3412
22.0000 3.1482
23.0000 2.9974
24.0000 3.1668
25.0000 3.0172
26.0000 2.9674
27.0000 3.1648
28.0000 3.1962
29.0000 3.0077
30.0000 3.1864
31.0000 3.1031
32.0000 3.0001
33.0000 2.9042
34.0000 2.7484
35.0000 2.5806
36.0000 2.3815
37.0000 2.5811
38.0000 2.4709
39.0000 2.5350
40.0000 2.4536
41.0000 2.3506
42.0000 2.5275
43.0000 2.3680
44.0000 2.3146
45.0000 2.2308
46.0000 2.2834
47.0000 2.3852
48.0000 2.1888
49.0000 2.3630
50.0000 2.4312
51.0000 2.3123
52.0000 2.3675
53.0000 2.3885
54.0000 2.4914
55.0000 2.4037
56.0000 2.5795
57.0000 2.4451
58.0000 2.6343
59.0000 2.4343
60.0000 2.3200
61.0000 2.3166
62.0000 2.1446
63.0000 2.3357
64.0000 2.3556
65.0000 2.1905
66.0000 2.2748
67.0000 2.1286
68.0000 2.1245
69.0000 2.0319
70.0000 1.9818
71.0000 2.0333
72.0000 1.9911
73.0000 2.0181
74.0000 2.2177
75.0000 2.2236
76.0000 2.0517
77.0000 2.0781
78.0000 2.0865
79.0000 2.2412
80.0000 2.2865
81.0000 2.0908
82.0000 2.0258
83.0000 1.8382
84.0000 1.9824
85.0000 2.0834
86.0000 2.0641
87.0000 2.1671
88.0000 2.3462
89.0000 2.5131
90.0000 2.3188
91.0000 2.3543
92.0000 2.5180
93.0000 2.3319
94.0000 2.4259
95.0000 2.4276
96.0000 2.3753
97.0000 2.4759
98.0000 2.2973
99.0000 2.2229
100.0000 2.4228
101.0000 2.2421
102.0000 2.0606
103.0000 1.8826
104.0000 1.6969
105.0000 1.8890
106.0000 1.7525
107.0000 1.8471
108.0000 1.7606
109.0000 1.6731
110.0000 1.5429
111.0000 1.3495
112.0000 1.4910
113.0000 1.6767
114.0000 1.6300
115.0000 1.4452
116.0000 1.6271
117.0000 1.8021
118.0000 1.6083
119.0000 1.5023
120.0000 1.6762
121.0000 1.4938
122.0000 1.6324
123.0000 1.4451
124.0000 1.6153
125.0000 1.5116
126.0000 1.4667
127.0000 1.6663
128.0000 1.6162
129.0000 1.5280
130.0000 1.7276
131.0000 1.5291
132.0000 1.4828
133.0000 1.3811
134.0000 1.5805
135.0000 1.7801
136.0000 1.5849
137.0000 1.7581
138.0000 1.9579
139.0000 2.0306
140.0000 2.0274
141.0000 1.9204
142.0000 2.0412
143.0000 1.9406
144.0000 1.8350
145.0000 1.6478
146.0000 1.7410
147.0000 1.5503
148.0000 1.7228
149.0000 1.8149
150.0000 2.0120
151.0000 1.8687
