1.0000 2.9866
2.0000 3.1210
3.0000 2.9597
4.0000 2.9549
5.0000 2.7915
6.0000 2.9733
7.0000 3.0828
8.0000 3.1705
9.0000 3.3698
10.0000 3.5052
11.0000 3.6690
12.0000 3.5277
13.0000 3.3405
14.0000 3.1408
15.0000 3.3156
16.0000 3.4940
17.0000 3.6889
18.0000 3.4973
19.0000 3.4367
20.0000 3.2494
21.0000 3.3824
22.0000 3.4474
23.0000 3.6359
24.0000 3.6835
25.0000 3.5379
26.0000 3.6466
27.0000 3.5257
28.0000 3.6246
29.0000 3.7074
30.0000 3.9016
31.0000 3.7667
32.0000 3.7136
33.0000 3.7716
34.0000 3.8310
35.0000 3.7927
36.0000 3.5973
37.0000 3.5590
38.0000 3.7505
39.0000 3.7492
40.0000 3.9168
41.0000 3.7256
42.0000 3.9163
43.0000 4.0878
44.0000 4.1233
45.0000 4.1562
46.0000 4.1061
47.0000 3.9699
48.0000 3.9807
49.0000 3.9174
50.0000 3.7226
51.0000 3.9036
52.0000 4.0974
53.0000 3.9228
54.0000 3.7428
55.0000 3.9376
56.0000 4.1368
57.0000 3.9996
58.0000 3.8074
59.0000 4.0038
60.0000 4.1398
61.0000 4.1141
62.0000 4.0981
63.0000 3.9019
64.0000 3.7238
65.0000 3.9145
66.0000 3.8691
67.0000 4.0687
68.0000 4.0257
69.0000 3.9686
70.0000 4.1218
71.0000 4.0212
72.0000 4.0573
73.0000 3.8589
74.0000 3.7211
75.0000 3.5579
76.0000 3.7174
77.0000 3.7961
78.0000 3.9513
79.0000 3.8402
80.0000 3.9855
81.0000 4.1149
82.0000 3.9856
83.0000 4.1312
84.0000 3.9895
85.0000 4.0718
86.0000 4.0658
87.0000 3.9550
88.0000 3.9012
89.0000 3.7018
90.0000 3.7526
91.0000 3.6210
92.0000 3.7972
93.0000 3.9957
94.0000 4.0416
95.0000 4.0854
96.0000 3.9667
97.0000 4.0802
98.0000 3.9725
99.0000 4.0885
100.0000 4.0425
101.0000 4.0988
102.0000 3.9660
103.0000 4.0837
104.0000 4.1064
105.0000 4.0128
106.0000 3.8930
107.0000 4.0927
108.0000 3.9767
109.0000 4.0531
110.0000 4.0479
111.0000 3.8689
112.0000 4.0215
113.0000 3.8352
114.0000 3.6461
115.0000 3.8342
116.0000 3.9891
117.0000 4.0754
118.0000 3.9982
119.0000 4.0792
120.0000 3.9173
121.0000 3.7586
122.0000 3.8569
123.0000 3.9086
124.0000 3.7417
125.0000 3.6002
126.0000 3.7169
127.0000 3.5252
128.0000 3.3839
129.0000 3.2333
130.0000 3.4281
131.0000 3.2283
132.0000 3.4276
133.0000 3.3235
134.0000 3.3405
135.0000 3.1707
136.0000 3.3695
137.0000 3.5560
138.0000 3.3595
139.0000 3.1765
140.0000 3.1030
141.0000 2.9151
142.0000 2.7271
143.0000 2.9193
144.0000 3.1088
145.0000 2.9116
146.0000 2.7131
147.0000 2.9076
148.0000 2.8211
149.0000 3.0166
150.0000 2.8666
151.0000 3.0035
