1.0000 3.0875
2.0000 2.9372
3.0000 2.7948
4.0000 2.6758
5.0000 2.8734
6.0000 2.7476
7.0000 2.9447
8.0000 3.1358
9.0000 3.2032
10.0000 3.0800
11.0000 3.1887
12.0000 2.9900
13.0000 2.9070
14.0000 2.9187
15.0000 3.1068
16.0000 3.0628
17.0000 2.9475
18.0000 2.7666
19.0000 2.7150
20.0000 2.5308
21.0000 2.6455
22.0000 2.5736
23.0000 2.7719
24.0000 2.9710
25.0000 2.7908
26.0000 2.6438
27.0000 2.7098
28.0000 2.6593
29.0000 2.7727
30.0000 2.9467
31.0000 2.8662
32.0000 2.7729
33.0000 2.8213
34.0000 2.6222
35.0000 2.6988
36.0000 2.8936
37.0000 2.6938
38.0000 2.4957
39.0000 2.2994
40.0000 2.4880
41.0000 2.3115
42.0000 2.4320
43.0000 2.4956
44.0000 2.5726
45.0000 2.4118
46.0000 2.4749
47.0000 2.6310
48.0000 2.5774
49.0000 2.6344
50.0000 2.8146
51.0000 2.6179
52.0000 2.7002
53.0000 2.5225
54.0000 2.6263
55.0000 2.6067
56.0000 2.4252
57.0000 2.4655
58.0000 2.4031
59.0000 2.2591
60.0000 2.3818
61.0000 2.4253
62.0000 2.5409
63.0000 2.7352
64.0000 2.6796
65.0000 2.7113
66.0000 2.8827
67.0000 2.8933
68.0000 3.0807
69.0000 2.9319
70.0000 3.1030
71.0000 3.2685
72.0000 3.4648
73.0000 3.6399
74.0000 3.4414
75.0000 3.3421
76.0000 3.1519
77.0000 2.9765
78.0000 3.1139
79.0000 3.2021
80.0000 3.3682
81.0000 3.2537
82.0000 3.0730
83.0000 2.8948
84.0000 2.7941
85.0000 2.8863
86.0000 3.0748
87.0000 2.9570
88.0000 3.1225
89.0000 3.1861
90.0000 3.1160
91.0000 2.9253
92.0000 3.0810
93.0000 3.1678
94.0000 3.3374
95.0000 3.1936
96.0000 3.2934
97.0000 3.1005
98.0000 3.0534
99.0000 2.8968
100.0000 2.6989
101.0000 2.6586
102.0000 2.4715
103.0000 2.4518
104.0000 2.4635
105.0000 2.5930
106.0000 2.6366
107.0000 2.7862
108.0000 2.7408
109.0000 2.5440
110.0000 2.4004
111.0000 2.5048
112.0000 2.7048
113.0000 2.9018
114.0000 2.8321
115.0000 2.6324
116.0000 2.6202
117.0000 2.8006
118.0000 2.8239
119.0000 2.9044
120.0000 3.0926
121.0000 3.0098
122.0000 3.1984
123.0000 3.1115
124.0000 3.0084
125.0000 3.2063
126.0000 3.1016
127.0000 3.2927
128.0000 3.3980
129.0000 3.3951
130.0000 3.5167
131.0000 3.5943
132.0000 3.7264
133.0000 3.5578
134.0000 3.6854
135.0000 3.5642
136.0000 3.5848
137.0000 3.4554
138.0000 3.4593
139.0000 3.5192
140.0000 3.4982
141.0000 3.5553
142.0000 3.6897
143.0000 3.5121
144.0000 3.5315
145.0000 3.3440
146.0000 3.4843
147.0000 3.5261
148.0000 3.3613
149.0000 3.4847
150.0000 3.5479
151.0000 3.6624
