1.0000 3.3622
2.0000 3.4626
3.0000 3.6155
4.0000 3.5769
5.0000 3.5012
6.0000 3.3065
7.0000 3.1229
8.0000 3.1790
9.0000 3.3396
10.0000 3.4241
11.0000 3.3231
12.0000 3.1323
13.0000 3.3283
14.0000 3.2574
15.0000 3.3678
16.0000 3.2986
17.0000 3.3250
18.0000 3.2675
19.0000 3.1268
20.0000 3.0209
21.0000 3.0255
22.0000 3.2027
23.0000 3.0743
24.0000 2.8867
25.0000 2.6956
26.0000 2.5142
27.0000 2.3399
28.0000 2.3180
29.0000 2.2627
30.0000 2.0764
31.0000 1.8967
32.0000 1.9294
33.0000 1.7895
34.0000 1.9894
35.0000 2.1260
36.0000 2.1265
37.0000 2.1618
38.0000 2.3391
39.0000 2.1408
40.0000 1.9542
41.0000 1.9732
42.0000 2.0487
43.0000 1.8761
44.0000 1.6967
45.0000 1.8863
46.0000 2.0742
47.0000 2.2620
48.0000 2.3094
49.0000 2.3927
50.0000 2.2471
51.0000 2.4215
52.0000 2.3246
53.0000 2.3871
54.0000 2.2718
55.0000 2.2337
56.0000 2.3880
57.0000 2.4687
58.0000 2.2986
59.0000 2.1305
60.0000 1.9307
61.0000 1.7449
62.0000 1.8552
63.0000 1.6598
64.0000 1.4600
65.0000 1.4526
66.0000 1.6462
67.0000 1.4472
68.0000 1.4571
69.0000 1.5875
70.0000 1.4111
71.0000 1.2679
72.0000 1.4276
73.0000 1.3481
74.0000 1.5481
75.0000 1.6221
76.0000 1.7367
77.0000 1.5394
78.0000 1.3532
79.0000 1.3944
80.0000 1.2273
81.0000 1.3217
82.0000 1.2958
83.0000 1.1121
84.0000 1.2492
85.0000 1.3555
86.0000 1.5197
87.0000 1.3976
88.0000 1.2360
89.0000 1.2941
90.0000 1.2887
91.0000 1.2208
92.0000 1.4208
93.0000 1.3500
94.0000 1.5439
95.0000 1.4248
96.0000 1.6044
97.0000 1.6130
98.0000 1.5780
99.0000 1.4750
100.0000 1.3411
101.0000 1.2932
102.0000 1.0967
103.0000 1.0877
104.0000 1.1676
105.0000 1.0958
106.0000 1.2295
107.0000 1.3234
108.0000 1.5123
109.0000 1.4629
110.0000 1.6360
111.0000 1.6636
112.0000 1.8548
113.0000 1.9249
114.0000 1.7367
115.0000 1.5721
116.0000 1.7701
117.0000 1.7843
118.0000 1.9764
119.0000 1.9366
120.0000 1.9214
121.0000 2.0847
122.0000 1.9455
123.0000 1.8589
124.0000 1.9028
125.0000 1.8227
126.0000 2.0219
127.0000 2.0217
128.0000 2.1615
129.0000 2.0160
130.0000 2.1567
131.0000 2.2073
132.0000 2.4058
133.0000 2.3219
134.0000 2.3268
135.0000 2.1347
136.0000 2.2026
137.0000 2.3922
138.0000 2.5733
139.0000 2.7635
140.0000 2.7858
141.0000 2.6158
142.0000 2.6137
143.0000 2.5023
144.0000 2.5452
145.0000 2.7422
146.0000 2.7201
147.0000 2.7059
148.0000 2.6089
149.0000 2.7372
150.0000 2.6618
151.0000 2.5229
