1.0000 3.2397
2.0000 3.3009
3.0000 3.4121
4.0000 3.4150
5.0000 3.3628
6.0000 3.1640
7.0000 3.1160
8.0000 3.2815
9.0000 3.4179
10.0000 3.2907
11.0000 3.4709
12.0000 3.4099
13.0000 3.5639
14.0000 3.4936
15.0000 3.3770
16.0000 3.2638
17.0000 3.2607
18.0000 3.3641
19.0000 3.1714
20.0000 2.9716
21.0000 2.9345
22.0000 2.9653
23.0000 3.0046
24.0000 3.1825
25.0000 2.9951
26.0000 2.9542
27.0000 2.9449
28.0000 2.7862
29.0000 2.9849
30.0000 3.0002
31.0000 3.1929
32.0000 3.0038
33.0000 3.1702
34.0000 3.3229
35.0000 3.1658
36.0000 3.2046
37.0000 3.2486
38.0000 3.0536
39.0000 3.1483
40.0000 3.1011
41.0000 3.2543
42.0000 3.3238
43.0000 3.4284
44.0000 3.2310
45.0000 3.2911
46.0000 3.2426
47.0000 3.0636
48.0000 3.1434
49.0000 3.0550
50.0000 2.9466
51.0000 3.0660
52.0000 2.9771
53.0000 3.0618
54.0000 2.9159
55.0000 3.0939
56.0000 2.9394
57.0000 2.8335
58.0000 2.7042
59.0000 2.5584
60.0000 2.6648
61.0000 2.8231
62.0000 2.6335
63.0000 2.8296
64.0000 2.9409
65.0000 2.8077
66.0000 2.7191
67.0000 2.6387
68.0000 2.6438
69.0000 2.7083
70.0000 2.7360
71.0000 2.6614
72.0000 2.8002
73.0000 2.8012
74.0000 2.8173
75.0000 2.9391
76.0000 3.0338
77.0000 3.2334
78.0000 3.2856
79.0000 3.0963
80.0000 3.2733
81.0000 3.4663
82.0000 3.4748
83.0000 3.2751
84.0000 3.4492
85.0000 3.4059
86.0000 3.2307
87.0000 3.0599
88.0000 2.8887
89.0000 3.0795
90.0000 2.8797
91.0000 2.8221
92.0000 2.9367
93.0000 2.8656
94.0000 2.9122
95.0000 2.9440
96.0000 2.8127
97.0000 2.9876
98.0000 3.0535
99.0000 2.9069
100.0000 2.9018
101.0000 2.7024
102.0000 2.9006
103.0000 2.9884
104.0000 3.1882
105.0000 3.0984
106.0000 2.9992
107.0000 3.1486
108.0000 2.9520
109.0000 3.0912
110.0000 2.8968
111.0000 2.8512
112.0000 2.6705
113.0000 2.6063
114.0000 2.7791
115.0000 2.8462
116.0000 2.7408
117.0000 2.7380
118.0000 2.9148
119.0000 3.0996
120.0000 2.9155
121.0000 2.7478
122.0000 2.9187
123.0000 2.9187
124.0000 2.7739
125.0000 2.7575
126.0000 2.8566
127.0000 3.0531
128.0000 3.1752
129.0000 3.3438
130.0000 3.5271
131.0000 3.6100
132.0000 3.4638
133.0000 3.6447
134.0000 3.5815
135.0000 3.4671
136.0000 3.3862
137.0000 3.3830
138.0000 3.4800
139.0000 3.3844
140.0000 3.2270
141.0000 3.1718
142.0000 3.2493
143.0000 3.2417
144.0000 3.2823
145.0000 3.3416
146.0000 3.1420
147.0000 3.1116
148.0000 3.0099
149.0000 3.1544
150.0000 3.0706
151.0000 2.9357
