1.0000 3.0720
2.0000 3.2264
3.0000 3.0298
4.0000 3.1850
5.0000 3.3813
6.0000 3.1815
7.0000 3.1187
8.0000 3.0626
9.0000 3.2411
10.0000 3.3155
11.0000 3.4156
12.0000 3.5377
13.0000 3.7377
14.0000 3.5377
15.0000 3.4083
16.0000 3.2161
17.0000 3.1670
18.0000 3.1376
19.0000 3.3376
20.0000 3.2841
21.0000 3.0862
22.0000 3.2861
23.0000 3.3462
24.0000 3.1548
25.0000 3.3305
26.0000 3.5304
27.0000 3.3977
28.0000 3.3808
29.0000 3.4499
30.0000 3.4677
31.0000 3.4257
32.0000 3.2268
33.0000 3.0613
34.0000 2.9657
35.0000 2.8215
36.0000 2.9508
37.0000 2.9261
38.0000 3.0821
39.0000 3.1886
40.0000 3.2786
41.0000 3.4591
42.0000 3.5881
43.0000 3.5820
44.0000 3.5297
45.0000 3.7293
46.0000 3.6149
47.0000 3.6757
48.0000 3.8422
49.0000 3.7685
50.0000 3.5705
51.0000 3.6182
52.0000 3.8179
53.0000 3.9561
54.0000 3.9107
55.0000 3.9355
56.0000 3.8790
57.0000 3.6798
58.0000 3.8717
59.0000 3.7655
60.0000 3.9173
61.0000 3.8948
62.0000 3.8246
63.0000 3.7429
64.0000 3.8570
65.0000 4.0269
66.0000 3.8520
67.0000 4.0420
68.0000 3.9546
69.0000 3.8260
70.0000 3.6370
71.0000 3.5079
72.0000 3.6997
73.0000 3.8349
74.0000 4.0225
75.0000 4.1375
76.0000 4.2472
77.0000 4.2229
78.0000 4.0953
79.0000 3.9165
80.0000 3.8939
81.0000 3.8126
82.0000 4.0114
83.0000 4.0656
84.0000 3.9798
85.0000 3.7868
86.0000 3.7698
87.0000 3.7731
88.0000 3.9033
89.0000 4.1007
90.0000 3.9320
91.0000 3.8157
92.0000 3.8250
93.0000 3.6441
94.0000 3.8434
95.0000 3.9287
96.0000 3.8587
97.0000 3.7626
98.0000 3.6240
99.0000 3.5051
100.0000 3.4348
101.0000 3.5677
102.0000 3.4824
103.0000 3.3404
104.0000 3.1804
105.0000 3.1842
106.0000 3.0241
107.0000 3.0353
108.0000 3.0421
109.0000 2.8428
110.0000 3.0117
111.0000 2.9199
112.0000 2.8411
113.0000 3.0388
114.0000 3.0768
115.0000 3.1064
116.0000 2.9879
117.0000 2.9278
118.0000 2.9207
119.0000 3.0296
120.0000 3.0555
121.0000 2.8810
122.0000 2.9390
123.0000 2.8171
124.0000 2.6440
125.0000 2.8339
126.0000 2.9482
127.0000 3.0065
128.0000 3.0017
129.0000 3.0237
130.0000 2.8737
131.0000 2.9833
132.0000 2.8031
133.0000 2.8605
134.0000 3.0064
135.0000 2.9101
136.0000 2.8603
137.0000 2.7775
138.0000 2.8086
139.0000 2.7440
140.0000 2.8862
141.0000 2.7784
142.0000 2.7458
143.0000 2.5487
144.0000 2.3616
145.0000 2.2076
146.0000 2.1668
147.0000 2.1368
148.0000 2.0454
149.0000 1.9507
150.0000 2.1225
151.0000 2.2370
