1.0000 3.2855
2.0000 3.3236
3.0000 3.5010
4.0000 3.6491
5.0000 3.8230
6.0000 3.7089
7.0000 3.8866
8.0000 3.7644
9.0000 3.9379
10.0000 3.8088
11.0000 3.6861
12.0000 3.6050
13.0000 3.5531
14.0000 3.7187
15.0000 3.5642
16.0000 3.4440
17.0000 3.6395
18.0000 3.5479
19.0000 3.5037
20.0000 3.3884
21.0000 3.4182
22.0000 3.2390
23.0000 3.3278
24.0000 3.4245
25.0000 3.6174
26.0000 3.5164
27.0000 3.7162
28.0000 3.5166
29.0000 3.3459
30.0000 3.4406
31.0000 3.3677
32.0000 3.2198
33.0000 3.3788
34.0000 3.5785
35.0000 3.6267
36.0000 3.5501
37.0000 3.5313
38.0000 3.5778
39.0000 3.6086
40.0000 3.7134
41.0000 3.5593
42.0000 3.5821
43.0000 3.3821
44.0000 3.4766
45.0000 3.3718
46.0000 3.5701
47.0000 3.4554
48.0000 3.4153
49.0000 3.3314
50.0000 3.1756
51.0000 2.9891
52.0000 2.7909
53.0000 2.8113
54.0000 2.9526
55.0000 2.7977
56.0000 2.9770
57.0000 3.1367
58.0000 3.0154
59.0000 2.9310
60.0000 2.7875
61.0000 2.5881
62.0000 2.4153
63.0000 2.2505
64.0000 2.1646
65.0000 2.3552
66.0000 2.1560
67.0000 2.2543
68.0000 2.2059
69.0000 2.0368
70.0000 2.1591
71.0000 2.2104
72.0000 2.0174
73.0000 2.0643
74.0000 1.8820
75.0000 1.6950
76.0000 1.6399
77.0000 1.8213
78.0000 1.9646
79.0000 2.0802
80.0000 1.9947
81.0000 2.1382
82.0000 2.2211
83.0000 2.4205
84.0000 2.6198
85.0000 2.4765
86.0000 2.2820
87.0000 2.1274
88.0000 2.1420
89.0000 1.9554
90.0000 1.9484
91.0000 1.9139
92.0000 1.9839
93.0000 2.0595
94.0000 1.9585
95.0000 1.7991
96.0000 1.6080
97.0000 1.5856
98.0000 1.7249
99.0000 1.5984
100.0000 1.6405
101.0000 1.8152
102.0000 1.8893
103.0000 1.8033
104.0000 1.6622
105.0000 1.6513
106.0000 1.5338
107.0000 1.4485
108.0000 1.2667
109.0000 1.4226
110.0000 1.5297
111.0000 1.5394
112.0000 1.5138
113.0000 1.6568
114.0000 1.6544
115.0000 1.4583
116.0000 1.5549
117.0000 1.7281
118.0000 1.6479
119.0000 1.6555
120.0000 1.5511
121.0000 1.7325
122.0000 1.7347
123.0000 1.6162
124.0000 1.7866
125.0000 1.9255
126.0000 2.0571
127.0000 1.8574
128.0000 1.7011
129.0000 1.8623
130.0000 1.9806
131.0000 1.8717
132.0000 1.9904
133.0000 1.9747
134.0000 1.9892
135.0000 2.1498
136.0000 2.0727
137.0000 2.2421
138.0000 2.3538
139.0000 2.5430
140.0000 2.7039
141.0000 2.5692
142.0000 2.3692
143.0000 2.5691
144.0000 2.6201
145.0000 2.4280
146.0000 2.6148
147.0000 2.8136
148.0000 2.7948
149.0000 2.5952
150.0000 2.4461
151.0000 2.4183
