1.0000 3.2691
2.0000 3.1054
3.0000 3.1132
4.0000 3.1965
5.0000 3.0003
6.0000 2.8059
7.0000 2.6370
8.0000 2.4985
9.0000 2.2992
10.0000 2.2463
11.0000 2.4449
12.0000 2.6441
13.0000 2.7532
14.0000 2.5867
15.0000 2.4803
16.0000 2.6427
17.0000 2.4780
18.0000 2.6681
19.0000 2.7497
20.0000 2.9295
21.0000 2.8879
22.0000 2.9848
23.0000 3.1846
24.0000 3.2648
25.0000 3.4642
26.0000 3.5058
27.0000 3.4656
28.0000 3.6576
29.0000 3.7125
30.0000 3.7945
31.0000 3.6004
32.0000 3.7973
33.0000 3.9927
34.0000 3.7950
35.0000 3.9058
36.0000 3.7622
37.0000 3.6987
38.0000 3.5698
39.0000 3.5084
40.0000 3.4742
41.0000 3.3739
42.0000 3.3272
43.0000 3.3652
44.0000 3.4859
45.0000 3.4878
46.0000 3.5974
47.0000 3.5662
48.0000 3.4908
49.0000 3.4166
50.0000 3.3884
51.0000 3.5825
52.0000 3.7258
53.0000 3.6337
54.0000 3.4638
55.0000 3.2937
56.0000 3.4565
57.0000 3.5701
58.0000 3.5175
59.0000 3.4684
60.0000 3.4650
61.0000 3.4024
62.0000 3.2289
63.0000 3.4232
64.0000 3.3330
65.0000 3.5320
66.0000 3.3401
67.0000 3.4748
68.0000 3.3616
69.0000 3.4161
70.0000 3.2177
71.0000 3.0252
72.0000 3.1102
73.0000 2.9103
74.0000 3.0067
75.0000 2.8278
76.0000 3.0236
77.0000 3.2181
78.0000 3.2097
79.0000 3.4075
80.0000 3.5449
81.0000 3.5210
82.0000 3.3675
83.0000 3.4401
84.0000 3.5259
85.0000 3.6119
86.0000 3.7337
87.0000 3.8620
88.0000 3.6849
89.0000 3.8190
90.0000 3.9926
91.0000 3.9855
92.0000 3.7877
93.0000 3.9822
94.0000 4.1571
95.0000 4.1027
96.0000 4.1999
97.0000 4.2870
98.0000 4.3429
99.0000 4.1850
100.0000 4.0071
101.0000 4.1277
102.0000 4.0840
103.0000 3.9669
104.0000 4.0176
105.0000 4.1049
106.0000 3.9412
107.0000 3.9157
108.0000 4.0420
109.0000 3.8914
110.0000 3.9594
111.0000 4.0705
112.0000 4.0363
113.0000 3.8993
114.0000 3.7806
115.0000 3.7706
116.0000 3.8039
117.0000 3.9711
118.0000 4.1158
119.0000 3.9295
120.0000 3.9152
121.0000 3.7812
122.0000 3.9783
123.0000 3.9537
124.0000 4.1204
125.0000 4.3054
126.0000 4.3736
127.0000 4.3114
128.0000 4.3159
129.0000 4.1861
130.0000 4.0531
131.0000 4.0688
132.0000 4.2380
133.0000 4.2486
134.0000 4.3186
135.0000 4.3260
136.0000 4.2729
137.0000 4.1180
138.0000 3.9598
139.0000 3.8138
140.0000 3.9585
141.0000 3.9400
142.0000 3.7662
143.0000 3.6095
144.0000 3.6837
145.0000 3.5695
146.0000 3.4319
147.0000 3.4338
148.0000 3.5552
149.0000 3.4247
150.0000 3.2399
151.0000 3.4157
