1.0000 3.3292
2.0000 3.4094
3.0000 3.2383
4.0000 3.0543
5.0000 2.9569
6.0000 2.7768
7.0000 2.7816
8.0000 2.9572
9.0000 3.1567
10.0000 3.0971
11.0000 3.1455
12.0000 3.3249
13.0000 3.3792
14.0000 3.2131
15.0000 3.3282
16.0000 3.1290
17.0000 3.2973
18.0000 3.3680
19.0000 3.5125
20.0000 3.3618
21.0000 3.2575
22.0000 3.3261
23.0000 3.1832
24.0000 3.0195
25.0000 2.8727
26.0000 3.0349
27.0000 2.8713
28.0000 2.9004
29.0000 2.9962
30.0000 2.8373
31.0000 2.8672
32.0000 3.0591
33.0000 2.9525
34.0000 3.1215
35.0000 3.0371
36.0000 2.9700
37.0000 2.9473
38.0000 2.9956
39.0000 3.1906
40.0000 3.1323
41.0000 3.1833
42.0000 3.2001
43.0000 3.3005
44.0000 3.1027
45.0000 3.2988
46.0000 3.3208
47.0000 3.4657
48.0000 3.6440
49.0000 3.7134
50.0000 3.8944
51.0000 3.6962
52.0000 3.7105
53.0000 3.6179
54.0000 3.4611
55.0000 3.4232
56.0000 3.2735
57.0000 3.2738
58.0000 3.2609
59.0000 3.1495
60.0000 3.3369
61.0000 3.2949
62.0000 3.1023
63.0000 3.1491
64.0000 2.9509
65.0000 3.0346
66.0000 3.2076
67.0000 3.1331
68.0000 2.9783
69.0000 3.1067
70.0000 3.3063
71.0000 3.3849
72.0000 3.2401
73.0000 3.0747
74.0000 3.0793
75.0000 3.1578
76.0000 3.3354
77.0000 3.3449
78.0000 3.5237
79.0000 3.6921
80.0000 3.6545
81.0000 3.6346
82.0000 3.6442
83.0000 3.6907
84.0000 3.4943
85.0000 3.3779
86.0000 3.3775
87.0000 3.5224
88.0000 3.6859
89.0000 3.8859
90.0000 4.0490
91.0000 4.0787
92.0000 3.9465
93.0000 3.7658
94.0000 3.9444
95.0000 4.1271
96.0000 3.9601
97.0000 4.0230
98.0000 3.8320
99.0000 3.8561
100.0000 4.0556
101.0000 3.9244
102.0000 3.9967
103.0000 4.0206
104.0000 3.8224
105.0000 3.7545
106.0000 3.5626
107.0000 3.6319
108.0000 3.5538
109.0000 3.4159
110.0000 3.2183
111.0000 3.3364
112.0000 3.4943
113.0000 3.6400
114.0000 3.7512
115.0000 3.5566
116.0000 3.5253
117.0000 3.6785
118.0000 3.8538
119.0000 3.7706
120.0000 3.6136
121.0000 3.4243
122.0000 3.6189
123.0000 3.8011
124.0000 3.7112
125.0000 3.5699
126.0000 3.7632
127.0000 3.6797
128.0000 3.6709
129.0000 3.8066
130.0000 3.9396
131.0000 4.1318
132.0000 4.3302
133.0000 4.1600
134.0000 3.9715
135.0000 3.7865
136.0000 3.5924
137.0000 3.4832
138.0000 3.6047
139.0000 3.6005
140.0000 3.4027
141.0000 3.3707
142.0000 3.4514
143.0000 3.6447
144.0000 3.6628
145.0000 3.4859
146.0000 3.3778
147.0000 3.5267
148.0000 3.4404
149.0000 3.3367
150.0000 3.1468
151.0000 2.9924
