1.0000 3.0585
2.0000 3.2083
3.0000 3.2944
4.0000 3.4123
5.0000 3.6052
6.0000 3.7893
7.0000 3.9197
8.0000 3.7603
9.0000 3.6021
10.0000 3.4568
11.0000 3.6563
12.0000 3.8100
13.0000 3.7712
14.0000 3.5713
15.0000 3.6954
16.0000 3.4985
17.0000 3.5818
18.0000 3.7503
19.0000 3.8212
20.0000 4.0198
21.0000 4.1756
22.0000 4.2074
23.0000 4.2417
24.0000 4.1237
25.0000 4.2394
26.0000 4.1222
27.0000 3.9594
28.0000 3.7717
29.0000 3.7498
30.0000 3.5689
31.0000 3.5970
32.0000 3.4020
33.0000 3.2168
34.0000 3.0202
35.0000 2.9765
36.0000 3.0543
37.0000 2.8963
38.0000 2.9320
39.0000 3.0585
40.0000 2.9855
41.0000 2.8587
42.0000 2.8735
43.0000 2.7238
44.0000 2.6941
45.0000 2.4995
46.0000 2.6725
47.0000 2.7140
48.0000 2.9121
49.0000 3.0127
50.0000 3.1277
51.0000 2.9582
52.0000 2.9635
53.0000 2.9481
54.0000 2.7506
55.0000 2.9270
56.0000 2.8461
57.0000 2.9346
58.0000 3.0612
59.0000 3.0396
60.0000 3.0221
61.0000 3.1739
62.0000 3.2386
63.0000 3.3864
64.0000 3.3275
65.0000 3.3372
66.0000 3.5239
67.0000 3.6547
68.0000 3.5467
69.0000 3.3496
70.0000 3.2793
71.0000 3.0793
72.0000 3.1380
73.0000 2.9749
74.0000 3.0192
75.0000 3.1928
76.0000 2.9932
77.0000 3.1932
78.0000 3.2460
79.0000 3.1856
80.0000 3.0574
81.0000 3.2091
82.0000 3.3736
83.0000 3.3370
84.0000 3.5251
85.0000 3.5890
86.0000 3.6864
87.0000 3.6297
88.0000 3.6984
89.0000 3.6687
90.0000 3.5291
91.0000 3.6883
92.0000 3.6390
93.0000 3.6362
94.0000 3.4375
95.0000 3.2764
96.0000 3.2769
97.0000 3.3225
98.0000 3.1655
99.0000 3.2842
100.0000 3.3358
101.0000 3.4360
102.0000 3.2415
103.0000 3.0670
104.0000 2.9134
105.0000 2.8319
106.0000 3.0318
107.0000 3.1123
108.0000 3.0331
109.0000 2.8451
110.0000 2.6975
111.0000 2.7241
112.0000 2.8260
113.0000 2.9428
114.0000 2.7432
115.0000 2.9244
116.0000 2.8149
117.0000 2.9788
118.0000 3.1639
119.0000 3.3061
120.0000 3.3498
121.0000 3.5454
122.0000 3.3550
123.0000 3.1960
124.0000 3.3703
125.0000 3.5310
126.0000 3.5881
127.0000 3.6456
128.0000 3.6897
129.0000 3.5352
130.0000 3.6234
131.0000 3.4679
132.0000 3.6660
133.0000 3.5323
134.0000 3.6586
135.0000 3.5034
136.0000 3.6875
137.0000 3.5091
138.0000 3.6282
139.0000 3.5046
140.0000 3.3491
141.0000 3.5350
142.0000 3.5311
143.0000 3.6112
144.0000 3.5291
145.0000 3.6019
146.0000 3.4191
147.0000 3.2602
148.0000 3.1673
149.0000 3.0343
150.0000 3.1537
151.0000 3.1721
