1.0000 3.3457
2.0000 3.4540
3.0000 3.5470
4.0000 3.5456
5.0000 3.4375
6.0000 3.4537
7.0000 3.6140
8.0000 3.4564
9.0000 3.3286
10.0000 3.4396
11.0000 3.3059
12.0000 3.1062
13.0000 2.9971
14.0000 3.0944
15.0000 3.1524
16.0000 3.3500
17.0000 3.3677
18.0000 3.1721
19.0000 3.3460
20.0000 3.2468
21.0000 3.1213
22.0000 3.1380
23.0000 2.9916
24.0000 2.8774
25.0000 2.9154
26.0000 2.8795
27.0000 3.0753
28.0000 2.8860
29.0000 2.9115
30.0000 3.0773
31.0000 3.1860
32.0000 3.0957
33.0000 3.1461
34.0000 3.1854
35.0000 2.9873
36.0000 2.9504
37.0000 2.8223
38.0000 2.7214
39.0000 2.5506
40.0000 2.6449
41.0000 2.5649
42.0000 2.5749
43.0000 2.3972
44.0000 2.2860
45.0000 2.4045
46.0000 2.3587
47.0000 2.1899
48.0000 2.0006
49.0000 1.8381
50.0000 1.6437
51.0000 1.5629
52.0000 1.3642
53.0000 1.5445
54.0000 1.3880
55.0000 1.3898
56.0000 1.2170
57.0000 1.0211
58.0000 1.2100
59.0000 1.1762
60.0000 1.2771
61.0000 1.1943
62.0000 0.9996
63.0000 1.0215
64.0000 1.2130
65.0000 1.3185
66.0000 1.2067
67.0000 1.4055
68.0000 1.3189
69.0000 1.1915
70.0000 1.2960
71.0000 1.3794
72.0000 1.2657
73.0000 1.2900
74.0000 1.4779
75.0000 1.3774
76.0000 1.3467
77.0000 1.5086
78.0000 1.6030
79.0000 1.7874
80.0000 1.6954
81.0000 1.8726
82.0000 1.6796
83.0000 1.5421
84.0000 1.3690
85.0000 1.5686
86.0000 1.7012
87.0000 1.5652
88.0000 1.4287
89.0000 1.3094
90.0000 1.3952
91.0000 1.5864
92.0000 1.7650
93.0000 1.7307
94.0000 1.5507
95.0000 1.3669
96.0000 1.2117
97.0000 1.1845
98.0000 1.3585
99.0000 1.2002
100.0000 1.1610
101.0000 1.2081
102.0000 1.3859
103.0000 1.3878
104.0000 1.4049
105.0000 1.3534
106.0000 1.5437
107.0000 1.7379
108.0000 1.5716
109.0000 1.7134
110.0000 1.5466
111.0000 1.5891
112.0000 1.4832
113.0000 1.3077
114.0000 1.4384
115.0000 1.4752
116.0000 1.3505
117.0000 1.1536
118.0000 1.3535
119.0000 1.4658
120.0000 1.6172
121.0000 1.6867
122.0000 1.8059
123.0000 1.6213
124.0000 1.7368
125.0000 1.8297
126.0000 1.6298
127.0000 1.8110
128.0000 1.7108
129.0000 1.5783
130.0000 1.7752
131.0000 1.8741
132.0000 1.9995
133.0000 2.1210
134.0000 2.0324
135.0000 2.1742
136.0000 2.1579
137.0000 1.9954
138.0000 2.1938
139.0000 2.0599
140.0000 1.9111
141.0000 1.7354
142.0000 1.6154
143.0000 1.4965
144.0000 1.3026
145.0000 1.4720
146.0000 1.4724
147.0000 1.3491
148.0000 1.2799
149.0000 1.3252
150.0000 1.5131
151.0000 1.4341
