1.0000 3.2330
2.0000 3.3105
3.0000 3.3435
4.0000 3.1719
5.0000 2.9790
6.0000 3.1790
7.0000 3.2396
8.0000 3.0671
9.0000 3.1882
10.0000 3.0161
11.0000 3.1443
12.0000 3.3316
13.0000 3.4687
14.0000 3.3510
15.0000 3.3948
16.0000 3.2221
17.0000 3.3607
18.0000 3.1702
19.0000 3.0548
20.0000 3.2505
21.0000 3.2624
22.0000 3.3466
23.0000 3.3302
24.0000 3.1548
25.0000 3.0604
26.0000 2.8618
27.0000 3.0609
28.0000 2.8821
29.0000 3.0792
30.0000 3.2265
31.0000 3.2227
32.0000 3.4211
33.0000 3.6192
34.0000 3.5511
35.0000 3.6421
36.0000 3.6113
37.0000 3.7898
38.0000 3.7692
39.0000 3.5870
40.0000 3.5019
41.0000 3.4444
42.0000 3.6143
43.0000 3.5463
44.0000 3.6320
45.0000 3.6420
46.0000 3.6483
47.0000 3.6076
48.0000 3.6103
49.0000 3.7746
50.0000 3.6424
51.0000 3.6545
52.0000 3.6259
53.0000 3.5131
54.0000 3.4207
55.0000 3.2213
56.0000 3.3457
57.0000 3.5247
58.0000 3.5625
59.0000 3.4101
60.0000 3.2278
61.0000 3.3741
62.0000 3.5522
63.0000 3.4696
64.0000 3.5353
65.0000 3.4118
66.0000 3.3162
67.0000 3.1290
68.0000 3.2488
69.0000 3.1566
70.0000 2.9929
71.0000 3.0937
72.0000 3.1353
73.0000 3.3237
74.0000 3.3508
75.0000 3.5386
76.0000 3.6196
77.0000 3.4466
78.0000 3.4977
79.0000 3.5164
80.0000 3.4653
81.0000 3.2670
82.0000 3.0780
83.0000 3.2750
84.0000 3.0895
85.0000 3.2407
86.0000 3.1773
87.0000 3.2739
88.0000 3.3845
89.0000 3.5845
90.0000 3.7576
91.0000 3.6620
92.0000 3.7568
93.0000 3.8490
94.0000 3.7124
95.0000 3.7671
96.0000 3.5679
97.0000 3.3790
98.0000 3.5712
99.0000 3.7293
100.0000 3.5299
101.0000 3.3771
102.0000 3.4937
103.0000 3.6769
104.0000 3.8769
105.0000 4.0162
106.0000 3.8923
107.0000 4.0913
108.0000 4.1943
109.0000 3.9948
110.0000 4.0683
111.0000 3.9217
112.0000 3.7226
113.0000 3.5602
114.0000 3.5738
115.0000 3.4902
116.0000 3.3731
117.0000 3.2839
118.0000 3.3438
119.0000 3.5415
120.0000 3.7115
121.0000 3.6572
122.0000 3.5398
123.0000 3.6175
124.0000 3.5589
125.0000 3.4566
126.0000 3.5908
127.0000 3.7878
128.0000 3.9127
129.0000 4.0899
130.0000 4.2354
131.0000 4.1008
132.0000 4.0842
133.0000 4.2841
134.0000 4.1614
135.0000 4.2313
136.0000 4.1253
137.0000 4.1656
138.0000 4.0377
139.0000 4.2277
140.0000 4.1083
141.0000 3.9172
142.0000 3.8654
143.0000 3.8688
144.0000 4.0654
145.0000 3.8911
146.0000 3.9832
147.0000 3.9767
148.0000 4.0865
149.0000 4.1224
150.0000 4.2197
151.0000 4.2770
