1.0000 3.2809
2.0000 3.1414
3.0000 3.2856
4.0000 3.3682
5.0000 3.5629
6.0000 3.6698
7.0000 3.5194
8.0000 3.6814
9.0000 3.6433
10.0000 3.5095
11.0000 3.4289
12.0000 3.2851
13.0000 3.3352
14.0000 3.4760
15.0000 3.3529
16.0000 3.3091
17.0000 3.1092
18.0000 3.1704
19.0000 2.9748
20.0000 2.7820
21.0000 2.9743
22.0000 2.8350
23.0000 3.0018
24.0000 3.0701
25.0000 2.9656
26.0000 2.8550
27.0000 2.8929
28.0000 2.7279
29.0000 2.7974
30.0000 2.7695
31.0000 2.8990
32.0000 2.8223
33.0000 2.8573
34.0000 3.0278
35.0000 3.1231
36.0000 3.1258
37.0000 2.9870
38.0000 2.8681
39.0000 2.7752
40.0000 2.9521
41.0000 3.0054
42.0000 2.9175
43.0000 2.8030
44.0000 2.6280
45.0000 2.6309
46.0000 2.4848
47.0000 2.6370
48.0000 2.6990
49.0000 2.8410
50.0000 2.9393
51.0000 2.7745
52.0000 2.8775
53.0000 2.7066
54.0000 2.5284
55.0000 2.5360
56.0000 2.4015
57.0000 2.5795
58.0000 2.3816
59.0000 2.5711
60.0000 2.4264
61.0000 2.6078
62.0000 2.7914
63.0000 2.7136
64.0000 2.8927
65.0000 2.9305
66.0000 3.0527
67.0000 3.0654
68.0000 2.8834
69.0000 3.0069
70.0000 2.8587
71.0000 2.6606
72.0000 2.4735
73.0000 2.3962
74.0000 2.1985
75.0000 2.3217
76.0000 2.3075
77.0000 2.4973
78.0000 2.6955
79.0000 2.8240
80.0000 2.9368
81.0000 3.1020
82.0000 3.2949
83.0000 3.3736
84.0000 3.3187
85.0000 3.5138
86.0000 3.5595
87.0000 3.5824
88.0000 3.4730
89.0000 3.6428
90.0000 3.8333
91.0000 4.0287
92.0000 3.8437
93.0000 3.9762
94.0000 4.1519
95.0000 3.9984
96.0000 3.9061
97.0000 4.0480
98.0000 3.8781
99.0000 3.8579
100.0000 3.9990
101.0000 4.0759
102.0000 4.0489
103.0000 4.0709
104.0000 4.0882
105.0000 3.9843
106.0000 4.0312
107.0000 3.9598
108.0000 3.8117
109.0000 3.6307
110.0000 3.8254
111.0000 4.0118
112.0000 3.8749
113.0000 3.9902
114.0000 4.0755
115.0000 4.0635
116.0000 3.9440
117.0000 3.8279
118.0000 3.7842
119.0000 3.9407
120.0000 4.0941
121.0000 4.0922
122.0000 3.9137
123.0000 3.7741
124.0000 3.9495
125.0000 3.7495
126.0000 3.5524
127.0000 3.7506
128.0000 3.7991
129.0000 3.8494
130.0000 3.6605
131.0000 3.5106
132.0000 3.4892
133.0000 3.4458
134.0000 3.5412
135.0000 3.3456
136.0000 3.3451
137.0000 3.4054
138.0000 3.4196
139.0000 3.6074
140.0000 3.7743
141.0000 3.6009
142.0000 3.6022
143.0000 3.7969
144.0000 3.9623
145.0000 3.9388
146.0000 3.7953
147.0000 3.9940
148.0000 4.0865
149.0000 3.9655
150.0000 4.0805
151.0000 4.2396
