1.0000 3.2974
2.0000 3.4739
3.0000 3.3023
4.0000 3.5022
5.0000 3.4028
6.0000 3.6019
7.0000 3.5625
8.0000 3.3639
9.0000 3.4161
10.0000 3.5196
11.0000 3.5500
12.0000 3.5599
13.0000 3.5290
14.0000 3.4021
15.0000 3.4187
16.0000 3.3188
17.0000 3.1632
18.0000 3.1121
19.0000 2.9540
20.0000 3.0845
21.0000 3.2839
22.0000 3.4817
23.0000 3.2824
24.0000 3.0826
25.0000 2.9080
26.0000 2.8703
27.0000 2.6719
28.0000 2.4896
29.0000 2.2903
30.0000 2.1048
31.0000 2.3004
32.0000 2.4429
33.0000 2.2447
34.0000 2.4030
35.0000 2.5019
36.0000 2.5567
37.0000 2.3762
38.0000 2.5529
39.0000 2.7198
40.0000 2.8898
41.0000 3.0781
42.0000 2.9761
43.0000 3.1760
44.0000 3.1515
45.0000 2.9647
46.0000 2.8564
47.0000 3.0032
48.0000 2.9647
49.0000 3.0457
50.0000 3.2161
51.0000 3.1867
52.0000 3.3683
53.0000 3.1869
54.0000 3.3361
55.0000 3.1361
56.0000 3.2893
57.0000 3.2189
58.0000 3.4185
59.0000 3.3026
60.0000 3.1368
61.0000 3.1452
62.0000 2.9937
63.0000 3.0543
64.0000 2.8859
65.0000 2.7892
66.0000 2.8645
67.0000 2.7568
68.0000 2.9527
69.0000 2.7538
70.0000 2.7108
71.0000 2.9086
72.0000 3.0623
73.0000 3.0332
74.0000 3.2040
75.0000 3.0040
76.0000 2.8714
77.0000 2.6888
78.0000 2.7016
79.0000 2.9014
80.0000 2.7023
81.0000 2.5894
82.0000 2.7812
83.0000 2.5824
84.0000 2.6425
85.0000 2.5520
86.0000 2.4049
87.0000 2.6008
88.0000 2.4174
89.0000 2.4475
90.0000 2.5312
91.0000 2.3314
92.0000 2.3499
93.0000 2.2128
94.0000 2.3909
95.0000 2.2487
96.0000 2.3701
97.0000 2.5061
98.0000 2.3120
99.0000 2.1270
100.0000 1.9703
101.0000 1.9920
102.0000 2.1121
103.0000 2.0932
104.0000 2.1392
105.0000 2.1451
106.0000 2.0407
107.0000 1.8647
108.0000 1.7172
109.0000 1.8386
110.0000 2.0033
111.0000 2.2031
112.0000 2.2093
113.0000 2.0156
114.0000 2.2068
115.0000 2.0846
116.0000 2.1788
117.0000 2.3317
118.0000 2.1578
119.0000 2.2901
120.0000 2.2520
121.0000 2.0559
122.0000 1.8677
123.0000 1.7117
124.0000 1.9108
125.0000 1.7946
126.0000 1.8271
127.0000 2.0184
128.0000 2.2053
129.0000 2.1497
130.0000 2.1618
131.0000 2.3448
132.0000 2.4936
133.0000 2.6819
134.0000 2.7413
135.0000 2.9237
136.0000 2.7265
137.0000 2.6045
138.0000 2.6645
139.0000 2.6765
140.0000 2.8422
141.0000 2.6661
142.0000 2.4704
143.0000 2.3481
144.0000 2.5206
145.0000 2.3449
146.0000 2.1896
147.0000 1.9947
148.0000 1.9250
149.0000 1.7420
150.0000 1.7935
151.0000 1.7608
