1.0000 3.1657
2.0000 3.2705
3.0000 3.4626
4.0000 3.3924
5.0000 3.3919
6.0000 3.4692
7.0000 3.3869
8.0000 3.3891
9.0000 3.2155
10.0000 3.1991
11.0000 3.2545
12.0000 3.3218
13.0000 3.5201
14.0000 3.4388
15.0000 3.2759
16.0000 3.4088
17.0000 3.3257
18.0000 3.4161
19.0000 3.4836
20.0000 3.3791
21.0000 3.3353
22.0000 3.4181
23.0000 3.4431
24.0000 3.5717
25.0000 3.4407
26.0000 3.5971
27.0000 3.7330
28.0000 3.5433
29.0000 3.6520
30.0000 3.8468
31.0000 3.9733
32.0000 4.0465
33.0000 3.9551
34.0000 3.7737
35.0000 3.5792
36.0000 3.4899
37.0000 3.5467
38.0000 3.6991
39.0000 3.5693
40.0000 3.7692
41.0000 3.9455
42.0000 4.1386
43.0000 4.0267
44.0000 3.8268
45.0000 3.9461
46.0000 3.9709
47.0000 3.7711
48.0000 3.6708
49.0000 3.5869
50.0000 3.4258
51.0000 3.4693
52.0000 3.4728
53.0000 3.2751
54.0000 3.2715
55.0000 3.3493
56.0000 3.5451
57.0000 3.6535
58.0000 3.5041
59.0000 3.6434
60.0000 3.8339
61.0000 3.9928
62.0000 3.7928
63.0000 3.6060
64.0000 3.7247
65.0000 3.9004
66.0000 3.7118
67.0000 3.6337
68.0000 3.6489
69.0000 3.8458
70.0000 4.0050
71.0000 4.0082
72.0000 3.8439
73.0000 4.0420
74.0000 4.0072
75.0000 3.9385
76.0000 4.0986
77.0000 4.0095
78.0000 3.9609
79.0000 4.0994
80.0000 3.9817
81.0000 3.8166
82.0000 3.7760
83.0000 3.9724
84.0000 4.0946
85.0000 4.0606
86.0000 4.0749
87.0000 3.8795
88.0000 4.0794
89.0000 3.9828
90.0000 3.8135
91.0000 4.0119
92.0000 4.0411
93.0000 3.8723
94.0000 3.7905
95.0000 3.8827
96.0000 4.0258
97.0000 4.0717
98.0000 3.8945
99.0000 3.8042
100.0000 3.9613
101.0000 3.9464
102.0000 3.8492
103.0000 3.6668
104.0000 3.7985
105.0000 3.9722
106.0000 4.0941
107.0000 4.0385
108.0000 4.0961
109.0000 4.0572
110.0000 4.0559
111.0000 3.9048
112.0000 4.1038
113.0000 4.0801
114.0000 4.1138
115.0000 4.0343
116.0000 4.1013
117.0000 4.0935
118.0000 3.9793
119.0000 4.1127
120.0000 3.9652
121.0000 3.9444
122.0000 3.9333
123.0000 4.1230
124.0000 3.9410
125.0000 4.1111
126.0000 4.0703
127.0000 3.9746
128.0000 4.0964
129.0000 4.0555
130.0000 4.0115
131.0000 3.9025
132.0000 3.9497
133.0000 3.7638
134.0000 3.8200
135.0000 3.9422
136.0000 4.1198
137.0000 3.9531
138.0000 4.0945
139.0000 3.9735
140.0000 4.1286
141.0000 3.9901
142.0000 3.8652
143.0000 3.8407
144.0000 3.6759
145.0000 3.5528
146.0000 3.3754
147.0000 3.1975
148.0000 3.2257
149.0000 3.0257
150.0000 2.8261
151.0000 2.9987
