1.0000 3.1515
2.0000 3.0310
3.0000 3.1987
4.0000 3.1081
5.0000 3.0908
6.0000 3.1170
7.0000 3.0387
8.0000 2.9819
9.0000 2.8684
10.0000 2.9501
11.0000 2.8527
12.0000 2.8346
13.0000 2.6727
14.0000 2.6589
15.0000 2.5096
16.0000 2.4889
17.0000 2.6665
18.0000 2.4716
19.0000 2.2959
20.0000 2.4273
21.0000 2.2294
22.0000 2.3789
23.0000 2.5518
24.0000 2.7501
25.0000 2.7080
26.0000 2.7088
27.0000 2.5141
28.0000 2.5709
29.0000 2.4187
30.0000 2.2307
31.0000 2.2896
32.0000 2.4426
33.0000 2.3354
34.0000 2.4357
35.0000 2.2555
36.0000 2.3376
37.0000 2.2334
38.0000 2.2184
39.0000 2.0476
40.0000 2.2475
41.0000 2.0820
42.0000 2.0620
43.0000 2.0377
44.0000 2.1639
45.0000 2.2447
46.0000 2.1700
47.0000 2.3230
48.0000 2.3390
49.0000 2.5287
50.0000 2.6740
51.0000 2.5105
52.0000 2.6871
53.0000 2.8374
54.0000 2.9263
55.0000 2.9501
56.0000 3.0908
57.0000 2.9217
58.0000 2.7314
59.0000 2.8406
60.0000 2.9331
61.0000 2.9285
62.0000 3.1279
63.0000 3.3265
64.0000 3.4424
65.0000 3.2454
66.0000 3.0609
67.0000 2.8618
68.0000 3.0446
69.0000 2.8926
70.0000 3.0850
71.0000 2.8913
72.0000 2.9604
73.0000 3.0180
74.0000 2.8370
75.0000 2.7735
76.0000 2.9472
77.0000 3.0705
78.0000 3.2165
79.0000 3.0628
80.0000 3.2444
81.0000 3.4443
82.0000 3.3647
83.0000 3.2409
84.0000 3.2379
85.0000 3.2658
86.0000 3.1455
87.0000 2.9472
88.0000 3.0186
89.0000 3.1917
90.0000 3.0323
91.0000 3.2274
92.0000 3.1166
93.0000 3.2214
94.0000 3.1201
95.0000 3.0142
96.0000 3.0275
97.0000 3.0915
98.0000 3.2680
99.0000 3.4609
100.0000 3.2713
101.0000 3.1416
102.0000 3.0654
103.0000 2.9971
104.0000 2.9665
105.0000 3.1623
106.0000 3.1522
107.0000 3.3250
108.0000 3.2192
109.0000 3.1660
110.0000 3.3617
111.0000 3.4941
112.0000 3.4416
113.0000 3.2596
114.0000 3.1882
115.0000 3.3730
116.0000 3.2595
117.0000 3.4108
118.0000 3.3394
119.0000 3.2470
120.0000 3.3589
121.0000 3.4464
122.0000 3.5962
123.0000 3.7953
124.0000 3.7087
125.0000 3.7116
126.0000 3.6511
127.0000 3.5152
128.0000 3.6972
129.0000 3.8191
130.0000 3.9184
131.0000 3.9167
132.0000 4.0554
133.0000 4.1834
134.0000 4.0869
135.0000 4.1659
136.0000 4.0791
137.0000 3.9487
138.0000 4.0987
139.0000 4.2896
140.0000 4.0897
141.0000 3.9027
142.0000 3.8595
143.0000 3.7402
144.0000 3.9317
145.0000 3.9215
146.0000 4.1193
147.0000 4.2711
148.0000 4.2847
149.0000 4.1632
150.0000 4.0586
151.0000 4.1097
