1.0000 3.2739
2.0000 3.4605
3.0000 3.2868
4.0000 3.4720
5.0000 3.6015
6.0000 3.4019
7.0000 3.3700
8.0000 3.4366
9.0000 3.6366
10.0000 3.6415
11.0000 3.5562
12.0000 3.4075
13.0000 3.4720
14.0000 3.5002
15.0000 3.5436
16.0000 3.3936
17.0000 3.2045
18.0000 3.1669
19.0000 3.3577
20.0000 3.3210
21.0000 3.4131
22.0000 3.2318
23.0000 3.1213
24.0000 3.1712
25.0000 3.2939
26.0000 3.4494
27.0000 3.4410
28.0000 3.5301
29.0000 3.5696
30.0000 3.4810
31.0000 3.6735
32.0000 3.7136
33.0000 3.7641
34.0000 3.5688
35.0000 3.3689
36.0000 3.1864
37.0000 3.0981
38.0000 3.2928
39.0000 3.0942
40.0000 3.2649
41.0000 3.2539
42.0000 3.0615
43.0000 3.2496
44.0000 3.1273
45.0000 2.9431
46.0000 2.8794
47.0000 3.0471
48.0000 2.9616
49.0000 2.9381
50.0000 2.7759
51.0000 2.9489
52.0000 2.9319
53.0000 2.9848
54.0000 2.7927
55.0000 2.5962
56.0000 2.5545
57.0000 2.4363
58.0000 2.2379
59.0000 2.3819
60.0000 2.5439
61.0000 2.3735
62.0000 2.1743
63.0000 2.3183
64.0000 2.4127
65.0000 2.4739
66.0000 2.6478
67.0000 2.8206
68.0000 2.6804
69.0000 2.6199
70.0000 2.5375
71.0000 2.3384
72.0000 2.4345
73.0000 2.5909
74.0000 2.4783
75.0000 2.2783
76.0000 2.2506
77.0000 2.0665
78.0000 1.9439
79.0000 2.0858
80.0000 2.2792
81.0000 2.1554
82.0000 2.3471
83.0000 2.3233
84.0000 2.2658
85.0000 2.2433
86.0000 2.2793
87.0000 2.0805
88.0000 2.1544
89.0000 2.0109
90.0000 1.9178
91.0000 2.1175
92.0000 1.9193
93.0000 1.7283
94.0000 1.7015
95.0000 1.5072
96.0000 1.3094
97.0000 1.4991
98.0000 1.6979
99.0000 1.5107
100.0000 1.4625
101.0000 1.3044
102.0000 1.1253
103.0000 1.3250
104.0000 1.4639
105.0000 1.4236
106.0000 1.6087
107.0000 1.8072
108.0000 1.7915
109.0000 1.9868
110.0000 2.0239
111.0000 1.9787
112.0000 1.8348
113.0000 1.7988
114.0000 1.9987
115.0000 1.9607
116.0000 1.9972
117.0000 2.1272
118.0000 2.1285
119.0000 1.9726
120.0000 1.8263
121.0000 1.7117
122.0000 1.6479
123.0000 1.4500
124.0000 1.6265
125.0000 1.5442
126.0000 1.6745
127.0000 1.7803
128.0000 1.9606
129.0000 1.7856
130.0000 1.6005
131.0000 1.6532
132.0000 1.4959
133.0000 1.3930
134.0000 1.3657
135.0000 1.1755
136.0000 1.2621
137.0000 1.2888
138.0000 1.4517
139.0000 1.2534
140.0000 1.3795
141.0000 1.5057
142.0000 1.5246
143.0000 1.6210
144.0000 1.8206
145.0000 1.8072
146.0000 1.9799
147.0000 2.1692
148.0000 1.9732
149.0000 2.1673
150.0000 2.3672
151.0000 2.2998
