1.0000 3.0700
2.0000 3.2463
3.0000 3.0464
4.0000 2.9793
5.0000 2.8734
6.0000 3.0551
7.0000 2.8714
8.0000 2.8430
9.0000 3.0398
10.0000 3.1160
11.0000 2.9983
12.0000 3.0469
13.0000 2.8969
14.0000 2.8006
15.0000 2.6051
16.0000 2.7285
17.0000 2.9278
18.0000 2.7281
19.0000 2.9128
20.0000 3.1117
21.0000 3.2966
22.0000 3.1177
23.0000 3.2813
24.0000 3.2411
25.0000 3.4393
26.0000 3.4811
27.0000 3.2940
28.0000 3.1407
29.0000 3.0419
30.0000 3.0375
31.0000 3.1399
32.0000 3.2859
33.0000 3.2025
34.0000 3.0737
35.0000 3.2715
36.0000 3.1011
37.0000 3.1180
38.0000 2.9180
39.0000 3.0049
40.0000 2.9275
41.0000 3.0528
42.0000 2.8976
43.0000 2.8152
44.0000 3.0148
45.0000 2.9017
46.0000 2.7808
47.0000 2.9670
48.0000 2.8645
49.0000 2.7148
50.0000 2.7513
51.0000 2.5664
52.0000 2.3711
53.0000 2.4359
54.0000 2.3601
55.0000 2.5474
56.0000 2.7024
57.0000 2.6922
58.0000 2.8103
59.0000 2.6239
60.0000 2.6036
61.0000 2.5983
62.0000 2.6182
63.0000 2.7554
64.0000 2.7299
65.0000 2.8811
66.0000 2.7610
67.0000 2.7315
68.0000 2.6111
69.0000 2.5978
70.0000 2.5250
71.0000 2.7236
72.0000 2.6997
73.0000 2.6134
74.0000 2.4638
75.0000 2.6405
76.0000 2.5255
77.0000 2.7146
78.0000 2.5701
79.0000 2.5760
80.0000 2.5285
81.0000 2.5491
82.0000 2.6653
83.0000 2.4904
84.0000 2.4216
85.0000 2.5088
86.0000 2.5449
87.0000 2.4209
88.0000 2.6061
89.0000 2.5831
90.0000 2.5017
91.0000 2.7006
92.0000 2.5044
93.0000 2.3044
94.0000 2.3349
95.0000 2.4343
96.0000 2.5032
97.0000 2.3318
98.0000 2.2468
99.0000 2.0469
100.0000 2.1096
101.0000 1.9106
102.0000 2.0292
103.0000 1.8698
104.0000 1.9382
105.0000 1.7552
106.0000 1.6148
107.0000 1.4450
108.0000 1.5621
109.0000 1.4039
110.0000 1.5701
111.0000 1.3939
112.0000 1.2976
113.0000 1.4906
114.0000 1.5623
115.0000 1.7621
116.0000 1.9365
117.0000 1.7377
118.0000 1.8190
119.0000 1.7156
120.0000 1.8841
121.0000 1.9448
122.0000 1.7634
123.0000 1.7684
124.0000 1.9683
125.0000 1.7862
126.0000 1.7133
127.0000 1.8425
128.0000 1.8714
129.0000 1.8087
130.0000 1.8216
131.0000 1.7625
132.0000 1.5949
133.0000 1.5490
134.0000 1.5926
135.0000 1.3931
136.0000 1.5131
137.0000 1.7082
138.0000 1.6680
139.0000 1.7436
140.0000 1.6330
141.0000 1.7451
142.0000 1.9216
143.0000 1.8578
144.0000 2.0339
145.0000 1.8942
146.0000 1.8241
147.0000 2.0189
148.0000 1.8335
149.0000 1.8117
150.0000 1.8955
151.0000 2.0203
