1.0000 3.0149
2.0000 3.1979
3.0000 3.3723
4.0000 3.3865
5.0000 3.5137
6.0000 3.4406
7.0000 3.3226
8.0000 3.4670
9.0000 3.5612
10.0000 3.3703
11.0000 3.5109
12.0000 3.4148
13.0000 3.4207
14.0000 3.3660
15.0000 3.1660
16.0000 2.9662
17.0000 2.7857
18.0000 2.6160
19.0000 2.7745
20.0000 2.9231
21.0000 3.0376
22.0000 2.8470
23.0000 3.0283
24.0000 3.2260
25.0000 3.4134
26.0000 3.3983
27.0000 3.4037
28.0000 3.5822
29.0000 3.4300
30.0000 3.4258
31.0000 3.5209
32.0000 3.3918
33.0000 3.3290
34.0000 3.1395
35.0000 3.1696
36.0000 3.3658
37.0000 3.4550
38.0000 3.3483
39.0000 3.3338
40.0000 3.1354
41.0000 3.3342
42.0000 3.3866
43.0000 3.3434
44.0000 3.5283
45.0000 3.3873
46.0000 3.3657
47.0000 3.2464
48.0000 3.1083
49.0000 3.2275
50.0000 3.0506
51.0000 2.8528
52.0000 2.9375
53.0000 2.9902
54.0000 2.9692
55.0000 2.8811
56.0000 2.7360
57.0000 2.8185
58.0000 2.6984
59.0000 2.5125
60.0000 2.5363
61.0000 2.6525
62.0000 2.7424
63.0000 2.9411
64.0000 2.8929
65.0000 2.7560
66.0000 2.5674
67.0000 2.6919
68.0000 2.7634
69.0000 2.8662
70.0000 2.7000
71.0000 2.8924
72.0000 2.7093
73.0000 2.8158
74.0000 2.9223
75.0000 2.7482
76.0000 2.5704
77.0000 2.3807
78.0000 2.1862
79.0000 2.1564
80.0000 2.2895
81.0000 2.3120
82.0000 2.1951
83.0000 2.3792
84.0000 2.4241
85.0000 2.5422
86.0000 2.5748
87.0000 2.4372
88.0000 2.3521
89.0000 2.5438
90.0000 2.6816
91.0000 2.5573
92.0000 2.4271
93.0000 2.3240
94.0000 2.2346
95.0000 2.2249
96.0000 2.1298
97.0000 2.2587
98.0000 2.4587
99.0000 2.4839
100.0000 2.3164
101.0000 2.5063
102.0000 2.5004
103.0000 2.6502
104.0000 2.4553
105.0000 2.2610
106.0000 2.3102
107.0000 2.3207
108.0000 2.2743
109.0000 2.2328
110.0000 2.3862
111.0000 2.5839
112.0000 2.7772
113.0000 2.5840
114.0000 2.5766
115.0000 2.7207
116.0000 2.8146
117.0000 2.6160
118.0000 2.4189
119.0000 2.3448
120.0000 2.5424
121.0000 2.6633
122.0000 2.7437
123.0000 2.7770
124.0000 2.7592
125.0000 2.7842
126.0000 2.6147
127.0000 2.4205
128.0000 2.2206
129.0000 2.0772
130.0000 2.2772
131.0000 2.2802
132.0000 2.2722
133.0000 2.1134
134.0000 2.1891
135.0000 2.2263
136.0000 2.1857
137.0000 2.1791
138.0000 2.3228
139.0000 2.3503
140.0000 2.2492
141.0000 2.4430
142.0000 2.2476
143.0000 2.3091
144.0000 2.1150
145.0000 2.1659
146.0000 2.1985
147.0000 2.0791
148.0000 2.1781
149.0000 2.2623
150.0000 2.3325
151.0000 2.3545
