1.0000 3.1385
2.0000 3.1152
3.0000 3.2076
4.0000 3.3564
5.0000 3.5347
6.0000 3.5965
7.0000 3.4710
8.0000 3.2967
9.0000 3.0972
10.0000 3.1881
11.0000 3.3793
12.0000 3.5563
13.0000 3.3829
14.0000 3.5712
15.0000 3.7307
16.0000 3.8738
17.0000 3.6915
18.0000 3.5249
19.0000 3.4097
20.0000 3.2655
21.0000 3.1366
22.0000 3.0726
23.0000 3.1300
24.0000 3.0033
25.0000 3.2033
26.0000 3.2310
27.0000 3.3964
28.0000 3.5946
29.0000 3.7945
30.0000 3.8358
31.0000 3.7647
32.0000 3.8205
33.0000 3.9988
34.0000 4.0632
35.0000 4.2610
36.0000 4.0715
37.0000 4.2682
38.0000 4.1790
39.0000 4.1806
40.0000 4.3092
41.0000 4.3065
42.0000 4.2569
43.0000 4.2013
44.0000 4.0046
45.0000 4.2020
46.0000 4.0077
47.0000 3.8457
48.0000 3.9641
49.0000 4.1521
50.0000 3.9831
51.0000 4.1597
52.0000 4.3569
53.0000 4.1740
54.0000 4.3384
55.0000 4.1952
56.0000 4.3807
57.0000 4.2319
58.0000 4.0664
59.0000 4.2604
60.0000 4.3306
61.0000 4.3687
62.0000 4.2239
63.0000 4.0444
64.0000 4.2360
65.0000 4.0485
66.0000 4.1513
67.0000 4.1937
68.0000 4.0072
69.0000 4.1647
70.0000 4.3225
71.0000 4.2211
72.0000 4.3970
73.0000 4.2054
74.0000 4.0645
75.0000 4.2644
76.0000 4.3649
77.0000 4.2464
78.0000 4.3569
79.0000 4.3898
80.0000 4.2354
81.0000 4.3786
82.0000 4.1950
83.0000 4.0597
84.0000 4.2597
85.0000 4.1822
86.0000 4.2879
87.0000 4.4042
88.0000 4.3465
89.0000 4.3393
90.0000 4.3642
91.0000 4.2412
92.0000 4.2790
93.0000 4.3402
94.0000 4.1410
95.0000 4.3145
96.0000 4.3918
97.0000 4.3477
98.0000 4.2338
99.0000 4.3976
100.0000 4.2553
101.0000 4.4155
102.0000 4.2501
103.0000 4.2757
104.0000 4.2839
105.0000 4.0846
106.0000 4.0366
107.0000 3.8658
108.0000 4.0547
109.0000 3.9109
110.0000 3.9103
111.0000 3.9857
112.0000 4.0814
113.0000 4.1351
114.0000 4.0498
115.0000 3.8966
116.0000 3.7531
117.0000 3.5559
118.0000 3.3561
119.0000 3.1884
120.0000 3.1806
121.0000 3.1546
122.0000 3.0918
123.0000 3.0463
124.0000 2.9747
125.0000 3.1509
126.0000 3.1041
127.0000 3.1828
128.0000 3.1062
129.0000 3.1538
130.0000 2.9539
131.0000 2.8923
132.0000 2.7320
133.0000 2.7998
134.0000 2.5999
135.0000 2.7951
136.0000 2.7345
137.0000 2.6993
138.0000 2.8681
139.0000 2.9841
140.0000 2.8120
141.0000 2.6459
142.0000 2.8350
143.0000 2.6919
144.0000 2.7560
145.0000 2.7482
146.0000 2.5482
147.0000 2.3547
148.0000 2.2209
149.0000 2.4024
150.0000 2.2042
151.0000 2.0093
