1.0000 3.3620
2.0000 3.1655
3.0000 3.2234
4.0000 3.4193
5.0000 3.4027
6.0000 3.4457
7.0000 3.2988
8.0000 3.4192
9.0000 3.5886
10.0000 3.7248
11.0000 3.6214
12.0000 3.5530
13.0000 3.4029
14.0000 3.5841
15.0000 3.3980
16.0000 3.5522
17.0000 3.5259
18.0000 3.3863
19.0000 3.1865
20.0000 2.9890
21.0000 3.1380
22.0000 3.0276
23.0000 3.2042
24.0000 3.2038
25.0000 3.0217
26.0000 2.8218
27.0000 2.6574
28.0000 2.8571
29.0000 2.8562
30.0000 2.7671
31.0000 2.5939
32.0000 2.5135
33.0000 2.5942
34.0000 2.6080
35.0000 2.4485
36.0000 2.4826
37.0000 2.6232
38.0000 2.5420
39.0000 2.5991
40.0000 2.7748
41.0000 2.5770
42.0000 2.4771
43.0000 2.3407
44.0000 2.3289
45.0000 2.4895
46.0000 2.3171
47.0000 2.5154
48.0000 2.5020
49.0000 2.5403
50.0000 2.4001
51.0000 2.2002
52.0000 2.0011
53.0000 2.1517
54.0000 1.9540
55.0000 1.8843
56.0000 1.6897
57.0000 1.5251
58.0000 1.4917
59.0000 1.3003
60.0000 1.2896
61.0000 1.3554
62.0000 1.2142
63.0000 1.1386
64.0000 0.9585
65.0000 0.7917
66.0000 0.6912
67.0000 0.7740
68.0000 0.6607
69.0000 0.7298
70.0000 0.6222
71.0000 0.4285
72.0000 0.2791
73.0000 0.4097
74.0000 0.6074
75.0000 0.4736
76.0000 0.3395
77.0000 0.1429
78.0000 0.3029
79.0000 0.1598
80.0000 0.3598
81.0000 0.1852
82.0000 0.1466
83.0000 0.3094
84.0000 0.1095
85.0000 0.1189
86.0000 0.3116
87.0000 0.4821
88.0000 0.6725
89.0000 0.4954
90.0000 0.3892
91.0000 0.3914
92.0000 0.3473
93.0000 0.1994
94.0000 0.2129
95.0000 0.3376
96.0000 0.1499
97.0000 0.0515
98.0000 0.1836
99.0000 0.2634
100.0000 0.2530
101.0000 0.3518
102.0000 0.5506
103.0000 0.6280
104.0000 0.6229
105.0000 0.8064
106.0000 0.9986
107.0000 1.0179
108.0000 0.9226
109.0000 0.8464
110.0000 0.6530
111.0000 0.6603
112.0000 0.4797
113.0000 0.6685
114.0000 0.8593
115.0000 0.9866
116.0000 0.8008
117.0000 0.9636
118.0000 0.9192
119.0000 1.0811
120.0000 1.1454
121.0000 0.9638
122.0000 1.1636
123.0000 1.2625
124.0000 1.4438
125.0000 1.5916
126.0000 1.7905
127.0000 1.9506
128.0000 1.7594
129.0000 1.8852
130.0000 1.8341
131.0000 1.9592
132.0000 1.9311
133.0000 2.0129
134.0000 2.1848
135.0000 2.3494
136.0000 2.4014
137.0000 2.5887
138.0000 2.3962
139.0000 2.2466
140.0000 2.0754
141.0000 2.2726
142.0000 2.3576
143.0000 2.4073
144.0000 2.4265
145.0000 2.2284
146.0000 2.0284
147.0000 2.0651
148.0000 2.2649
149.0000 2.3621
150.0000 2.5523
151.0000 2.5183
