1.0000 2.9742
2.0000 2.9658
3.0000 2.8315
4.0000 2.8255
5.0000 2.6263
6.0000 2.7383
7.0000 2.7266
8.0000 2.6092
9.0000 2.6420
10.0000 2.8278
11.0000 2.6281
12.0000 2.4282
13.0000 2.3308
14.0000 2.1482
15.0000 2.1893
16.0000 2.2847
17.0000 2.4705
18.0000 2.4320
19.0000 2.3804
20.0000 2.5552
21.0000 2.7534
22.0000 2.5592
23.0000 2.5169
24.0000 2.7158
25.0000 2.5524
26.0000 2.7445
27.0000 2.5557
28.0000 2.5150
29.0000 2.4324
30.0000 2.6156
31.0000 2.4769
32.0000 2.6676
33.0000 2.8571
34.0000 2.7097
35.0000 2.5112
36.0000 2.3590
37.0000 2.2103
38.0000 2.1599
39.0000 2.3426
40.0000 2.2643
41.0000 2.1103
42.0000 1.9782
43.0000 1.9092
44.0000 1.7248
45.0000 1.6680
46.0000 1.6828
47.0000 1.8466
48.0000 2.0465
49.0000 1.8664
50.0000 1.6664
51.0000 1.4666
52.0000 1.3651
53.0000 1.3989
54.0000 1.3183
55.0000 1.5127
56.0000 1.6115
57.0000 1.8114
58.0000 1.6143
59.0000 1.4553
60.0000 1.2651
61.0000 1.4546
62.0000 1.3278
63.0000 1.3045
64.0000 1.1134
65.0000 1.0580
66.0000 1.0193
67.0000 0.9315
68.0000 1.1315
69.0000 1.3226
70.0000 1.2727
71.0000 1.3677
72.0000 1.3130
73.0000 1.1181
74.0000 1.1033
75.0000 0.9038
76.0000 0.7292
77.0000 0.8021
78.0000 0.6046
79.0000 0.7717
80.0000 0.9537
81.0000 1.0035
82.0000 1.2032
83.0000 1.0041
84.0000 0.8214
85.0000 0.6667
86.0000 0.8579
87.0000 0.9122
88.0000 0.8919
89.0000 0.8178
90.0000 0.6586
91.0000 0.8227
92.0000 0.6414
93.0000 0.8354
94.0000 0.7510
95.0000 0.7771
96.0000 0.5917
97.0000 0.7879
98.0000 0.9853
99.0000 1.1418
100.0000 1.3279
101.0000 1.4969
102.0000 1.5907
103.0000 1.7860
104.0000 1.7777
105.0000 1.7810
106.0000 1.9146
107.0000 1.7239
108.0000 1.9233
109.0000 2.0670
110.0000 1.9425
111.0000 2.0113
112.0000 2.2103
113.0000 2.3522
114.0000 2.3931
115.0000 2.5499
116.0000 2.7066
117.0000 2.5186
118.0000 2.7042
119.0000 2.7801
120.0000 2.5858
121.0000 2.4147
122.0000 2.2169
123.0000 2.1177
124.0000 1.9721
125.0000 1.9607
126.0000 1.7763
127.0000 1.8580
128.0000 2.0249
129.0000 2.0629
130.0000 2.0655
131.0000 2.0047
132.0000 1.8413
133.0000 1.6951
134.0000 1.8492
135.0000 1.8711
136.0000 2.0343
137.0000 2.0484
138.0000 2.0803
139.0000 1.9793
140.0000 1.8333
141.0000 2.0092
142.0000 1.9679
143.0000 1.9902
144.0000 2.1899
145.0000 2.3624
146.0000 2.3543
147.0000 2.5543
148.0000 2.7001
149.0000 2.7137
150.0000 2.7459
151.0000 2.8793
