1.0000 3.2801
2.0000 3.4140
3.0000 3.3989
4.0000 3.3773
5.0000 3.3897
6.0000 3.2107
7.0000 3.2385
8.0000 3.4359
9.0000 3.3066
10.0000 3.4937
11.0000 3.4317
12.0000 3.6206
13.0000 3.8182
14.0000 3.8806
15.0000 3.6913
16.0000 3.8104
17.0000 3.8584
18.0000 3.8718
19.0000 3.9366
20.0000 4.0006
21.0000 4.1659
22.0000 4.3204
23.0000 4.1876
24.0000 4.1672
25.0000 4.1859
26.0000 3.9977
27.0000 4.0479
28.0000 4.1159
29.0000 4.0616
30.0000 4.0481
31.0000 3.9030
32.0000 3.7535
33.0000 3.8521
34.0000 4.0511
35.0000 4.0347
36.0000 3.9240
37.0000 4.0489
38.0000 3.9740
39.0000 3.8090
40.0000 3.6118
41.0000 3.7235
42.0000 3.6451
43.0000 3.8426
44.0000 3.7757
45.0000 3.5758
46.0000 3.7723
47.0000 3.9540
48.0000 3.8118
49.0000 3.7330
50.0000 3.5330
51.0000 3.6934
52.0000 3.4935
53.0000 3.6831
54.0000 3.4984
55.0000 3.6833
56.0000 3.8283
57.0000 4.0108
58.0000 4.1784
59.0000 3.9801
60.0000 3.8271
61.0000 3.8711
62.0000 3.6957
63.0000 3.8691
64.0000 4.0034
65.0000 3.8748
66.0000 3.6778
67.0000 3.4786
68.0000 3.6492
69.0000 3.6371
70.0000 3.5491
71.0000 3.7326
72.0000 3.7820
73.0000 3.7469
74.0000 3.8656
75.0000 3.7193
76.0000 3.8923
77.0000 3.7186
78.0000 3.5272
79.0000 3.3361
80.0000 3.3562
81.0000 3.2661
82.0000 3.0663
83.0000 2.9347
84.0000 3.1028
85.0000 3.0032
86.0000 3.2029
87.0000 3.0898
88.0000 2.8917
89.0000 3.0474
90.0000 3.0273
91.0000 3.1523
92.0000 3.3512
93.0000 3.5504
94.0000 3.5473
95.0000 3.6258
96.0000 3.4571
97.0000 3.4054
98.0000 3.5223
99.0000 3.7083
100.0000 3.5488
101.0000 3.3959
102.0000 3.1980
103.0000 3.2606
104.0000 3.3641
105.0000 3.4496
106.0000 3.5929
107.0000 3.6479
108.0000 3.4583
109.0000 3.3494
110.0000 3.5415
111.0000 3.7280
112.0000 3.9027
113.0000 3.8898
114.0000 3.9149
115.0000 3.8688
116.0000 3.8883
117.0000 4.0040
118.0000 3.8100
119.0000 4.0081
120.0000 4.0570
121.0000 4.0984
122.0000 3.9673
123.0000 3.8098
124.0000 3.6154
125.0000 3.5409
126.0000 3.6899
127.0000 3.4900
128.0000 3.6873
129.0000 3.8848
130.0000 3.6984
131.0000 3.8394
132.0000 3.6421
133.0000 3.8409
134.0000 4.0258
135.0000 4.1045
136.0000 4.1853
137.0000 4.0206
138.0000 3.9696
139.0000 3.7828
140.0000 3.6053
141.0000 3.6426
142.0000 3.4839
143.0000 3.3730
144.0000 3.5489
145.0000 3.5388
146.0000 3.4855
147.0000 3.6472
148.0000 3.7260
149.0000 3.8849
150.0000 3.8245
151.0000 3.8266
