1.0000 2.9625
2.0000 2.7736
3.0000 2.6704
4.0000 2.8065
5.0000 3.0043
6.0000 2.8185
7.0000 2.9446
8.0000 2.9951
9.0000 2.8163
10.0000 2.6174
11.0000 2.4194
12.0000 2.5223
13.0000 2.6712
14.0000 2.5669
15.0000 2.4775
16.0000 2.6152
17.0000 2.4948
18.0000 2.3395
19.0000 2.1515
20.0000 2.0810
21.0000 2.2798
22.0000 2.3855
23.0000 2.1874
24.0000 1.9977
25.0000 1.8200
26.0000 1.7627
27.0000 1.5629
28.0000 1.4082
29.0000 1.5447
30.0000 1.6190
31.0000 1.8162
32.0000 2.0157
33.0000 2.0478
34.0000 2.2477
35.0000 2.3506
36.0000 2.4410
37.0000 2.3389
38.0000 2.4445
39.0000 2.2796
40.0000 2.4136
41.0000 2.4981
42.0000 2.6980
43.0000 2.6264
44.0000 2.7465
45.0000 2.7318
46.0000 2.9267
47.0000 2.9521
48.0000 3.1430
49.0000 3.1437
50.0000 2.9624
51.0000 2.7647
52.0000 2.5652
53.0000 2.4747
54.0000 2.5352
55.0000 2.7188
56.0000 2.8156
57.0000 2.8939
58.0000 2.7031
59.0000 2.6410
60.0000 2.7296
61.0000 2.8084
62.0000 2.8550
63.0000 2.6552
64.0000 2.4817
65.0000 2.3409
66.0000 2.2277
67.0000 2.2829
68.0000 2.1402
69.0000 2.3400
70.0000 2.5143
71.0000 2.6221
72.0000 2.8206
73.0000 2.6400
74.0000 2.5432
75.0000 2.7287
76.0000 2.7335
77.0000 2.8770
78.0000 2.6810
79.0000 2.5830
80.0000 2.4165
81.0000 2.5219
82.0000 2.3315
83.0000 2.2725
84.0000 2.3517
85.0000 2.3862
86.0000 2.3562
87.0000 2.3151
88.0000 2.4589
89.0000 2.6135
90.0000 2.8063
91.0000 2.9860
92.0000 3.0355
93.0000 2.9661
94.0000 3.0890
95.0000 2.9025
96.0000 2.9602
97.0000 3.0118
98.0000 2.8344
99.0000 2.9714
100.0000 2.9166
101.0000 2.7589
102.0000 2.7780
103.0000 2.7991
104.0000 2.8701
105.0000 2.9023
106.0000 2.7201
107.0000 2.6676
108.0000 2.5269
109.0000 2.4361
110.0000 2.5017
111.0000 2.6909
112.0000 2.5982
113.0000 2.4097
114.0000 2.3094
115.0000 2.1123
116.0000 2.2574
117.0000 2.0602
118.0000 2.0443
119.0000 2.1279
120.0000 1.9479
121.0000 2.1476
122.0000 2.0005
123.0000 2.0084
124.0000 2.1976
125.0000 2.3325
126.0000 2.1764
127.0000 2.2840
128.0000 2.2738
129.0000 2.2398
130.0000 2.3229
131.0000 2.1240
132.0000 2.2802
133.0000 2.1585
134.0000 2.0749
135.0000 2.2747
136.0000 2.0775
137.0000 1.9643
138.0000 1.7728
139.0000 1.5980
140.0000 1.5327
141.0000 1.6097
142.0000 1.7894
143.0000 1.7725
144.0000 1.7001
145.0000 1.6459
146.0000 1.4521
147.0000 1.6514
148.0000 1.8183
149.0000 1.6184
150.0000 1.8100
151.0000 1.6108
