1.0000 3.3372
2.0000 3.1548
3.0000 3.1750
4.0000 3.0022
5.0000 3.1835
6.0000 3.0568
7.0000 3.2286
8.0000 3.1320
9.0000 3.2708
10.0000 3.4708
11.0000 3.4060
12.0000 3.5663
13.0000 3.3823
14.0000 3.5166
15.0000 3.4885
16.0000 3.5124
17.0000 3.4255
18.0000 3.2262
19.0000 3.2795
20.0000 3.3303
21.0000 3.2103
22.0000 3.4051
23.0000 3.3983
24.0000 3.5190
25.0000 3.3832
26.0000 3.1851
27.0000 3.3504
28.0000 3.2633
29.0000 3.4310
30.0000 3.2503
31.0000 3.0974
32.0000 3.1037
33.0000 3.0225
34.0000 2.9194
35.0000 3.0458
36.0000 2.8856
37.0000 3.0034
38.0000 3.1036
39.0000 3.0921
40.0000 3.0100
41.0000 2.8691
42.0000 2.6723
43.0000 2.8291
44.0000 2.8090
45.0000 2.6943
46.0000 2.7952
47.0000 2.6336
48.0000 2.8314
49.0000 2.7659
50.0000 2.9048
51.0000 2.7868
52.0000 2.9867
53.0000 2.7973
54.0000 2.7424
55.0000 2.6831
56.0000 2.4957
57.0000 2.5853
58.0000 2.7200
59.0000 2.5573
60.0000 2.7525
61.0000 2.6201
62.0000 2.4928
63.0000 2.3074
64.0000 2.2762
65.0000 2.4525
66.0000 2.3959
67.0000 2.4267
68.0000 2.5806
69.0000 2.7727
70.0000 2.8290
71.0000 2.7960
72.0000 2.5962
73.0000 2.7148
74.0000 2.5497
75.0000 2.7438
76.0000 2.6401
77.0000 2.8304
78.0000 2.9961
79.0000 3.1932
80.0000 3.0150
81.0000 2.8562
82.0000 2.7223
83.0000 2.8230
84.0000 2.9185
85.0000 3.0379
86.0000 3.0075
87.0000 2.9785
88.0000 2.9711
89.0000 2.7908
90.0000 2.9778
91.0000 2.9099
92.0000 3.0452
93.0000 2.9416
94.0000 3.0651
95.0000 3.2323
96.0000 3.3298
97.0000 3.5152
98.0000 3.6511
99.0000 3.4518
100.0000 3.3822
101.0000 3.5326
102.0000 3.6218
103.0000 3.4219
104.0000 3.5200
105.0000 3.4380
106.0000 3.5404
107.0000 3.7206
108.0000 3.7306
109.0000 3.9214
110.0000 3.9042
111.0000 3.8426
112.0000 3.8476
113.0000 3.6753
114.0000 3.4754
115.0000 3.6292
116.0000 3.4660
117.0000 3.2991
118.0000 3.3490
119.0000 3.1509
120.0000 3.2895
121.0000 3.4620
122.0000 3.2661
123.0000 3.1006
124.0000 3.0454
125.0000 2.9828
126.0000 3.0891
127.0000 3.1525
128.0000 3.0405
129.0000 2.8406
130.0000 2.9753
131.0000 3.0241
132.0000 2.8242
133.0000 3.0139
134.0000 2.8141
135.0000 2.6640
136.0000 2.8637
137.0000 2.6811
138.0000 2.8720
139.0000 2.7158
140.0000 2.5185
141.0000 2.4935
142.0000 2.6784
143.0000 2.8724
144.0000 2.9640
145.0000 2.9920
146.0000 3.1141
147.0000 3.0018
148.0000 2.8970
149.0000 3.0568
150.0000 2.9937
151.0000 3.1441
