1.0000 2.9828
2.0000 2.7864
3.0000 2.9645
4.0000 3.0851
5.0000 2.9079
6.0000 2.7080
7.0000 2.5631
8.0000 2.3772
9.0000 2.5527
10.0000 2.6854
11.0000 2.5477
12.0000 2.7167
13.0000 2.8648
14.0000 3.0610
15.0000 2.8615
16.0000 2.6890
17.0000 2.6547
18.0000 2.7379
19.0000 2.8831
20.0000 2.8377
21.0000 3.0284
22.0000 2.9630
23.0000 2.8577
24.0000 2.6593
25.0000 2.6058
26.0000 2.8058
27.0000 2.9911
28.0000 3.1430
29.0000 3.3140
30.0000 3.2161
31.0000 3.2194
32.0000 3.4033
33.0000 3.2199
34.0000 3.2025
35.0000 3.3460
36.0000 3.4426
37.0000 3.3845
38.0000 3.1847
39.0000 3.3489
40.0000 3.5466
41.0000 3.3502
42.0000 3.5335
43.0000 3.7281
44.0000 3.8971
45.0000 4.0099
46.0000 3.8189
47.0000 4.0131
48.0000 4.1898
49.0000 4.2768
50.0000 4.2969
51.0000 4.2013
52.0000 4.0031
53.0000 3.9494
54.0000 3.7498
55.0000 3.8878
56.0000 3.9765
57.0000 3.7974
58.0000 3.6915
59.0000 3.6210
60.0000 3.8101
61.0000 3.6927
62.0000 3.5218
63.0000 3.7159
64.0000 3.8929
65.0000 3.6952
66.0000 3.8948
67.0000 3.9275
68.0000 4.1262
69.0000 4.1764
70.0000 3.9902
71.0000 3.7905
72.0000 3.5908
73.0000 3.4454
74.0000 3.5972
75.0000 3.5354
76.0000 3.7328
77.0000 3.8582
78.0000 3.7409
79.0000 3.5609
80.0000 3.7038
81.0000 3.5892
82.0000 3.4040
83.0000 3.4493
84.0000 3.4771
85.0000 3.4687
86.0000 3.6153
87.0000 3.4249
88.0000 3.2738
89.0000 3.1234
90.0000 3.3222
91.0000 3.5178
92.0000 3.4941
93.0000 3.6816
94.0000 3.8251
95.0000 3.7366
96.0000 3.8639
97.0000 4.0166
98.0000 3.8298
99.0000 3.6511
100.0000 3.4896
101.0000 3.6729
102.0000 3.5258
103.0000 3.6143
104.0000 3.5486
105.0000 3.6101
106.0000 3.8046
107.0000 3.9305
108.0000 3.7604
109.0000 3.6105
110.0000 3.7498
111.0000 3.7062
112.0000 3.8672
113.0000 3.7084
114.0000 3.9026
115.0000 4.0877
116.0000 4.2139
117.0000 4.0226
118.0000 4.2033
119.0000 4.2804
120.0000 4.2008
121.0000 4.3710
122.0000 4.1877
123.0000 3.9922
124.0000 4.0083
125.0000 4.0277
126.0000 3.8801
127.0000 3.7279
128.0000 3.6711
129.0000 3.8015
130.0000 3.9858
131.0000 3.7865
132.0000 3.9820
133.0000 4.1604
134.0000 4.2059
135.0000 4.1004
136.0000 4.0779
137.0000 4.2127
138.0000 4.0373
139.0000 4.2296
140.0000 4.1143
141.0000 3.9474
142.0000 3.9693
143.0000 3.7725
144.0000 3.8947
145.0000 3.9759
146.0000 3.8916
147.0000 4.0021
148.0000 3.9427
149.0000 4.1122
150.0000 3.9124
151.0000 4.0521
