1.0000 2.9959
2.0000 3.1266
3.0000 3.3147
4.0000 3.2841
5.0000 3.4593
6.0000 3.3164
7.0000 3.1995
8.0000 3.0771
9.0000 3.2577
10.0000 3.3819
11.0000 3.4016
12.0000 3.5085
13.0000 3.6003
14.0000 3.5024
15.0000 3.6725
16.0000 3.7808
17.0000 3.7856
18.0000 3.9267
19.0000 3.8746
20.0000 3.8675
21.0000 3.8723
22.0000 4.0631
23.0000 3.8665
24.0000 3.7222
25.0000 3.7689
26.0000 3.9264
27.0000 3.7401
28.0000 3.5614
29.0000 3.3742
30.0000 3.1853
31.0000 3.3410
32.0000 3.1967
33.0000 3.3476
34.0000 3.5469
35.0000 3.7291
36.0000 3.5769
37.0000 3.4650
38.0000 3.2681
39.0000 3.4072
40.0000 3.5381
41.0000 3.3963
42.0000 3.5866
43.0000 3.4565
44.0000 3.6530
45.0000 3.6028
46.0000 3.4495
47.0000 3.2669
48.0000 3.2405
49.0000 3.0417
50.0000 2.8418
51.0000 2.9072
52.0000 3.0635
53.0000 3.2547
54.0000 3.4277
55.0000 3.3231
56.0000 3.4792
57.0000 3.2809
58.0000 3.2044
59.0000 3.0599
60.0000 2.8599
61.0000 2.9498
62.0000 2.7500
63.0000 2.5650
64.0000 2.7529
65.0000 2.5612
66.0000 2.3655
67.0000 2.5291
68.0000 2.3717
69.0000 2.4631
70.0000 2.4234
71.0000 2.4122
72.0000 2.5456
73.0000 2.7398
74.0000 2.8188
75.0000 2.8204
76.0000 2.9995
77.0000 3.1240
78.0000 3.2262
79.0000 3.2826
80.0000 3.4767
81.0000 3.3236
82.0000 3.1347
83.0000 3.0386
84.0000 2.8714
85.0000 2.6715
86.0000 2.7200
87.0000 2.5728
88.0000 2.4275
89.0000 2.2469
90.0000 2.0933
91.0000 2.1831
92.0000 2.0242
93.0000 2.2183
94.0000 2.3198
95.0000 2.4789
96.0000 2.2982
97.0000 2.2617
98.0000 2.2478
99.0000 2.4044
100.0000 2.3595
101.0000 2.2401
102.0000 2.4299
103.0000 2.6272
104.0000 2.4666
105.0000 2.3180
106.0000 2.3004
107.0000 2.1111
108.0000 2.3106
109.0000 2.4243
110.0000 2.5888
111.0000 2.4826
112.0000 2.3963
113.0000 2.3449
114.0000 2.1577
115.0000 1.9600
116.0000 1.8075
117.0000 1.9975
118.0000 2.1142
119.0000 1.9172
120.0000 2.0500
121.0000 1.9645
122.0000 1.9899
123.0000 1.9709
124.0000 1.8023
125.0000 1.8605
126.0000 1.6606
127.0000 1.7930
128.0000 1.7804
129.0000 1.8852
130.0000 2.0851
131.0000 2.0571
132.0000 2.0007
133.0000 1.8124
134.0000 1.9317
135.0000 1.7437
136.0000 1.8248
137.0000 1.6840
138.0000 1.8801
139.0000 1.6816
140.0000 1.4845
141.0000 1.6388
142.0000 1.8354
143.0000 1.6653
144.0000 1.6440
145.0000 1.8369
146.0000 1.9368
147.0000 1.7609
148.0000 1.5700
149.0000 1.4774
150.0000 1.5713
151.0000 1.4735
