1.0000 3.0675
2.0000 2.8954
3.0000 2.9832
4.0000 2.8082
5.0000 3.0013
6.0000 2.8094
7.0000 2.8509
8.0000 2.8316
9.0000 2.7858
10.0000 2.6482
11.0000 2.8414
12.0000 3.0394
13.0000 3.2354
14.0000 3.3756
15.0000 3.1893
16.0000 3.2920
17.0000 3.1869
18.0000 3.2798
19.0000 3.1343
20.0000 2.9473
21.0000 3.0678
22.0000 3.2313
23.0000 3.1653
24.0000 3.2458
25.0000 3.0460
26.0000 2.8628
27.0000 3.0602
28.0000 2.9506
29.0000 3.1504
30.0000 3.3036
31.0000 3.1039
32.0000 3.2472
33.0000 3.4227
34.0000 3.3088
35.0000 3.3744
36.0000 3.5664
37.0000 3.4547
38.0000 3.6040
39.0000 3.5585
40.0000 3.4649
41.0000 3.4377
42.0000 3.4497
43.0000 3.6432
44.0000 3.5849
45.0000 3.3942
46.0000 3.4761
47.0000 3.2766
48.0000 3.4736
49.0000 3.5305
50.0000 3.3314
51.0000 3.5030
52.0000 3.3455
53.0000 3.3690
54.0000 3.5435
55.0000 3.5295
56.0000 3.4379
57.0000 3.5486
58.0000 3.6654
59.0000 3.4775
60.0000 3.2793
61.0000 3.2623
62.0000 3.3035
63.0000 3.3256
64.0000 3.1864
65.0000 3.0666
66.0000 3.1459
67.0000 3.2712
68.0000 3.1153
69.0000 3.3062
70.0000 3.1222
71.0000 2.9227
72.0000 3.1216
73.0000 2.9547
74.0000 2.7558
75.0000 2.6036
76.0000 2.6680
77.0000 2.5940
78.0000 2.5327
79.0000 2.3637
80.0000 2.5285
81.0000 2.3788
82.0000 2.5778
83.0000 2.7655
84.0000 2.7917
85.0000 2.9062
86.0000 2.9616
87.0000 2.8751
88.0000 2.9950
89.0000 3.0425
90.0000 3.2412
91.0000 3.0433
92.0000 3.0614
93.0000 3.2522
94.0000 3.4167
95.0000 3.2922
96.0000 3.4010
97.0000 3.2308
98.0000 3.1266
99.0000 3.2077
100.0000 3.0078
101.0000 2.8209
102.0000 2.6670
103.0000 2.6047
104.0000 2.7972
105.0000 2.9112
106.0000 2.8389
107.0000 2.9189
108.0000 3.0968
109.0000 3.1679
110.0000 3.3675
111.0000 3.2126
112.0000 3.0127
113.0000 2.9767
114.0000 3.1309
115.0000 2.9325
116.0000 2.7331
117.0000 2.7655
118.0000 2.9264
119.0000 3.0073
120.0000 3.2036
121.0000 3.2254
122.0000 3.2694
123.0000 3.4113
124.0000 3.3740
125.0000 3.5711
126.0000 3.7545
127.0000 3.9474
128.0000 4.1410
129.0000 4.2679
130.0000 4.4302
131.0000 4.3054
132.0000 4.3457
133.0000 4.2374
134.0000 4.0584
135.0000 4.1301
136.0000 4.2159
137.0000 4.0217
138.0000 4.1848
139.0000 3.9977
140.0000 3.8863
141.0000 3.7629
142.0000 3.9589
143.0000 3.7673
144.0000 3.9586
145.0000 4.0734
146.0000 3.9107
147.0000 3.8885
148.0000 3.9575
149.0000 3.8665
150.0000 4.0296
151.0000 3.8818
