1.0000 3.2009
2.0000 3.3999
3.0000 3.5895
4.0000 3.7670
5.0000 3.6055
6.0000 3.4688
7.0000 3.4528
8.0000 3.6015
9.0000 3.6704
10.0000 3.4914
11.0000 3.5727
12.0000 3.6736
13.0000 3.6503
14.0000 3.7660
15.0000 3.5661
16.0000 3.3754
17.0000 3.5750
18.0000 3.7745
19.0000 3.8315
20.0000 3.9016
21.0000 3.7307
22.0000 3.9282
23.0000 3.9669
24.0000 4.1570
25.0000 3.9616
26.0000 3.7624
27.0000 3.9053
28.0000 4.0207
29.0000 3.9767
30.0000 4.1688
31.0000 3.9839
32.0000 4.1667
33.0000 4.1369
34.0000 4.3029
35.0000 4.2853
36.0000 4.2911
37.0000 4.1227
38.0000 4.1373
39.0000 4.2668
40.0000 4.3712
41.0000 4.3106
42.0000 4.3982
43.0000 4.2543
44.0000 4.2700
45.0000 4.0941
46.0000 3.9456
47.0000 4.0194
48.0000 3.8200
49.0000 3.9835
50.0000 4.0088
51.0000 3.8530
52.0000 3.6534
53.0000 3.8011
54.0000 3.7127
55.0000 3.6154
56.0000 3.5393
57.0000 3.7373
58.0000 3.5963
59.0000 3.7826
60.0000 3.5832
61.0000 3.4058
62.0000 3.6026
63.0000 3.7748
64.0000 3.7823
65.0000 3.6480
66.0000 3.4986
67.0000 3.3793
68.0000 3.5089
69.0000 3.6799
70.0000 3.8789
71.0000 4.0623
72.0000 4.1425
73.0000 4.2054
74.0000 4.1641
75.0000 4.0863
76.0000 4.1117
77.0000 4.0711
78.0000 4.0283
79.0000 4.0848
80.0000 4.0064
81.0000 4.1805
82.0000 4.1109
83.0000 4.0819
84.0000 4.1556
85.0000 4.0619
86.0000 4.1433
87.0000 4.0886
88.0000 4.1435
89.0000 4.1604
90.0000 4.1160
91.0000 3.9264
92.0000 3.7507
93.0000 3.5618
94.0000 3.6477
95.0000 3.5388
96.0000 3.6446
97.0000 3.6946
98.0000 3.7598
99.0000 3.9385
100.0000 4.1349
101.0000 4.1280
102.0000 4.0148
103.0000 4.1634
104.0000 4.2140
105.0000 4.2169
106.0000 4.1920
107.0000 4.2343
108.0000 4.3168
109.0000 4.1623
110.0000 4.2727
111.0000 4.0889
112.0000 3.9431
113.0000 3.8962
114.0000 3.9355
115.0000 4.0599
116.0000 4.1313
117.0000 4.0118
118.0000 3.8232
119.0000 3.6802
120.0000 3.6124
121.0000 3.8124
122.0000 4.0123
123.0000 3.8572
124.0000 3.6846
125.0000 3.6552
126.0000 3.8269
127.0000 3.6745
128.0000 3.8704
129.0000 4.0611
130.0000 3.9290
131.0000 4.1283
132.0000 4.1305
133.0000 4.1065
134.0000 4.1243
135.0000 3.9577
136.0000 3.9177
137.0000 4.0852
138.0000 4.1203
139.0000 4.0391
140.0000 4.1046
141.0000 4.0626
142.0000 3.8628
143.0000 3.9813
144.0000 3.7928
145.0000 3.9681
146.0000 4.1132
147.0000 4.0072
148.0000 4.0037
149.0000 3.8093
150.0000 3.9538
151.0000 3.7843
