1.0000 3.3553
2.0000 3.5217
3.0000 3.6799
4.0000 3.7549
5.0000 3.6436
6.0000 3.7694
7.0000 3.6455
8.0000 3.5681
9.0000 3.5385
10.0000 3.7233
11.0000 3.5257
12.0000 3.7177
13.0000 3.8404
14.0000 3.6587
15.0000 3.7191
16.0000 3.5912
17.0000 3.5419
18.0000 3.7016
19.0000 3.5648
20.0000 3.5115
21.0000 3.5756
22.0000 3.5686
23.0000 3.4397
24.0000 3.2556
25.0000 3.4359
26.0000 3.4968
27.0000 3.4612
28.0000 3.3860
29.0000 3.1947
30.0000 3.1384
31.0000 2.9850
32.0000 2.9714
33.0000 3.0057
34.0000 3.0237
35.0000 3.0141
36.0000 2.9815
37.0000 2.8152
38.0000 2.9576
39.0000 2.7837
40.0000 2.8030
41.0000 2.6638
42.0000 2.4698
43.0000 2.3518
44.0000 2.1524
45.0000 2.1142
46.0000 2.2547
47.0000 2.1745
48.0000 2.3017
49.0000 2.2309
50.0000 2.3925
51.0000 2.4766
52.0000 2.4686
53.0000 2.5749
54.0000 2.3936
55.0000 2.4568
56.0000 2.3659
57.0000 2.5628
58.0000 2.3802
59.0000 2.5725
60.0000 2.6781
61.0000 2.8308
62.0000 3.0228
63.0000 3.1302
64.0000 3.0023
65.0000 3.1485
66.0000 3.2828
67.0000 3.4820
68.0000 3.6048
69.0000 3.7911
70.0000 3.6305
71.0000 3.4331
72.0000 3.2576
73.0000 3.4509
74.0000 3.3851
75.0000 3.5791
76.0000 3.5281
77.0000 3.5904
78.0000 3.4831
79.0000 3.6652
80.0000 3.4698
81.0000 3.2699
82.0000 3.4580
83.0000 3.5847
84.0000 3.4327
85.0000 3.2345
86.0000 3.4091
87.0000 3.2348
88.0000 3.4176
89.0000 3.2365
90.0000 3.4175
91.0000 3.2385
92.0000 3.0555
93.0000 3.2422
94.0000 3.0449
95.0000 2.8462
96.0000 2.6864
97.0000 2.5436
98.0000 2.3451
99.0000 2.4620
100.0000 2.5448
101.0000 2.4611
102.0000 2.6164
103.0000 2.5634
104.0000 2.5010
105.0000 2.3610
106.0000 2.5325
107.0000 2.7018
108.0000 2.8733
109.0000 3.0725
110.0000 2.8789
111.0000 2.7027
112.0000 2.5070
113.0000 2.5513
114.0000 2.3788
115.0000 2.1788
116.0000 2.3060
117.0000 2.1103
118.0000 2.2899
119.0000 2.0940
120.0000 2.0385
121.0000 2.2012
122.0000 2.0521
123.0000 2.0696
124.0000 2.1985
125.0000 2.3982
126.0000 2.5694
127.0000 2.5861
128.0000 2.4479
129.0000 2.2480
130.0000 2.4122
131.0000 2.4225
132.0000 2.6224
133.0000 2.4352
134.0000 2.2384
135.0000 2.4343
136.0000 2.4919
137.0000 2.6592
138.0000 2.8591
139.0000 2.7336
140.0000 2.8522
141.0000 2.7419
142.0000 2.6851
143.0000 2.7159
144.0000 2.5345
145.0000 2.6952
146.0000 2.6147
147.0000 2.6664
148.0000 2.8404
149.0000 2.6614
150.0000 2.5046
151.0000 2.3403
