1.0000 3.3128
2.0000 3.3300
3.0000 3.5133
4.0000 3.3219
5.0000 3.2683
6.0000 3.0727
7.0000 3.1615
8.0000 3.2538
9.0000 3.4268
10.0000 3.4433
11.0000 3.6423
12.0000 3.6317
13.0000 3.7508
14.0000 3.6257
15.0000 3.5976
16.0000 3.4788
17.0000 3.5711
18.0000 3.7519
19.0000 3.5707
20.0000 3.6805
21.0000 3.8556
22.0000 3.7944
23.0000 3.7704
24.0000 3.9588
25.0000 3.8442
26.0000 3.9252
27.0000 4.0576
28.0000 3.9582
29.0000 3.7861
30.0000 3.9565
31.0000 3.8737
32.0000 3.7129
33.0000 3.9116
34.0000 3.7327
35.0000 3.5346
36.0000 3.5942
37.0000 3.4867
38.0000 3.6588
39.0000 3.5152
40.0000 3.4194
41.0000 3.6015
42.0000 3.5551
43.0000 3.4468
44.0000 3.2491
45.0000 3.0638
46.0000 2.8686
47.0000 2.6868
48.0000 2.4956
49.0000 2.3651
50.0000 2.3957
51.0000 2.4183
52.0000 2.3337
53.0000 2.1622
54.0000 2.2321
55.0000 2.1790
56.0000 2.0831
57.0000 1.9054
58.0000 2.1042
59.0000 2.0011
60.0000 2.1080
61.0000 2.2347
62.0000 2.0443
63.0000 2.1922
64.0000 2.0780
65.0000 1.8807
66.0000 1.8079
67.0000 1.9582
68.0000 1.8272
69.0000 1.9924
70.0000 2.1293
71.0000 2.2439
72.0000 2.2865
73.0000 2.4118
74.0000 2.2208
75.0000 2.3485
76.0000 2.1922
77.0000 2.0192
78.0000 2.0015
79.0000 2.0962
80.0000 1.9005
81.0000 1.9517
82.0000 1.8495
83.0000 1.6963
84.0000 1.7431
85.0000 1.7797
86.0000 1.6569
87.0000 1.8566
88.0000 2.0003
89.0000 1.9614
90.0000 1.8241
91.0000 2.0240
92.0000 2.1188
93.0000 2.2961
94.0000 2.4454
95.0000 2.4790
96.0000 2.4386
97.0000 2.3868
98.0000 2.5849
99.0000 2.7748
100.0000 2.7250
101.0000 2.6893
102.0000 2.6601
103.0000 2.5158
104.0000 2.7061
105.0000 2.6593
106.0000 2.4618
107.0000 2.6553
108.0000 2.4949
109.0000 2.3688
110.0000 2.4959
111.0000 2.6099
112.0000 2.8097
113.0000 2.8470
114.0000 2.9299
115.0000 3.0564
116.0000 2.8871
117.0000 2.9124
118.0000 2.8436
119.0000 2.8182
120.0000 2.6709
121.0000 2.4838
122.0000 2.6792
123.0000 2.5862
124.0000 2.6253
125.0000 2.7738
126.0000 2.6115
127.0000 2.6370
128.0000 2.4449
129.0000 2.2481
130.0000 2.1998
131.0000 2.0343
132.0000 2.0842
133.0000 2.2750
134.0000 2.1744
135.0000 1.9844
136.0000 1.8717
137.0000 1.9915
138.0000 1.9966
139.0000 2.0691
140.0000 1.9271
141.0000 2.0828
142.0000 2.2744
143.0000 2.3828
144.0000 2.2149
145.0000 2.3347
146.0000 2.3361
147.0000 2.2323
148.0000 2.4307
149.0000 2.3030
150.0000 2.2309
151.0000 2.3743
