1.0000 3.0653
2.0000 3.1540
3.0000 3.2544
4.0000 3.4241
5.0000 3.6194
6.0000 3.5112
7.0000 3.6174
8.0000 3.7951
9.0000 3.8989
10.0000 3.7925
11.0000 3.6962
12.0000 3.7568
13.0000 3.7158
14.0000 3.8986
15.0000 3.7821
16.0000 3.9441
17.0000 3.8201
18.0000 3.7217
19.0000 3.8926
20.0000 3.9970
21.0000 4.1522
22.0000 4.0205
23.0000 4.0583
24.0000 4.0365
25.0000 3.9114
26.0000 4.0672
27.0000 4.0835
28.0000 4.2832
29.0000 4.0992
30.0000 3.9855
31.0000 3.9786
32.0000 4.0159
33.0000 4.1959
34.0000 4.2630
35.0000 4.3409
36.0000 4.2754
37.0000 4.3118
38.0000 4.1129
39.0000 3.9679
40.0000 4.0310
41.0000 4.0708
42.0000 3.9418
43.0000 3.7445
44.0000 3.8648
45.0000 4.0204
46.0000 3.8206
47.0000 3.6318
48.0000 3.5993
49.0000 3.5469
50.0000 3.7401
51.0000 3.9296
52.0000 3.8138
53.0000 4.0135
54.0000 3.9206
55.0000 4.0271
56.0000 3.8290
57.0000 3.6501
58.0000 3.8365
59.0000 4.0267
60.0000 4.0384
61.0000 3.9253
62.0000 3.7690
63.0000 3.8123
64.0000 3.7657
65.0000 3.9489
66.0000 4.0501
67.0000 4.1469
68.0000 4.0171
69.0000 3.9437
70.0000 3.8140
71.0000 3.9974
72.0000 4.1481
73.0000 3.9854
74.0000 3.9059
75.0000 4.0199
76.0000 4.0114
77.0000 3.8537
78.0000 3.8113
79.0000 3.6116
80.0000 3.4641
81.0000 3.6108
82.0000 3.5079
83.0000 3.3434
84.0000 3.2656
85.0000 3.2228
86.0000 3.4084
87.0000 3.3935
88.0000 3.5769
89.0000 3.4187
90.0000 3.3283
91.0000 3.2973
92.0000 3.4930
93.0000 3.6117
94.0000 3.5086
95.0000 3.4252
96.0000 3.4911
97.0000 3.4438
98.0000 3.2812
99.0000 3.1246
100.0000 3.2214
101.0000 3.0243
102.0000 2.8243
103.0000 3.0056
104.0000 2.8869
105.0000 2.7756
106.0000 2.6459
107.0000 2.8088
108.0000 2.9263
109.0000 3.0449
110.0000 2.9065
111.0000 2.9926
112.0000 2.8861
113.0000 2.7865
114.0000 2.9846
115.0000 3.1619
116.0000 2.9932
117.0000 3.0469
118.0000 2.8547
119.0000 2.7430
120.0000 2.5445
121.0000 2.3863
122.0000 2.1870
123.0000 2.0860
124.0000 1.9038
125.0000 2.0364
126.0000 2.1055
127.0000 2.2431
128.0000 2.3884
129.0000 2.2964
130.0000 2.1004
131.0000 2.1481
132.0000 2.3480
133.0000 2.3443
134.0000 2.2384
135.0000 2.4200
136.0000 2.4423
137.0000 2.2440
138.0000 2.2051
139.0000 2.2593
140.0000 2.2191
141.0000 2.3728
142.0000 2.1734
143.0000 2.1440
144.0000 2.2098
145.0000 2.1888
146.0000 1.9920
147.0000 2.1871
148.0000 2.2206
149.0000 2.3866
150.0000 2.3111
151.0000 2.5069
