1.0000 3.2018
2.0000 3.0161
3.0000 2.9196
4.0000 2.9665
5.0000 2.9850
6.0000 2.8672
7.0000 2.9079
8.0000 3.0344
9.0000 3.1779
10.0000 3.1823
11.0000 3.3527
12.0000 3.5503
13.0000 3.5513
14.0000 3.5113
15.0000 3.5755
16.0000 3.7728
17.0000 3.5738
18.0000 3.4732
19.0000 3.3128
20.0000 3.1128
21.0000 3.1357
22.0000 3.2407
23.0000 3.2272
24.0000 3.3837
25.0000 3.5722
26.0000 3.6593
27.0000 3.5586
28.0000 3.3969
29.0000 3.5749
30.0000 3.3859
31.0000 3.5544
32.0000 3.5576
33.0000 3.4906
34.0000 3.3087
35.0000 3.2984
36.0000 3.2323
37.0000 3.0373
38.0000 3.1560
39.0000 3.0195
40.0000 3.2181
41.0000 3.3443
42.0000 3.3016
43.0000 3.4600
44.0000 3.6438
45.0000 3.8163
46.0000 3.6163
47.0000 3.4260
48.0000 3.6217
49.0000 3.8051
50.0000 3.9808
51.0000 4.1791
52.0000 4.1275
53.0000 3.9882
54.0000 3.7997
55.0000 3.8963
56.0000 3.9479
57.0000 4.1406
58.0000 4.0452
59.0000 3.9231
60.0000 3.8195
61.0000 4.0159
62.0000 4.0763
63.0000 3.8962
64.0000 3.9506
65.0000 4.0196
66.0000 4.0735
67.0000 4.0193
68.0000 4.0086
69.0000 4.0594
70.0000 3.9736
71.0000 4.0757
72.0000 3.9837
73.0000 4.0139
74.0000 3.8599
75.0000 3.7012
76.0000 3.6534
77.0000 3.4543
78.0000 3.3282
79.0000 3.4720
80.0000 3.6409
81.0000 3.4412
82.0000 3.5423
83.0000 3.4980
84.0000 3.4363
85.0000 3.5023
86.0000 3.3829
87.0000 3.1852
88.0000 3.0918
89.0000 2.9274
90.0000 2.7346
91.0000 2.9285
92.0000 3.0969
93.0000 3.2915
94.0000 3.1023
95.0000 3.2202
96.0000 3.4137
97.0000 3.2138
98.0000 3.1680
99.0000 3.0216
100.0000 2.9827
101.0000 2.7873
102.0000 2.6373
103.0000 2.5838
104.0000 2.6746
105.0000 2.6069
106.0000 2.7950
107.0000 2.5957
108.0000 2.6365
109.0000 2.4977
110.0000 2.5393
111.0000 2.6672
112.0000 2.7225
113.0000 2.6795
114.0000 2.8147
115.0000 2.9204
116.0000 3.0933
117.0000 3.2872
118.0000 3.4553
119.0000 3.2785
120.0000 3.0821
121.0000 3.0450
122.0000 3.1846
123.0000 3.0188
124.0000 2.8938
125.0000 2.9468
126.0000 3.1157
127.0000 3.1873
128.0000 3.0758
129.0000 2.9146
130.0000 3.1041
131.0000 2.9042
132.0000 2.7182
133.0000 2.7328
134.0000 2.9245
135.0000 2.8770
136.0000 3.0541
137.0000 3.1418
138.0000 2.9465
139.0000 3.1426
140.0000 3.3170
141.0000 3.1177
142.0000 3.2553
143.0000 3.3598
144.0000 3.4150
145.0000 3.3789
146.0000 3.5015
147.0000 3.6492
148.0000 3.5341
149.0000 3.4080
150.0000 3.5905
151.0000 3.4221
