1.0000 3.2811
2.0000 3.1911
3.0000 3.3844
4.0000 3.5466
5.0000 3.4054
6.0000 3.4836
7.0000 3.5134
8.0000 3.6966
9.0000 3.8216
10.0000 3.9951
11.0000 3.8347
12.0000 3.8687
13.0000 3.7580
14.0000 3.5855
15.0000 3.5054
16.0000 3.4896
17.0000 3.6884
18.0000 3.6951
19.0000 3.8688
20.0000 4.0073
21.0000 3.8269
22.0000 3.6357
23.0000 3.8222
24.0000 3.6250
25.0000 3.4774
26.0000 3.6760
27.0000 3.8669
28.0000 3.6861
29.0000 3.8185
30.0000 3.9742
31.0000 3.7880
32.0000 3.7349
33.0000 3.8484
34.0000 3.9407
35.0000 3.8550
36.0000 3.8832
37.0000 3.8015
38.0000 3.8503
39.0000 3.7559
40.0000 3.9249
41.0000 4.1222
42.0000 4.2071
43.0000 4.3619
44.0000 4.2572
45.0000 4.0613
46.0000 4.1519
47.0000 3.9992
48.0000 4.0938
49.0000 4.2335
50.0000 4.1941
51.0000 4.2109
52.0000 4.2129
53.0000 4.1169
54.0000 4.0624
55.0000 3.9115
56.0000 3.8169
57.0000 3.6294
58.0000 3.8209
59.0000 3.9788
60.0000 3.7821
61.0000 3.9745
62.0000 3.7797
63.0000 3.6817
64.0000 3.5385
65.0000 3.4584
66.0000 3.4612
67.0000 3.4021
68.0000 3.2086
69.0000 3.4086
70.0000 3.5354
71.0000 3.5852
72.0000 3.7209
73.0000 3.7960
74.0000 3.9952
75.0000 3.9762
76.0000 4.0986
77.0000 3.9757
78.0000 3.8617
79.0000 4.0278
80.0000 4.0875
81.0000 3.9849
82.0000 4.1016
83.0000 3.9616
84.0000 4.0332
85.0000 4.0377
86.0000 4.0841
87.0000 4.0234
88.0000 3.9158
89.0000 3.7191
90.0000 3.8013
91.0000 3.6141
92.0000 3.5345
93.0000 3.3587
94.0000 3.1587
95.0000 3.1053
96.0000 3.2440
97.0000 3.1077
98.0000 3.3051
99.0000 3.4610
100.0000 3.3141
101.0000 3.3379
102.0000 3.3497
103.0000 3.4320
104.0000 3.5778
105.0000 3.7437
106.0000 3.6580
107.0000 3.6996
108.0000 3.6806
109.0000 3.5448
110.0000 3.6146
111.0000 3.4622
112.0000 3.6278
113.0000 3.4445
114.0000 3.2682
115.0000 3.3519
116.0000 3.2103
117.0000 3.3638
118.0000 3.5446
119.0000 3.3979
120.0000 3.3244
121.0000 3.5226
122.0000 3.6513
123.0000 3.7455
124.0000 3.9454
125.0000 4.1406
126.0000 4.2593
127.0000 4.1356
128.0000 4.0742
129.0000 3.8884
130.0000 3.7329
131.0000 3.6065
132.0000 3.8060
133.0000 3.6066
134.0000 3.7675
135.0000 3.5789
136.0000 3.6469
137.0000 3.5527
138.0000 3.5635
139.0000 3.4682
140.0000 3.4293
141.0000 3.3483
142.0000 3.4354
143.0000 3.6308
144.0000 3.7393
145.0000 3.7354
146.0000 3.5424
147.0000 3.6161
148.0000 3.5810
149.0000 3.5551
150.0000 3.5345
151.0000 3.4127
