1.0000 3.2372
2.0000 3.3414
3.0000 3.1777
4.0000 3.3116
5.0000 3.4245
6.0000 3.3278
7.0000 3.3019
8.0000 3.2282
9.0000 3.3166
10.0000 3.3999
11.0000 3.5498
12.0000 3.3734
13.0000 3.2005
14.0000 3.0451
15.0000 3.2310
16.0000 3.3244
17.0000 3.4690
18.0000 3.3130
19.0000 3.1186
20.0000 2.9577
21.0000 3.1544
22.0000 2.9909
23.0000 2.9395
24.0000 2.7443
25.0000 2.8454
26.0000 2.8098
27.0000 2.9415
28.0000 3.0085
29.0000 2.8683
30.0000 2.8486
31.0000 2.9917
32.0000 2.9028
33.0000 3.0922
34.0000 3.2880
35.0000 3.2631
36.0000 3.3979
37.0000 3.1980
38.0000 3.3979
39.0000 3.2930
40.0000 3.4195
41.0000 3.4390
42.0000 3.2640
43.0000 3.0658
44.0000 2.8781
45.0000 2.6841
46.0000 2.4844
47.0000 2.6844
48.0000 2.6624
49.0000 2.5411
50.0000 2.7384
51.0000 2.6093
52.0000 2.4280
53.0000 2.4912
54.0000 2.6604
55.0000 2.7221
56.0000 2.5514
57.0000 2.4807
58.0000 2.4008
59.0000 2.4908
60.0000 2.6461
61.0000 2.5718
62.0000 2.7715
63.0000 2.8455
64.0000 2.7427
65.0000 2.9407
66.0000 2.8399
67.0000 2.7427
68.0000 2.9332
69.0000 2.7680
70.0000 2.9680
71.0000 2.8909
72.0000 3.0750
73.0000 2.9585
74.0000 3.1350
75.0000 3.0881
76.0000 3.0187
77.0000 2.8310
78.0000 2.7640
79.0000 2.8520
80.0000 2.9129
81.0000 2.7236
82.0000 2.8011
83.0000 2.6583
84.0000 2.4744
85.0000 2.5748
86.0000 2.7598
87.0000 2.9520
88.0000 3.0859
89.0000 3.0597
90.0000 3.0881
91.0000 3.2880
92.0000 3.4321
93.0000 3.2510
94.0000 3.4030
95.0000 3.2872
96.0000 3.0995
97.0000 2.9662
98.0000 2.9178
99.0000 2.8619
100.0000 2.8688
101.0000 2.7800
102.0000 2.9325
103.0000 2.8473
104.0000 2.9693
105.0000 2.7799
106.0000 2.5974
107.0000 2.7145
108.0000 2.5247
109.0000 2.6892
110.0000 2.8730
111.0000 2.7488
112.0000 2.5625
113.0000 2.7004
114.0000 2.9002
115.0000 3.0691
116.0000 2.8715
117.0000 2.7089
118.0000 2.9083
119.0000 2.7227
120.0000 2.9152
121.0000 3.1126
122.0000 2.9164
123.0000 2.8420
124.0000 3.0028
125.0000 2.8038
126.0000 2.6139
127.0000 2.8043
128.0000 2.6060
129.0000 2.7304
130.0000 2.8531
131.0000 2.6586
132.0000 2.6877
133.0000 2.8876
134.0000 3.0349
135.0000 3.2237
136.0000 3.3763
137.0000 3.2665
138.0000 3.1726
139.0000 2.9987
140.0000 3.1831
141.0000 3.2308
142.0000 3.4219
143.0000 3.2453
144.0000 3.2209
145.0000 3.1605
146.0000 3.2202
147.0000 3.1245
148.0000 3.2339
149.0000 3.2346
150.0000 3.4327
151.0000 3.2512
