1.0000 3.3450
2.0000 3.2304
3.0000 3.0369
4.0000 3.2272
5.0000 3.0274
6.0000 2.8979
7.0000 2.7368
8.0000 2.6654
9.0000 2.7951
10.0000 2.6701
11.0000 2.5134
12.0000 2.5315
13.0000 2.6789
14.0000 2.8643
15.0000 2.6903
16.0000 2.8712
17.0000 2.9032
18.0000 2.8316
19.0000 2.6622
20.0000 2.7954
21.0000 2.9857
22.0000 2.9056
23.0000 2.7521
24.0000 2.9088
25.0000 3.1087
26.0000 3.2313
27.0000 3.4313
28.0000 3.3990
29.0000 3.4712
30.0000 3.5366
31.0000 3.4279
32.0000 3.4709
33.0000 3.6632
34.0000 3.7453
35.0000 3.8628
36.0000 3.9968
37.0000 4.1411
38.0000 4.3293
39.0000 4.2244
40.0000 4.1200
41.0000 4.0656
42.0000 4.1421
43.0000 4.2954
44.0000 4.0967
45.0000 4.0497
46.0000 3.8590
47.0000 3.8738
48.0000 3.7115
49.0000 3.5692
50.0000 3.7644
51.0000 3.6664
52.0000 3.4734
53.0000 3.2932
54.0000 3.4685
55.0000 3.5503
56.0000 3.3741
57.0000 3.4784
58.0000 3.4206
59.0000 3.6193
60.0000 3.7030
61.0000 3.5496
62.0000 3.3532
63.0000 3.3978
64.0000 3.2154
65.0000 3.3062
66.0000 3.2008
67.0000 3.0173
68.0000 3.2126
69.0000 3.1898
70.0000 3.0344
71.0000 3.2311
72.0000 3.1164
73.0000 3.0741
74.0000 3.0611
75.0000 3.2610
76.0000 3.2224
77.0000 3.1878
78.0000 2.9934
79.0000 3.0221
80.0000 3.1437
81.0000 3.2856
82.0000 3.4436
83.0000 3.3714
84.0000 3.2855
85.0000 3.4452
86.0000 3.2636
87.0000 3.3908
88.0000 3.1916
89.0000 3.0923
90.0000 2.9067
91.0000 3.0238
92.0000 2.9303
93.0000 2.7845
94.0000 2.8442
95.0000 2.9798
96.0000 3.0316
97.0000 3.0384
98.0000 3.0769
99.0000 2.9074
100.0000 2.8850
101.0000 2.7561
102.0000 2.6349
103.0000 2.7447
104.0000 2.6342
105.0000 2.4802
106.0000 2.6161
107.0000 2.7899
108.0000 2.8271
109.0000 3.0084
110.0000 2.9697
111.0000 2.7717
112.0000 2.5748
113.0000 2.4879
114.0000 2.6799
115.0000 2.8015
116.0000 2.7837
117.0000 2.6624
118.0000 2.8119
119.0000 2.8773
120.0000 2.6868
121.0000 2.8833
122.0000 2.9317
123.0000 3.1232
124.0000 3.0506
125.0000 3.0166
126.0000 3.0622
127.0000 3.0804
128.0000 3.0182
129.0000 2.8509
130.0000 2.7470
131.0000 2.5702
132.0000 2.3724
133.0000 2.4485
134.0000 2.6385
135.0000 2.4841
136.0000 2.3159
137.0000 2.5159
138.0000 2.3159
139.0000 2.3964
140.0000 2.3416
141.0000 2.1521
142.0000 2.0474
143.0000 2.2241
144.0000 2.0503
145.0000 1.8508
146.0000 1.7646
147.0000 1.9185
148.0000 2.1168
149.0000 1.9263
150.0000 1.7264
151.0000 1.5506
