1.0000 3.2969
2.0000 3.2024
3.0000 3.0659
4.0000 3.1962
5.0000 3.3279
6.0000 3.1637
7.0000 3.2245
8.0000 3.1454
9.0000 3.3191
10.0000 3.1193
11.0000 3.3098
12.0000 3.1145
13.0000 3.3144
14.0000 3.5133
15.0000 3.5580
16.0000 3.7015
17.0000 3.5092
18.0000 3.6813
19.0000 3.8027
20.0000 3.7643
21.0000 3.9433
22.0000 4.1258
23.0000 4.1227
24.0000 4.2501
25.0000 4.2196
26.0000 4.3397
27.0000 4.2566
28.0000 4.0826
29.0000 3.9066
30.0000 3.8665
31.0000 3.8357
32.0000 3.9549
33.0000 4.1375
34.0000 3.9775
35.0000 3.8595
36.0000 4.0032
37.0000 3.9301
38.0000 4.0477
39.0000 4.0710
40.0000 4.2360
41.0000 4.1242
42.0000 4.0061
43.0000 4.2002
44.0000 4.1507
45.0000 4.2891
46.0000 4.0891
47.0000 4.2859
48.0000 4.1904
49.0000 4.0359
50.0000 3.8424
51.0000 3.6971
52.0000 3.8879
53.0000 3.8589
54.0000 3.8345
55.0000 4.0242
56.0000 3.9676
57.0000 3.9723
58.0000 4.0874
59.0000 4.2225
60.0000 4.0248
61.0000 4.1968
62.0000 4.1372
63.0000 4.0068
64.0000 4.1459
65.0000 4.0855
66.0000 4.1671
67.0000 4.0424
68.0000 4.0659
69.0000 3.9010
70.0000 3.7728
71.0000 3.7068
72.0000 3.6327
73.0000 3.6425
74.0000 3.7679
75.0000 3.9654
76.0000 4.0412
77.0000 4.1095
78.0000 3.9112
79.0000 3.7188
80.0000 3.7640
81.0000 3.8056
82.0000 3.6720
83.0000 3.8046
84.0000 3.9869
85.0000 4.0644
86.0000 4.0416
87.0000 3.8465
88.0000 3.8160
89.0000 3.9136
90.0000 3.8594
91.0000 3.6745
92.0000 3.7066
93.0000 3.5359
94.0000 3.7283
95.0000 3.5419
96.0000 3.4460
97.0000 3.5915
98.0000 3.5457
99.0000 3.6973
100.0000 3.5752
101.0000 3.3891
102.0000 3.5721
103.0000 3.5165
104.0000 3.6499
105.0000 3.5534
106.0000 3.7392
107.0000 3.7957
108.0000 3.6005
109.0000 3.7257
110.0000 3.8854
111.0000 3.8681
112.0000 3.6766
113.0000 3.7993
114.0000 3.6416
115.0000 3.4495
116.0000 3.6469
117.0000 3.5386
118.0000 3.3619
119.0000 3.5278
120.0000 3.3284
121.0000 3.5255
122.0000 3.7247
123.0000 3.8356
124.0000 3.9647
125.0000 3.9266
126.0000 3.8178
127.0000 3.8018
128.0000 3.8564
129.0000 3.6886
130.0000 3.8345
131.0000 3.7827
132.0000 3.9823
133.0000 4.1293
134.0000 4.0963
135.0000 3.9573
136.0000 3.7810
137.0000 3.9809
138.0000 3.8688
139.0000 3.7296
140.0000 3.8399
141.0000 3.9759
142.0000 4.1733
143.0000 4.1907
144.0000 4.2109
145.0000 4.2228
146.0000 4.1787
147.0000 4.1253
148.0000 4.0703
149.0000 3.9282
150.0000 3.7654
151.0000 3.9646
