1.0000 2.9755
2.0000 3.1604
3.0000 3.1032
4.0000 3.3026
5.0000 3.4514
6.0000 3.4299
7.0000 3.2691
8.0000 3.1156
9.0000 3.0934
10.0000 2.9747
11.0000 2.8262
12.0000 2.7392
13.0000 2.9388
14.0000 3.1385
15.0000 3.3362
16.0000 3.2969
17.0000 3.4969
18.0000 3.6828
19.0000 3.8091
20.0000 3.7722
21.0000 3.9391
22.0000 4.1157
23.0000 4.2506
24.0000 4.1307
25.0000 3.9604
26.0000 4.1521
27.0000 4.3250
28.0000 4.1949
29.0000 4.0573
30.0000 3.9699
31.0000 3.8123
32.0000 3.6655
33.0000 3.4934
34.0000 3.6929
35.0000 3.4939
36.0000 3.4640
37.0000 3.3248
38.0000 3.5132
39.0000 3.5706
40.0000 3.4149
41.0000 3.3377
42.0000 3.1981
43.0000 3.3971
44.0000 3.4005
45.0000 3.3423
46.0000 3.5091
47.0000 3.6554
48.0000 3.4610
49.0000 3.5260
50.0000 3.6522
51.0000 3.5029
52.0000 3.3290
53.0000 3.5252
54.0000 3.5009
55.0000 3.6525
56.0000 3.8492
57.0000 3.8353
58.0000 3.7278
59.0000 3.9019
60.0000 3.8198
61.0000 3.6230
62.0000 3.4847
63.0000 3.6430
64.0000 3.8428
65.0000 3.8767
66.0000 3.8092
67.0000 3.9341
68.0000 4.0372
69.0000 3.8582
70.0000 4.0576
71.0000 3.9447
72.0000 3.7956
73.0000 3.8272
74.0000 3.8069
75.0000 3.6478
76.0000 3.4712
77.0000 3.3420
78.0000 3.2721
79.0000 3.1804
80.0000 3.0793
81.0000 3.2760
82.0000 3.2508
83.0000 3.2668
84.0000 3.1847
85.0000 3.3631
86.0000 3.4120
87.0000 3.5831
88.0000 3.7807
89.0000 3.5962
90.0000 3.4009
91.0000 3.3470
92.0000 3.2380
93.0000 3.1412
94.0000 3.1831
95.0000 3.0003
96.0000 3.1800
97.0000 3.3128
98.0000 3.1487
99.0000 3.0748
100.0000 2.9705
101.0000 2.9532
102.0000 3.0500
103.0000 2.8800
104.0000 2.6817
105.0000 2.8033
106.0000 2.7060
107.0000 2.8871
108.0000 3.0865
109.0000 3.0625
110.0000 3.1916
111.0000 3.3549
112.0000 3.4593
113.0000 3.2895
114.0000 3.1750
115.0000 3.3460
116.0000 3.3710
117.0000 3.5616
118.0000 3.7164
119.0000 3.6326
120.0000 3.4672
121.0000 3.3584
122.0000 3.2114
123.0000 3.3953
124.0000 3.4838
125.0000 3.6809
126.0000 3.4891
127.0000 3.4770
128.0000 3.3327
129.0000 3.5147
130.0000 3.3335
131.0000 3.5127
132.0000 3.3173
133.0000 3.5159
134.0000 3.3604
135.0000 3.4627
136.0000 3.5118
137.0000 3.6941
138.0000 3.5231
139.0000 3.3283
140.0000 3.5261
141.0000 3.6837
142.0000 3.8781
143.0000 3.6792
144.0000 3.8563
145.0000 3.6587
146.0000 3.6437
147.0000 3.5430
148.0000 3.7412
149.0000 3.8074
150.0000 3.6218
151.0000 3.7512
