1.0000 2.9643
2.0000 3.0532
3.0000 2.8815
4.0000 2.6823
5.0000 2.5344
6.0000 2.7046
7.0000 2.8659
8.0000 2.7952
9.0000 2.9249
10.0000 2.8263
11.0000 2.9682
12.0000 3.0537
13.0000 2.9504
14.0000 2.7552
15.0000 2.5566
16.0000 2.4185
17.0000 2.5334
18.0000 2.3759
19.0000 2.4500
20.0000 2.3277
21.0000 2.4281
22.0000 2.2856
23.0000 2.1740
24.0000 2.0215
25.0000 1.8324
26.0000 1.9465
27.0000 2.0040
28.0000 2.2031
29.0000 2.0081
30.0000 2.2035
31.0000 2.2804
32.0000 2.4762
33.0000 2.5025
34.0000 2.5430
35.0000 2.3589
36.0000 2.3654
37.0000 2.5557
38.0000 2.5822
39.0000 2.4091
40.0000 2.4767
41.0000 2.3226
42.0000 2.2661
43.0000 2.4378
44.0000 2.5333
45.0000 2.4354
46.0000 2.6196
47.0000 2.4198
48.0000 2.2847
49.0000 2.0868
50.0000 2.2728
51.0000 2.4664
52.0000 2.6003
53.0000 2.7214
54.0000 2.9214
55.0000 3.1214
56.0000 3.1359
57.0000 2.9615
58.0000 2.9508
59.0000 2.8131
60.0000 2.9514
61.0000 3.0357
62.0000 2.9217
63.0000 2.7224
64.0000 2.5939
65.0000 2.4309
66.0000 2.5009
67.0000 2.4224
68.0000 2.2865
69.0000 2.3474
70.0000 2.1827
71.0000 2.3536
72.0000 2.3760
73.0000 2.3312
74.0000 2.5112
75.0000 2.5276
76.0000 2.7219
77.0000 2.8501
78.0000 2.8021
79.0000 2.8401
80.0000 3.0273
81.0000 3.1232
82.0000 3.3208
83.0000 3.2783
84.0000 3.1529
85.0000 3.0399
86.0000 3.0071
87.0000 2.9892
88.0000 2.8483
89.0000 2.8602
90.0000 2.6603
91.0000 2.5270
92.0000 2.7228
93.0000 2.5766
94.0000 2.7698
95.0000 2.5990
96.0000 2.7474
97.0000 2.7178
98.0000 2.6039
99.0000 2.7436
100.0000 2.5951
101.0000 2.5510
102.0000 2.7245
103.0000 2.8372
104.0000 2.8987
105.0000 2.8566
106.0000 2.9499
107.0000 3.1382
108.0000 3.1714
109.0000 3.0550
110.0000 2.9737
111.0000 3.1691
112.0000 2.9797
113.0000 3.1609
114.0000 3.3107
115.0000 3.5095
116.0000 3.4509
117.0000 3.2527
118.0000 3.0532
119.0000 2.9755
120.0000 3.0939
121.0000 3.2257
122.0000 3.2601
123.0000 3.0744
124.0000 3.0679
125.0000 3.0931
126.0000 3.0498
127.0000 3.0420
128.0000 3.1207
129.0000 3.2819
130.0000 3.4506
131.0000 3.3264
132.0000 3.3586
133.0000 3.3375
134.0000 3.4516
135.0000 3.5174
136.0000 3.3917
137.0000 3.4232
138.0000 3.4671
139.0000 3.2698
140.0000 3.2153
141.0000 3.3922
142.0000 3.5842
143.0000 3.6239
144.0000 3.6049
145.0000 3.4708
146.0000 3.5661
147.0000 3.5206
148.0000 3.4462
149.0000 3.3092
150.0000 3.3802
151.0000 3.5281
