1.0000 3.3069
2.0000 3.2088
3.0000 3.3167
4.0000 3.4497
5.0000 3.2672
6.0000 3.1264
7.0000 2.9295
8.0000 2.9174
9.0000 3.0606
10.0000 2.9403
11.0000 3.0779
12.0000 2.9144
13.0000 2.8750
14.0000 2.9749
15.0000 3.1716
16.0000 3.0943
17.0000 3.2164
18.0000 3.2808
19.0000 3.1376
20.0000 3.2305
21.0000 3.2211
22.0000 3.0908
23.0000 3.1370
24.0000 3.2975
25.0000 3.2205
26.0000 3.1519
27.0000 3.0643
28.0000 3.1768
29.0000 3.1121
30.0000 3.1757
31.0000 3.0681
32.0000 3.1307
33.0000 3.1596
34.0000 2.9796
35.0000 3.1026
36.0000 3.1153
37.0000 2.9153
38.0000 3.1112
39.0000 3.2602
40.0000 3.3022
41.0000 3.1516
42.0000 3.1366
43.0000 2.9366
44.0000 2.7375
45.0000 2.8426
46.0000 2.9595
47.0000 3.1505
48.0000 2.9532
49.0000 3.1409
50.0000 3.3340
51.0000 3.4300
52.0000 3.6253
53.0000 3.8198
54.0000 3.6396
55.0000 3.5572
56.0000 3.4053
57.0000 3.3378
58.0000 3.5319
59.0000 3.3404
60.0000 3.2556
61.0000 3.0885
62.0000 2.8895
63.0000 2.6971
64.0000 2.5104
65.0000 2.3295
66.0000 2.2283
67.0000 2.0296
68.0000 2.0678
69.0000 1.9521
70.0000 1.9005
71.0000 1.9924
72.0000 2.1079
73.0000 2.2427
74.0000 2.1562
75.0000 1.9902
76.0000 1.9546
77.0000 1.9023
78.0000 1.7584
79.0000 1.5681
80.0000 1.4240
81.0000 1.5487
82.0000 1.7102
83.0000 1.8004
84.0000 1.9870
85.0000 2.1835
86.0000 2.2432
87.0000 2.1033
88.0000 2.2907
89.0000 2.0951
90.0000 1.8977
91.0000 1.9327
92.0000 2.0878
93.0000 1.9007
94.0000 1.8138
95.0000 1.9536
96.0000 1.8969
97.0000 1.7814
98.0000 1.9813
99.0000 1.7907
100.0000 1.9130
101.0000 1.7415
102.0000 1.5415
103.0000 1.3436
104.0000 1.5381
105.0000 1.5721
106.0000 1.5929
107.0000 1.7539
108.0000 1.8897
109.0000 2.0124
110.0000 2.0966
111.0000 2.0542
112.0000 2.1848
113.0000 2.3367
114.0000 2.4753
115.0000 2.6412
116.0000 2.8400
117.0000 2.7641
118.0000 2.7186
119.0000 2.9186
120.0000 2.9688
121.0000 3.0451
122.0000 3.1679
123.0000 3.3631
124.0000 3.4704
125.0000 3.4966
126.0000 3.4703
127.0000 3.4300
128.0000 3.3677
129.0000 3.1885
130.0000 3.2620
131.0000 3.2841
132.0000 3.4027
133.0000 3.2030
134.0000 3.3995
135.0000 3.5330
136.0000 3.3385
137.0000 3.4589
138.0000 3.5836
139.0000 3.6797
140.0000 3.5674
141.0000 3.5682
142.0000 3.7616
143.0000 3.9531
144.0000 3.8237
145.0000 3.8247
146.0000 3.9931
147.0000 4.1296
148.0000 3.9820
149.0000 4.0774
150.0000 4.0288
151.0000 4.2285
