1.0000 3.0431
2.0000 2.8607
3.0000 3.0439
4.0000 3.2419
5.0000 3.2293
6.0000 3.1389
7.0000 3.3200
8.0000 3.2911
9.0000 3.2086
10.0000 3.3131
11.0000 3.4909
12.0000 3.3046
13.0000 3.1774
14.0000 3.2975
15.0000 3.4206
16.0000 3.5444
17.0000 3.7260
18.0000 3.8601
19.0000 4.0070
20.0000 4.0404
21.0000 3.8942
22.0000 4.0713
23.0000 4.0180
24.0000 3.9300
25.0000 3.7535
26.0000 3.7506
27.0000 3.8181
28.0000 3.8890
29.0000 4.0850
30.0000 4.0277
31.0000 4.1979
32.0000 4.0699
33.0000 3.9819
34.0000 4.1602
35.0000 4.2102
36.0000 4.1368
37.0000 4.0421
38.0000 4.1097
39.0000 4.2972
40.0000 4.3745
41.0000 4.1756
42.0000 4.0329
43.0000 4.1980
44.0000 4.0082
45.0000 3.9940
46.0000 4.1342
47.0000 4.0125
48.0000 3.8390
49.0000 3.7364
50.0000 3.7966
51.0000 3.9722
52.0000 3.7882
53.0000 3.5982
54.0000 3.7974
55.0000 3.6031
56.0000 3.4351
57.0000 3.6345
58.0000 3.7457
59.0000 3.7022
60.0000 3.8926
61.0000 4.0128
62.0000 4.1983
63.0000 4.0163
64.0000 3.8239
65.0000 3.9181
66.0000 4.0369
67.0000 3.8454
68.0000 3.7126
69.0000 3.5964
70.0000 3.6447
71.0000 3.8432
72.0000 3.9428
73.0000 4.1074
74.0000 4.1285
75.0000 3.9609
76.0000 4.0076
77.0000 4.1564
78.0000 4.0480
79.0000 4.0448
80.0000 4.1072
81.0000 4.1278
82.0000 3.9662
83.0000 4.1372
84.0000 4.0843
85.0000 4.0283
86.0000 4.0704
87.0000 4.0572
88.0000 3.8581
89.0000 4.0580
90.0000 4.0763
91.0000 3.9266
92.0000 3.7989
93.0000 3.6023
94.0000 3.5160
95.0000 3.6290
96.0000 3.7854
97.0000 3.6781
98.0000 3.6579
99.0000 3.6499
100.0000 3.8493
101.0000 3.8927
102.0000 3.7003
103.0000 3.8933
104.0000 4.0049
105.0000 4.1577
106.0000 4.1074
107.0000 4.2983
108.0000 4.2331
109.0000 4.1809
110.0000 4.1053
111.0000 4.1491
112.0000 4.1338
113.0000 4.2391
114.0000 4.1062
115.0000 4.1327
116.0000 3.9608
117.0000 4.1484
118.0000 4.0458
119.0000 4.2221
120.0000 4.1509
121.0000 4.2790
122.0000 4.2101
123.0000 4.0466
124.0000 3.9835
125.0000 4.1070
126.0000 4.0263
127.0000 4.1310
128.0000 4.1177
129.0000 4.0282
130.0000 4.1251
131.0000 4.1313
132.0000 3.9334
133.0000 4.1015
134.0000 3.9766
135.0000 3.9243
136.0000 4.1035
137.0000 3.9809
138.0000 4.1805
139.0000 4.1463
140.0000 4.3422
141.0000 4.3598
142.0000 4.3453
143.0000 4.2344
144.0000 4.3427
145.0000 4.2178
146.0000 4.3251
147.0000 4.1900
148.0000 4.1036
149.0000 3.9178
150.0000 3.7607
151.0000 3.8106
