1.0000 3.3145
2.0000 3.5094
3.0000 3.3943
4.0000 3.3194
5.0000 3.2609
6.0000 3.0734
7.0000 2.9328
8.0000 3.0876
9.0000 3.2838
10.0000 3.1345
11.0000 3.0165
12.0000 2.9591
13.0000 3.1243
14.0000 3.3158
15.0000 3.2419
16.0000 3.4128
17.0000 3.6018
18.0000 3.5465
19.0000 3.4095
20.0000 3.5889
21.0000 3.4216
22.0000 3.5658
23.0000 3.5791
24.0000 3.7254
25.0000 3.7506
26.0000 3.5525
27.0000 3.7193
28.0000 3.6638
29.0000 3.7219
30.0000 3.8711
31.0000 3.7400
32.0000 3.5752
33.0000 3.4015
34.0000 3.5967
35.0000 3.7414
36.0000 3.6547
37.0000 3.7408
38.0000 3.7395
39.0000 3.7402
40.0000 3.6192
41.0000 3.6568
42.0000 3.8000
43.0000 3.9001
44.0000 3.8856
45.0000 4.0054
46.0000 3.9201
47.0000 3.9336
48.0000 3.8500
49.0000 3.6870
50.0000 3.6013
51.0000 3.4073
52.0000 3.5330
53.0000 3.3904
54.0000 3.4286
55.0000 3.4329
56.0000 3.4072
57.0000 3.4381
58.0000 3.5290
59.0000 3.5235
60.0000 3.3240
61.0000 3.4145
62.0000 3.4322
63.0000 3.2985
64.0000 3.4501
65.0000 3.3551
66.0000 3.2894
67.0000 3.3209
68.0000 3.5140
69.0000 3.4106
70.0000 3.2110
71.0000 3.0246
72.0000 3.2065
73.0000 3.0128
74.0000 3.0279
75.0000 3.1981
76.0000 3.0138
77.0000 3.0134
78.0000 2.8771
79.0000 2.8264
80.0000 2.9784
81.0000 3.1635
82.0000 3.3626
83.0000 3.2866
84.0000 3.1303
85.0000 3.2307
86.0000 3.1030
87.0000 3.1561
88.0000 2.9897
89.0000 3.1267
90.0000 3.0260
91.0000 2.9049
92.0000 3.0149
93.0000 2.8259
94.0000 3.0034
95.0000 2.8574
96.0000 2.9910
97.0000 3.0185
98.0000 2.9358
99.0000 2.7699
100.0000 2.9502
101.0000 2.9468
102.0000 2.7695
103.0000 2.9690
104.0000 2.8115
105.0000 2.8386
106.0000 3.0270
107.0000 2.8280
108.0000 2.6280
109.0000 2.5881
110.0000 2.6818
111.0000 2.8399
112.0000 2.6659
113.0000 2.4659
114.0000 2.2900
115.0000 2.4875
116.0000 2.2992
117.0000 2.2281
118.0000 2.1550
119.0000 2.0531
120.0000 1.9664
121.0000 1.9082
122.0000 1.7087
123.0000 1.6345
124.0000 1.5669
125.0000 1.4546
126.0000 1.2601
127.0000 1.4320
128.0000 1.2512
129.0000 1.3055
130.0000 1.2503
131.0000 1.4492
132.0000 1.4226
133.0000 1.4156
134.0000 1.4608
135.0000 1.5209
136.0000 1.5362
137.0000 1.7144
138.0000 1.9143
139.0000 2.0561
140.0000 1.8698
141.0000 1.9968
142.0000 2.1847
143.0000 2.3729
144.0000 2.3634
145.0000 2.5243
146.0000 2.7196
147.0000 2.8804
148.0000 2.7083
149.0000 2.7080
150.0000 2.8364
151.0000 2.7976
