1.0000 3.0686
2.0000 2.9845
3.0000 3.0956
4.0000 2.9119
5.0000 2.9083
6.0000 3.1006
7.0000 2.9673
8.0000 2.7679
9.0000 2.7849
10.0000 2.9623
11.0000 2.7661
12.0000 2.9039
13.0000 2.7151
14.0000 2.5299
15.0000 2.6192
16.0000 2.7375
17.0000 2.5730
18.0000 2.3784
19.0000 2.1806
20.0000 2.0596
21.0000 2.1011
22.0000 1.9118
23.0000 2.0221
24.0000 2.1876
25.0000 2.3283
26.0000 2.2874
27.0000 2.2032
28.0000 2.0241
29.0000 1.9223
30.0000 1.8611
31.0000 1.7432
32.0000 1.6447
33.0000 1.7712
34.0000 1.9544
35.0000 1.8729
36.0000 1.6729
37.0000 1.5595
38.0000 1.7074
39.0000 1.8224
40.0000 2.0222
41.0000 2.1855
42.0000 1.9961
43.0000 1.8914
44.0000 2.0182
45.0000 1.8183
46.0000 2.0173
47.0000 1.9489
48.0000 1.9961
49.0000 2.1938
50.0000 2.1254
51.0000 2.2728
52.0000 2.0741
53.0000 2.2733
54.0000 2.1861
55.0000 1.9917
56.0000 1.8947
57.0000 1.8941
58.0000 1.7218
59.0000 1.9127
60.0000 2.0965
61.0000 1.9212
62.0000 1.7298
63.0000 1.5508
64.0000 1.6583
65.0000 1.5248
66.0000 1.3278
67.0000 1.2547
68.0000 1.3529
69.0000 1.1552
70.0000 0.9553
71.0000 0.8605
72.0000 1.0432
73.0000 0.9498
74.0000 1.0356
75.0000 0.8371
76.0000 0.9997
77.0000 1.1974
78.0000 1.2565
79.0000 1.0817
80.0000 0.9156
81.0000 0.7923
82.0000 0.9641
83.0000 1.1507
84.0000 1.2298
85.0000 1.2029
86.0000 1.0889
87.0000 1.2575
88.0000 1.0577
89.0000 1.2559
90.0000 1.1031
91.0000 1.1767
92.0000 1.2605
93.0000 1.4023
94.0000 1.2647
95.0000 1.1125
96.0000 0.9220
97.0000 1.0998
98.0000 1.1004
99.0000 1.2272
100.0000 1.3994
101.0000 1.5618
102.0000 1.4016
103.0000 1.6003
104.0000 1.7604
105.0000 1.7723
106.0000 1.8416
107.0000 1.8949
108.0000 1.9589
109.0000 2.0500
110.0000 1.9470
111.0000 1.7479
112.0000 1.6198
113.0000 1.7280
114.0000 1.7771
115.0000 1.7545
116.0000 1.7648
117.0000 1.9111
118.0000 1.9120
119.0000 1.9999
120.0000 1.8042
121.0000 1.7819
122.0000 1.7467
123.0000 1.9249
124.0000 2.0237
125.0000 2.1669
126.0000 2.3637
127.0000 2.1936
128.0000 1.9936
129.0000 2.1922
130.0000 2.3522
131.0000 2.5325
132.0000 2.6389
133.0000 2.4872
134.0000 2.3963
135.0000 2.4868
136.0000 2.3286
137.0000 2.4033
138.0000 2.5614
139.0000 2.3756
140.0000 2.3432
141.0000 2.4500
142.0000 2.3439
143.0000 2.4367
144.0000 2.2438
145.0000 2.1413
146.0000 2.3411
147.0000 2.3711
148.0000 2.1982
149.0000 2.3959
150.0000 2.5084
151.0000 2.5109
