1.0000 3.3584
2.0000 3.1730
3.0000 3.3646
4.0000 3.5498
5.0000 3.4177
6.0000 3.4078
7.0000 3.5345
8.0000 3.3425
9.0000 3.1430
10.0000 3.2572
11.0000 3.3990
12.0000 3.5640
13.0000 3.6444
14.0000 3.4564
15.0000 3.4064
16.0000 3.4425
17.0000 3.2578
18.0000 3.0977
19.0000 3.0598
20.0000 3.2224
21.0000 3.0229
22.0000 3.1224
23.0000 3.0111
24.0000 2.8118
25.0000 3.0117
26.0000 3.1651
27.0000 2.9669
28.0000 2.8956
29.0000 2.8163
30.0000 3.0129
31.0000 3.1904
32.0000 3.3736
33.0000 3.5351
34.0000 3.5971
35.0000 3.7159
36.0000 3.7853
37.0000 3.6124
38.0000 3.8103
39.0000 3.9082
40.0000 3.9242
41.0000 3.9628
42.0000 4.0481
43.0000 3.8970
44.0000 4.0874
45.0000 3.9195
46.0000 4.0990
47.0000 4.2240
48.0000 4.1502
49.0000 4.3409
50.0000 4.3399
51.0000 4.2034
52.0000 4.3093
53.0000 4.1784
54.0000 4.3025
55.0000 4.3458
56.0000 4.2833
57.0000 4.3008
58.0000 4.3022
59.0000 4.1023
60.0000 4.1285
61.0000 3.9781
62.0000 4.0449
63.0000 4.0362
64.0000 3.8838
65.0000 3.6990
66.0000 3.5204
67.0000 3.6847
68.0000 3.8784
69.0000 3.8081
70.0000 4.0068
71.0000 3.8689
72.0000 4.0678
73.0000 4.0529
74.0000 4.0895
75.0000 3.9400
76.0000 3.9689
77.0000 3.8671
78.0000 4.0027
79.0000 3.8832
80.0000 3.8883
81.0000 3.7174
82.0000 3.7015
83.0000 3.8988
84.0000 4.0745
85.0000 3.9692
86.0000 3.7927
87.0000 3.7082
88.0000 3.7124
89.0000 3.7113
90.0000 3.9037
91.0000 3.7057
92.0000 3.7234
93.0000 3.9208
94.0000 4.0471
95.0000 3.9536
96.0000 4.1405
97.0000 3.9667
98.0000 3.8579
99.0000 4.0579
100.0000 4.0783
101.0000 4.0449
102.0000 4.0622
103.0000 3.9206
104.0000 3.9428
105.0000 3.8926
106.0000 3.8522
107.0000 3.7241
108.0000 3.5774
109.0000 3.3963
110.0000 3.5762
111.0000 3.5177
112.0000 3.5611
113.0000 3.6113
114.0000 3.5610
115.0000 3.6382
116.0000 3.4678
117.0000 3.6581
118.0000 3.7720
119.0000 3.7613
120.0000 3.7866
121.0000 3.8988
122.0000 3.7417
123.0000 3.9416
124.0000 4.0356
125.0000 4.1242
126.0000 4.0694
127.0000 3.9084
128.0000 4.0769
129.0000 4.1416
130.0000 4.0032
131.0000 4.0580
132.0000 4.1406
133.0000 3.9615
134.0000 4.0859
135.0000 4.0571
136.0000 4.0427
137.0000 4.1190
138.0000 4.0139
139.0000 4.1162
140.0000 4.0051
141.0000 4.1159
142.0000 3.9993
143.0000 3.9221
144.0000 4.1212
145.0000 4.0883
146.0000 4.0395
147.0000 4.0328
148.0000 3.8432
149.0000 3.8775
150.0000 3.7893
151.0000 3.7566
