1.0000 3.1443
2.0000 3.3427
3.0000 3.2211
4.0000 3.3447
5.0000 3.5144
6.0000 3.3158
7.0000 3.2447
8.0000 3.4371
9.0000 3.4497
10.0000 3.3286
11.0000 3.1489
12.0000 2.9917
13.0000 3.1157
14.0000 2.9765
15.0000 2.9033
16.0000 3.0176
17.0000 3.0733
18.0000 3.2088
19.0000 3.0180
20.0000 3.1358
21.0000 2.9358
22.0000 2.8476
23.0000 2.9775
24.0000 3.0397
25.0000 3.0105
26.0000 2.8863
27.0000 2.9644
28.0000 2.9131
29.0000 2.8068
30.0000 2.8684
31.0000 2.8054
32.0000 2.9050
33.0000 2.7487
34.0000 2.8186
35.0000 2.8274
36.0000 2.7838
37.0000 2.6260
38.0000 2.7216
39.0000 2.8558
40.0000 3.0554
41.0000 3.0416
42.0000 3.0413
43.0000 2.8912
44.0000 3.0872
45.0000 2.8883
46.0000 2.8564
47.0000 2.8012
48.0000 2.9567
49.0000 2.9152
50.0000 2.9524
51.0000 2.8108
52.0000 2.6877
53.0000 2.8822
54.0000 2.7946
55.0000 2.5946
56.0000 2.5956
57.0000 2.5814
58.0000 2.6794
59.0000 2.6000
60.0000 2.5704
61.0000 2.5253
62.0000 2.4970
63.0000 2.3569
64.0000 2.1808
65.0000 1.9997
66.0000 2.1339
67.0000 2.3305
68.0000 2.3013
69.0000 2.3807
70.0000 2.5728
71.0000 2.6921
72.0000 2.8538
73.0000 2.9612
74.0000 2.7620
75.0000 2.6531
76.0000 2.4750
77.0000 2.3351
78.0000 2.1594
79.0000 2.3402
80.0000 2.1406
81.0000 2.2159
82.0000 2.1442
83.0000 2.3177
84.0000 2.3090
85.0000 2.4959
86.0000 2.3054
87.0000 2.4600
88.0000 2.2639
89.0000 2.2385
90.0000 2.1229
91.0000 2.2143
92.0000 2.2611
93.0000 2.2985
94.0000 2.4415
95.0000 2.4993
96.0000 2.5815
97.0000 2.4838
98.0000 2.4101
99.0000 2.2220
100.0000 2.1939
101.0000 2.2202
102.0000 2.2237
103.0000 2.4225
104.0000 2.5482
105.0000 2.3482
106.0000 2.2303
107.0000 2.3760
108.0000 2.2845
109.0000 2.4547
110.0000 2.3556
111.0000 2.3732
112.0000 2.3741
113.0000 2.5586
114.0000 2.4684
115.0000 2.3370
116.0000 2.1397
117.0000 2.2038
118.0000 2.3813
119.0000 2.2229
120.0000 2.0662
121.0000 1.9542
122.0000 2.1189
123.0000 2.2991
124.0000 2.1013
125.0000 2.2456
126.0000 2.0588
127.0000 1.9079
128.0000 1.7182
129.0000 1.8881
130.0000 2.0364
131.0000 2.1474
132.0000 2.3456
133.0000 2.4923
134.0000 2.2985
135.0000 2.2925
136.0000 2.0955
137.0000 2.2655
138.0000 2.0696
139.0000 2.1890
140.0000 2.3882
141.0000 2.1989
142.0000 2.3692
143.0000 2.5511
144.0000 2.7392
145.0000 2.6909
146.0000 2.7241
147.0000 2.8210
148.0000 3.0050
149.0000 3.1132
150.0000 2.9595
151.0000 2.8407
