1.0000 3.0133
2.0000 2.8374
3.0000 2.7358
4.0000 2.7900
5.0000 2.8208
6.0000 2.8238
7.0000 2.7340
8.0000 2.8780
9.0000 2.9771
10.0000 2.7832
11.0000 2.7682
12.0000 2.8653
13.0000 2.8877
14.0000 2.8856
15.0000 2.9705
16.0000 3.0505
17.0000 2.9623
18.0000 2.8506
19.0000 2.6546
20.0000 2.5303
21.0000 2.4067
22.0000 2.4048
23.0000 2.4634
24.0000 2.6573
25.0000 2.5391
26.0000 2.5390
27.0000 2.6099
28.0000 2.6011
29.0000 2.7126
30.0000 2.6744
31.0000 2.7465
32.0000 2.9211
33.0000 2.9239
34.0000 2.7317
35.0000 2.6001
36.0000 2.4063
37.0000 2.4882
38.0000 2.4173
39.0000 2.6173
40.0000 2.5248
41.0000 2.5191
42.0000 2.7185
43.0000 2.5306
44.0000 2.3306
45.0000 2.5305
46.0000 2.4140
47.0000 2.2337
48.0000 2.4038
49.0000 2.4054
50.0000 2.4105
51.0000 2.2151
52.0000 2.3874
53.0000 2.5819
54.0000 2.4695
55.0000 2.3499
56.0000 2.5454
57.0000 2.6325
58.0000 2.4472
59.0000 2.3605
60.0000 2.5572
61.0000 2.4591
62.0000 2.4628
63.0000 2.2999
64.0000 2.4211
65.0000 2.6203
66.0000 2.5104
67.0000 2.5844
68.0000 2.3907
69.0000 2.4171
70.0000 2.4020
71.0000 2.4732
72.0000 2.4802
73.0000 2.5389
74.0000 2.6260
75.0000 2.7030
76.0000 2.8941
77.0000 2.8400
78.0000 2.6792
79.0000 2.5029
80.0000 2.3031
81.0000 2.2215
82.0000 2.3953
83.0000 2.2857
84.0000 2.2574
85.0000 2.3743
86.0000 2.3455
87.0000 2.5209
88.0000 2.4275
89.0000 2.4271
90.0000 2.3731
91.0000 2.4201
92.0000 2.2231
93.0000 2.4171
94.0000 2.5982
95.0000 2.4136
96.0000 2.3600
97.0000 2.3721
98.0000 2.1722
99.0000 2.2176
100.0000 2.0746
101.0000 2.2722
102.0000 2.0724
103.0000 1.9830
104.0000 1.9734
105.0000 1.8064
106.0000 2.0019
107.0000 1.9043
108.0000 1.9815
109.0000 1.9827
110.0000 1.8997
111.0000 1.7075
112.0000 1.5075
113.0000 1.4021
114.0000 1.5970
115.0000 1.4615
116.0000 1.2972
117.0000 1.4960
118.0000 1.6265
119.0000 1.4330
120.0000 1.4111
121.0000 1.5888
122.0000 1.7529
123.0000 1.8536
124.0000 1.7006
125.0000 1.8602
126.0000 1.7039
127.0000 1.5214
128.0000 1.3283
129.0000 1.4265
130.0000 1.6177
131.0000 1.4657
132.0000 1.3494
133.0000 1.5492
134.0000 1.6495
135.0000 1.8180
136.0000 1.6610
137.0000 1.5261
138.0000 1.4612
139.0000 1.4784
140.0000 1.4350
141.0000 1.5815
142.0000 1.4105
143.0000 1.3747
144.0000 1.2418
145.0000 1.0685
146.0000 1.2685
147.0000 1.3486
148.0000 1.4843
149.0000 1.6843
150.0000 1.7836
151.0000 1.9137
