1.0000 3.2765
2.0000 3.4746
3.0000 3.5210
4.0000 3.4987
5.0000 3.2988
6.0000 3.2954
7.0000 3.3578
8.0000 3.1606
9.0000 3.0981
10.0000 2.9185
11.0000 3.1143
12.0000 3.3141
13.0000 3.1153
14.0000 3.0276
15.0000 2.8856
16.0000 3.0577
17.0000 2.8916
18.0000 3.0595
19.0000 3.0181
20.0000 2.9170
21.0000 2.8817
22.0000 2.7940
23.0000 2.6770
24.0000 2.7040
25.0000 2.5067
26.0000 2.5636
27.0000 2.7393
28.0000 2.6810
29.0000 2.5000
30.0000 2.6535
31.0000 2.7042
32.0000 2.8957
33.0000 2.7066
34.0000 2.7026
35.0000 2.6730
36.0000 2.5256
37.0000 2.3758
38.0000 2.1868
39.0000 2.0323
40.0000 1.8325
41.0000 1.6400
42.0000 1.4402
43.0000 1.6192
44.0000 1.7327
45.0000 1.8711
46.0000 1.7949
47.0000 1.9767
48.0000 2.0170
49.0000 1.8187
50.0000 1.9918
51.0000 2.1327
52.0000 2.2090
53.0000 2.3650
54.0000 2.3637
55.0000 2.4876
56.0000 2.5985
57.0000 2.4413
58.0000 2.2927
59.0000 2.4612
60.0000 2.5548
61.0000 2.4514
62.0000 2.6513
63.0000 2.5635
64.0000 2.4709
65.0000 2.3679
66.0000 2.1783
67.0000 2.0097
68.0000 1.8321
69.0000 1.9355
70.0000 1.9180
71.0000 2.0088
72.0000 1.8870
73.0000 1.8893
74.0000 1.7024
75.0000 1.5111
76.0000 1.3547
77.0000 1.1649
78.0000 1.3367
79.0000 1.1791
80.0000 1.0888
81.0000 1.1919
82.0000 1.2384
83.0000 1.1719
84.0000 1.0523
85.0000 1.2369
86.0000 1.4290
87.0000 1.4055
88.0000 1.5598
89.0000 1.3721
90.0000 1.1945
91.0000 1.1791
92.0000 1.0726
93.0000 0.9272
94.0000 0.7325
95.0000 0.7285
96.0000 0.8710
97.0000 0.8092
98.0000 0.6179
99.0000 0.4201
100.0000 0.6194
101.0000 0.5392
102.0000 0.4359
103.0000 0.5667
104.0000 0.7665
105.0000 0.9584
106.0000 0.9824
107.0000 0.9595
108.0000 1.0810
109.0000 1.1475
110.0000 1.3344
111.0000 1.5162
112.0000 1.4112
113.0000 1.3237
114.0000 1.1427
115.0000 1.0550
116.0000 1.2546
117.0000 1.1974
118.0000 1.0275
119.0000 1.1743
120.0000 1.1648
121.0000 1.3636
122.0000 1.5163
123.0000 1.3377
124.0000 1.3720
125.0000 1.5710
126.0000 1.7495
127.0000 1.6354
128.0000 1.4933
129.0000 1.4927
130.0000 1.3822
131.0000 1.1910
132.0000 1.3381
133.0000 1.3618
134.0000 1.2560
135.0000 1.1522
136.0000 0.9738
137.0000 1.0378
138.0000 1.2371
139.0000 1.4147
140.0000 1.2327
141.0000 1.0665
142.0000 1.1740
143.0000 1.2386
144.0000 1.0605
145.0000 0.8631
146.0000 1.0629
147.0000 1.2559
148.0000 1.4559
149.0000 1.5330
150.0000 1.4233
151.0000 1.4342
