1.0000 2.9627
2.0000 2.7741
3.0000 2.6588
4.0000 2.7912
5.0000 2.6214
6.0000 2.5340
7.0000 2.6290
8.0000 2.7353
9.0000 2.6854
10.0000 2.7633
11.0000 2.6149
12.0000 2.5750
13.0000 2.3780
14.0000 2.5771
15.0000 2.4085
16.0000 2.4868
17.0000 2.3260
18.0000 2.3013
19.0000 2.2911
20.0000 2.3227
21.0000 2.4685
22.0000 2.2700
23.0000 2.0751
24.0000 2.1024
25.0000 2.0781
26.0000 2.2763
27.0000 2.1856
28.0000 2.2007
29.0000 2.3089
30.0000 2.2047
31.0000 2.3775
32.0000 2.3180
33.0000 2.4666
34.0000 2.5089
35.0000 2.3201
36.0000 2.3960
37.0000 2.4267
38.0000 2.6264
39.0000 2.7654
40.0000 2.7685
41.0000 2.7773
42.0000 2.7600
43.0000 2.7585
44.0000 2.8007
45.0000 2.6056
46.0000 2.8007
47.0000 2.6449
48.0000 2.4661
49.0000 2.2731
50.0000 2.1697
51.0000 2.3661
52.0000 2.4273
53.0000 2.2866
54.0000 2.4640
55.0000 2.5818
56.0000 2.7435
57.0000 2.8787
58.0000 2.9222
59.0000 2.7339
60.0000 2.7505
61.0000 2.7007
62.0000 2.6291
63.0000 2.5843
64.0000 2.3871
65.0000 2.1900
66.0000 2.3176
67.0000 2.2894
68.0000 2.0934
69.0000 2.0746
70.0000 2.1240
71.0000 1.9652
72.0000 2.1169
73.0000 1.9298
74.0000 2.1260
75.0000 2.0605
76.0000 1.8891
77.0000 1.7363
78.0000 1.5774
79.0000 1.7640
80.0000 1.5640
81.0000 1.4186
82.0000 1.2188
83.0000 1.1168
84.0000 0.9174
85.0000 1.0101
86.0000 1.1617
87.0000 1.3594
88.0000 1.3391
89.0000 1.3774
90.0000 1.4868
91.0000 1.6288
92.0000 1.8167
93.0000 1.9797
94.0000 1.8243
95.0000 1.8330
96.0000 1.7249
97.0000 1.9120
98.0000 2.0288
99.0000 2.0033
100.0000 2.0451
101.0000 2.1839
102.0000 2.1109
103.0000 2.3009
104.0000 2.2979
105.0000 2.1148
106.0000 2.2398
107.0000 2.3346
108.0000 2.3135
109.0000 2.1173
110.0000 2.1571
111.0000 2.2944
112.0000 2.1089
113.0000 2.2196
114.0000 2.0197
115.0000 1.8433
116.0000 1.9883
117.0000 2.0621
118.0000 1.9241
119.0000 2.0170
120.0000 1.9950
121.0000 1.8007
122.0000 1.9268
123.0000 2.0403
124.0000 2.0185
125.0000 1.8207
126.0000 1.9399
127.0000 1.8890
128.0000 2.0840
129.0000 2.0629
130.0000 2.2277
131.0000 2.1693
132.0000 2.3582
133.0000 2.1588
134.0000 1.9609
135.0000 2.1194
136.0000 2.1763
137.0000 1.9883
138.0000 1.9121
139.0000 1.9181
140.0000 2.1115
141.0000 2.3051
142.0000 2.3538
143.0000 2.2850
144.0000 2.3511
145.0000 2.4990
146.0000 2.3053
147.0000 2.1086
148.0000 2.1820
149.0000 1.9845
150.0000 1.8044
151.0000 1.6111
