1.0000 3.3600
2.0000 3.5593
3.0000 3.7115
4.0000 3.5491
5.0000 3.5793
6.0000 3.3799
7.0000 3.2962
8.0000 3.4354
9.0000 3.6344
10.0000 3.7710
11.0000 3.7480
12.0000 3.8148
13.0000 4.0145
14.0000 3.8150
15.0000 4.0141
16.0000 3.9719
17.0000 3.9585
18.0000 3.8511
19.0000 3.9448
20.0000 4.0782
21.0000 4.1029
22.0000 4.2474
23.0000 4.0484
24.0000 3.8499
25.0000 4.0383
26.0000 3.9600
27.0000 4.1516
28.0000 4.0343
29.0000 3.9009
30.0000 4.0293
31.0000 3.8772
32.0000 3.8846
33.0000 3.6851
34.0000 3.5521
35.0000 3.7422
36.0000 3.5424
37.0000 3.4744
38.0000 3.4683
39.0000 3.2715
40.0000 3.0924
41.0000 2.8997
42.0000 2.7939
43.0000 2.9054
44.0000 2.8191
45.0000 2.6579
46.0000 2.8577
47.0000 2.9964
48.0000 2.9775
49.0000 2.9658
50.0000 3.0702
51.0000 3.0330
52.0000 3.1257
53.0000 2.9835
54.0000 3.1565
55.0000 3.1591
56.0000 3.2816
57.0000 3.4747
58.0000 3.3810
59.0000 3.1996
60.0000 3.3969
61.0000 3.2300
62.0000 3.3246
63.0000 3.4892
64.0000 3.4733
65.0000 3.2750
66.0000 3.1229
67.0000 3.3030
68.0000 3.5020
69.0000 3.6201
70.0000 3.6597
71.0000 3.8280
72.0000 3.9881
73.0000 3.8212
74.0000 4.0169
75.0000 3.8896
76.0000 3.8163
77.0000 3.6256
78.0000 3.4399
79.0000 3.5314
80.0000 3.5706
81.0000 3.7687
82.0000 3.9687
83.0000 3.9151
84.0000 3.7540
85.0000 3.5707
86.0000 3.3728
87.0000 3.4768
88.0000 3.6653
89.0000 3.7992
90.0000 3.8826
91.0000 4.0768
92.0000 4.1229
93.0000 3.9251
94.0000 3.8941
95.0000 4.0340
96.0000 4.1260
97.0000 3.9676
98.0000 3.9153
99.0000 4.0872
100.0000 4.1182
101.0000 4.0706
102.0000 3.8729
103.0000 3.6730
104.0000 3.8703
105.0000 3.8783
106.0000 3.8379
107.0000 3.9358
108.0000 4.0493
109.0000 4.0580
110.0000 4.0672
111.0000 4.2549
112.0000 4.2096
113.0000 4.0149
114.0000 4.1534
115.0000 4.2445
116.0000 4.0502
117.0000 4.1749
118.0000 4.2070
119.0000 4.0614
120.0000 3.8640
121.0000 3.6760
122.0000 3.8141
123.0000 3.6147
124.0000 3.6463
125.0000 3.8283
126.0000 3.8816
127.0000 3.9832
128.0000 3.8649
129.0000 3.7468
130.0000 3.6950
131.0000 3.6941
132.0000 3.4941
133.0000 3.3033
134.0000 3.1035
135.0000 2.9157
136.0000 3.0289
137.0000 3.0682
138.0000 3.0864
139.0000 2.8929
140.0000 2.6931
141.0000 2.6016
142.0000 2.4779
143.0000 2.3607
144.0000 2.2086
145.0000 2.3993
146.0000 2.5296
147.0000 2.3441
148.0000 2.5203
149.0000 2.6924
150.0000 2.8415
151.0000 2.8065
