1.0000 3.0114
2.0000 2.9345
3.0000 2.8174
4.0000 2.6927
5.0000 2.5045
6.0000 2.3059
7.0000 2.3110
8.0000 2.5076
9.0000 2.6734
10.0000 2.8647
11.0000 3.0592
12.0000 2.8592
13.0000 3.0249
14.0000 2.8249
15.0000 2.8239
16.0000 2.7195
17.0000 2.6454
18.0000 2.5067
19.0000 2.6357
20.0000 2.4361
21.0000 2.2369
22.0000 2.3104
23.0000 2.5011
24.0000 2.6247
25.0000 2.4248
26.0000 2.2469
27.0000 2.4449
28.0000 2.2452
29.0000 2.3980
30.0000 2.5979
31.0000 2.4833
32.0000 2.6634
33.0000 2.5935
34.0000 2.4014
35.0000 2.2727
36.0000 2.4716
37.0000 2.5621
38.0000 2.7441
39.0000 2.8990
40.0000 2.7094
41.0000 2.8266
42.0000 3.0260
43.0000 2.8773
44.0000 3.0478
45.0000 2.8856
46.0000 2.8190
47.0000 2.7157
48.0000 2.5856
49.0000 2.6666
50.0000 2.4667
51.0000 2.6522
52.0000 2.4622
53.0000 2.4960
54.0000 2.3028
55.0000 2.4532
56.0000 2.3808
57.0000 2.2487
58.0000 2.1449
59.0000 2.0660
60.0000 1.9069
61.0000 2.0892
62.0000 1.8898
63.0000 1.7017
64.0000 1.7285
65.0000 1.9262
66.0000 2.0382
67.0000 2.0400
68.0000 2.2261
69.0000 2.4245
70.0000 2.6242
71.0000 2.6237
72.0000 2.5781
73.0000 2.5445
74.0000 2.5100
75.0000 2.6937
76.0000 2.6326
77.0000 2.5119
78.0000 2.6213
79.0000 2.6098
80.0000 2.4727
81.0000 2.5601
82.0000 2.4176
83.0000 2.5978
84.0000 2.6780
85.0000 2.5934
86.0000 2.6108
87.0000 2.5005
88.0000 2.3330
89.0000 2.4852
90.0000 2.4944
91.0000 2.3272
92.0000 2.3993
93.0000 2.2073
94.0000 2.3801
95.0000 2.3567
96.0000 2.2285
97.0000 2.0358
98.0000 2.0756
99.0000 1.8894
100.0000 1.8896
101.0000 1.9036
102.0000 2.1014
103.0000 2.2952
104.0000 2.4951
105.0000 2.4237
106.0000 2.6144
107.0000 2.4514
108.0000 2.6279
109.0000 2.6219
110.0000 2.4416
111.0000 2.3765
112.0000 2.3307
113.0000 2.3704
114.0000 2.4640
115.0000 2.6564
116.0000 2.6453
117.0000 2.7903
118.0000 2.8769
119.0000 2.7431
120.0000 2.9330
121.0000 2.7771
122.0000 2.5814
123.0000 2.4449
124.0000 2.6431
125.0000 2.7976
126.0000 2.7721
127.0000 2.8040
128.0000 2.6190
129.0000 2.4655
130.0000 2.5717
131.0000 2.7059
132.0000 2.7629
133.0000 2.7995
134.0000 2.6423
135.0000 2.5004
136.0000 2.6038
137.0000 2.4767
138.0000 2.3808
139.0000 2.5806
140.0000 2.7442
141.0000 2.6598
142.0000 2.7564
143.0000 2.7072
144.0000 2.5118
145.0000 2.5103
146.0000 2.5032
147.0000 2.3606
148.0000 2.1860
149.0000 2.3858
150.0000 2.2144
151.0000 2.4144
