1.0000 3.0966
2.0000 3.2830
3.0000 3.2164
4.0000 3.0209
5.0000 3.1796
6.0000 3.1336
7.0000 3.0259
8.0000 3.0228
9.0000 3.0639
10.0000 2.9870
11.0000 2.7871
12.0000 2.9846
13.0000 2.9656
14.0000 2.8285
15.0000 2.6640
16.0000 2.8623
17.0000 2.9582
18.0000 2.8107
19.0000 2.6115
20.0000 2.7953
21.0000 2.8897
22.0000 3.0361
23.0000 2.8458
24.0000 3.0031
25.0000 2.9501
26.0000 2.9948
27.0000 2.8234
28.0000 2.6965
29.0000 2.5575
30.0000 2.4005
31.0000 2.5941
32.0000 2.6342
33.0000 2.6029
34.0000 2.4420
35.0000 2.4695
36.0000 2.2851
37.0000 2.2519
38.0000 2.2161
39.0000 2.2642
40.0000 2.1048
41.0000 1.9129
42.0000 2.1105
43.0000 2.0703
44.0000 2.1989
45.0000 2.1680
46.0000 2.1417
47.0000 1.9682
48.0000 2.1612
49.0000 1.9637
50.0000 2.1532
51.0000 2.0228
52.0000 1.9243
53.0000 2.1018
54.0000 1.9424
55.0000 1.7514
56.0000 1.9434
57.0000 2.0586
58.0000 1.9750
59.0000 1.8367
60.0000 1.8821
61.0000 1.9391
62.0000 2.0408
63.0000 1.9005
64.0000 1.9099
65.0000 1.7099
66.0000 1.6727
67.0000 1.5794
68.0000 1.7707
69.0000 1.8857
70.0000 2.0584
71.0000 1.8643
72.0000 1.9617
73.0000 1.9681
74.0000 1.8300
75.0000 2.0259
76.0000 1.9159
77.0000 1.8698
78.0000 1.6990
79.0000 1.7869
80.0000 1.9117
81.0000 1.9007
82.0000 2.0531
83.0000 2.0584
84.0000 1.9169
85.0000 2.0368
86.0000 2.2362
87.0000 2.0843
88.0000 1.9513
89.0000 1.7515
90.0000 1.6053
91.0000 1.6137
92.0000 1.7009
93.0000 1.6935
94.0000 1.7811
95.0000 1.9078
96.0000 2.0762
97.0000 2.2290
98.0000 2.3072
99.0000 2.2118
100.0000 2.0664
101.0000 1.9372
102.0000 2.1352
103.0000 2.3268
104.0000 2.5236
105.0000 2.7094
106.0000 2.8922
107.0000 2.6944
108.0000 2.8930
109.0000 2.7690
110.0000 2.6148
111.0000 2.4598
112.0000 2.2628
113.0000 2.3398
114.0000 2.4646
115.0000 2.5556
116.0000 2.6517
117.0000 2.7453
118.0000 2.7710
119.0000 2.6089
120.0000 2.4217
121.0000 2.5963
122.0000 2.7932
123.0000 2.8179
124.0000 2.9684
125.0000 2.8806
126.0000 2.6891
127.0000 2.8798
128.0000 2.9618
129.0000 3.1362
130.0000 3.0443
131.0000 3.1944
132.0000 3.0338
133.0000 2.8485
134.0000 3.0430
135.0000 2.8430
136.0000 2.8603
137.0000 2.6680
138.0000 2.8599
139.0000 3.0184
140.0000 2.8645
141.0000 3.0073
142.0000 2.8106
143.0000 2.9332
144.0000 2.9063
145.0000 2.8284
146.0000 2.8371
147.0000 2.6866
148.0000 2.4909
149.0000 2.2914
150.0000 2.3100
151.0000 2.4645
