1.0000 2.9693
2.0000 2.8384
3.0000 2.8106
4.0000 3.0093
5.0000 3.0315
6.0000 2.9473
7.0000 2.9617
8.0000 3.1602
9.0000 3.2185
10.0000 3.2402
11.0000 3.3451
12.0000 3.3584
13.0000 3.2742
14.0000 3.1983
15.0000 3.1277
16.0000 3.3071
17.0000 3.1141
18.0000 2.9141
19.0000 2.7260
20.0000 2.6318
21.0000 2.4331
22.0000 2.2380
23.0000 2.4110
24.0000 2.5602
25.0000 2.4587
26.0000 2.6485
27.0000 2.4489
28.0000 2.3961
29.0000 2.4781
30.0000 2.2784
31.0000 2.1494
32.0000 1.9686
33.0000 1.8597
34.0000 1.9854
35.0000 1.7996
36.0000 1.9968
37.0000 2.1967
38.0000 2.0205
39.0000 1.9679
40.0000 2.1671
41.0000 2.3460
42.0000 2.1750
43.0000 2.3244
44.0000 2.1737
45.0000 2.0077
46.0000 2.1418
47.0000 2.0288
48.0000 2.0445
49.0000 2.2316
50.0000 2.3189
51.0000 2.1309
52.0000 2.0003
53.0000 1.8079
54.0000 1.6500
55.0000 1.6708
56.0000 1.8545
57.0000 1.8260
58.0000 1.8710
59.0000 2.0706
60.0000 1.9124
61.0000 1.7381
62.0000 1.7621
63.0000 1.9428
64.0000 1.8448
65.0000 1.6651
66.0000 1.6104
67.0000 1.5740
68.0000 1.6373
69.0000 1.8220
70.0000 1.6384
71.0000 1.5436
72.0000 1.7337
73.0000 1.5619
74.0000 1.6314
75.0000 1.5702
76.0000 1.5181
77.0000 1.4458
78.0000 1.5686
79.0000 1.3827
80.0000 1.5778
81.0000 1.6682
82.0000 1.6258
83.0000 1.5767
84.0000 1.4716
85.0000 1.5112
86.0000 1.5495
87.0000 1.3730
88.0000 1.2537
89.0000 1.2555
90.0000 1.1689
91.0000 1.3687
92.0000 1.4401
93.0000 1.3438
94.0000 1.2711
95.0000 1.1700
96.0000 1.3253
97.0000 1.2864
98.0000 1.4106
99.0000 1.4889
100.0000 1.5356
101.0000 1.6698
102.0000 1.4804
103.0000 1.6272
104.0000 1.8255
105.0000 1.8162
106.0000 1.9628
107.0000 1.9396
108.0000 2.1139
109.0000 2.2079
110.0000 2.0766
111.0000 2.1517
112.0000 1.9802
113.0000 2.1753
114.0000 2.3040
115.0000 2.2357
116.0000 2.0748
117.0000 1.9426
118.0000 1.9842
119.0000 2.0130
120.0000 1.9267
121.0000 2.1267
122.0000 2.2262
123.0000 2.3302
124.0000 2.3038
125.0000 2.2786
126.0000 2.1769
127.0000 2.3690
128.0000 2.3539
129.0000 2.3783
130.0000 2.1861
131.0000 2.2169
132.0000 2.3426
133.0000 3.4786
134.0000 2.5605
135.0000 2.4655
136.0000 2.4066
137.0000 2.3649
138.0000 2.3381
139.0000 2.4384
140.0000 2.2953
141.0000 2.2062
142.0000 2.3878
143.0000 2.5026
144.0000 2.4834
145.0000 2.3258
146.0000 2.5200
147.0000 2.3304
148.0000 2.3730
149.0000 2.2269
150.0000 2.2008
151.0000 2.3923
