1.0000 2.9672
2.0000 3.1321
3.0000 2.9410
4.0000 2.8908
5.0000 2.7938
6.0000 2.8245
7.0000 3.0101
8.0000 3.2063
9.0000 3.4052
10.0000 3.2884
11.0000 3.1547
12.0000 3.2596
13.0000 3.4375
14.0000 3.2403
15.0000 3.0767
16.0000 2.9682
17.0000 3.1388
18.0000 3.3388
19.0000 3.1403
20.0000 3.0089
21.0000 2.8157
22.0000 2.8746
23.0000 2.6764
24.0000 2.7719
25.0000 2.5732
26.0000 2.5144
27.0000 2.3806
28.0000 2.5322
29.0000 2.6944
30.0000 2.5666
31.0000 2.6945
32.0000 2.5784
33.0000 2.6181
34.0000 2.8180
35.0000 2.6581
36.0000 2.5810
37.0000 2.4188
38.0000 2.2794
39.0000 2.2949
40.0000 2.4614
41.0000 2.6407
42.0000 2.5233
43.0000 2.4789
44.0000 2.6380
45.0000 2.4386
46.0000 2.2501
47.0000 2.1033
48.0000 2.2892
49.0000 2.4405
50.0000 2.3712
51.0000 2.5254
52.0000 2.4916
53.0000 2.3920
54.0000 2.1925
55.0000 2.0937
56.0000 2.2925
57.0000 2.3485
58.0000 2.5200
59.0000 2.3688
60.0000 2.2187
61.0000 2.3491
62.0000 2.5003
63.0000 2.5732
64.0000 2.7504
65.0000 2.6265
66.0000 2.7084
67.0000 2.7422
68.0000 2.9275
69.0000 2.8351
70.0000 2.8045
71.0000 2.6912
72.0000 2.7697
73.0000 2.9396
74.0000 2.7550
75.0000 2.8114
76.0000 2.6115
77.0000 2.7923
78.0000 2.9737
79.0000 3.1687
80.0000 3.3668
81.0000 3.4799
82.0000 3.3052
83.0000 3.2605
84.0000 3.3677
85.0000 3.4103
86.0000 3.5497
87.0000 3.4410
88.0000 3.2429
89.0000 3.4389
90.0000 3.2636
91.0000 3.4631
92.0000 3.5739
93.0000 3.3778
94.0000 3.2015
95.0000 3.3841
96.0000 3.4247
97.0000 3.6242
98.0000 3.4323
99.0000 3.5673
100.0000 3.7287
101.0000 3.6206
102.0000 3.4989
103.0000 3.4930
104.0000 3.6880
105.0000 3.8735
106.0000 4.0065
107.0000 3.8377
108.0000 4.0235
109.0000 4.0914
110.0000 3.9458
111.0000 3.9363
112.0000 3.8696
113.0000 3.8069
114.0000 3.9963
115.0000 4.0545
116.0000 3.9488
117.0000 4.0210
118.0000 3.9521
119.0000 4.0330
120.0000 4.0493
121.0000 3.9174
122.0000 3.7210
123.0000 3.8973
124.0000 3.7260
125.0000 3.6875
126.0000 3.4943
127.0000 3.6846
128.0000 3.4882
129.0000 3.6568
130.0000 3.6548
131.0000 3.4548
132.0000 3.6548
133.0000 3.5141
134.0000 3.6836
135.0000 3.6769
136.0000 3.8321
137.0000 3.9407
138.0000 3.7823
139.0000 3.6751
140.0000 3.8209
141.0000 3.7647
142.0000 3.8590
143.0000 3.9323
144.0000 3.9237
145.0000 4.0473
146.0000 3.9396
147.0000 3.9041
148.0000 3.9723
149.0000 4.1723
150.0000 4.3583
151.0000 4.2270
