1.0000 3.3228
2.0000 3.2572
3.0000 3.4005
4.0000 3.5925
5.0000 3.3935
6.0000 3.5929
7.0000 3.4962
8.0000 3.5744
9.0000 3.5053
10.0000 3.4046
11.0000 3.2258
12.0000 3.0260
13.0000 3.2129
14.0000 3.0891
15.0000 3.0568
16.0000 2.8683
17.0000 2.9997
18.0000 2.9767
19.0000 2.7825
20.0000 2.8564
21.0000 2.6822
22.0000 2.8469
23.0000 2.6786
24.0000 2.7636
25.0000 2.5652
26.0000 2.6100
27.0000 2.4508
28.0000 2.3309
29.0000 2.1557
30.0000 2.2366
31.0000 2.0613
32.0000 2.2035
33.0000 2.0071
34.0000 2.1638
35.0000 2.2978
36.0000 2.1038
37.0000 2.1982
38.0000 2.0333
39.0000 2.0129
40.0000 1.8512
41.0000 2.0058
42.0000 2.1976
43.0000 2.0581
44.0000 2.1966
45.0000 2.1615
46.0000 2.3341
47.0000 2.5320
48.0000 2.4127
49.0000 2.6073
50.0000 2.7643
51.0000 2.6350
52.0000 2.7960
53.0000 2.6154
54.0000 2.4425
55.0000 2.6049
56.0000 2.6630
57.0000 2.7470
58.0000 2.5495
59.0000 2.6567
60.0000 2.7014
61.0000 2.6765
62.0000 2.4907
63.0000 2.2930
64.0000 2.3320
65.0000 2.3567
66.0000 2.1808
67.0000 2.0330
68.0000 2.1058
69.0000 2.0862
70.0000 2.2491
71.0000 2.0986
72.0000 1.9367
73.0000 2.1240
74.0000 2.2141
75.0000 2.0144
76.0000 1.9149
77.0000 2.0200
78.0000 1.9862
79.0000 2.1847
80.0000 2.3829
81.0000 2.4324
82.0000 2.6280
83.0000 2.6350
84.0000 2.7287
85.0000 2.7437
86.0000 2.8447
87.0000 3.0222
88.0000 2.8267
89.0000 2.6643
90.0000 2.5192
91.0000 2.3648
92.0000 2.4696
93.0000 2.3556
94.0000 2.3931
95.0000 2.4048
96.0000 2.5882
97.0000 2.7755
98.0000 2.8116
99.0000 2.8052
100.0000 2.6599
101.0000 2.8326
102.0000 2.8656
103.0000 2.8730
104.0000 2.7415
105.0000 2.5451
106.0000 2.6342
107.0000 2.5022
108.0000 2.3857
109.0000 2.5630
110.0000 2.4980
111.0000 2.4351
112.0000 2.6155
113.0000 2.7023
114.0000 2.9014
115.0000 2.8272
116.0000 3.0266
117.0000 2.9608
118.0000 2.7690
119.0000 2.7983
120.0000 2.6898
121.0000 2.8498
122.0000 2.6932
123.0000 2.7503
124.0000 2.7351
125.0000 2.6312
126.0000 2.5029
127.0000 2.4415
128.0000 2.5504
129.0000 2.6194
130.0000 2.6633
131.0000 2.8522
132.0000 2.6726
133.0000 2.8082
134.0000 2.6956
135.0000 2.6817
136.0000 2.5001
137.0000 2.6909
138.0000 2.4910
139.0000 2.3045
140.0000 2.1231
141.0000 2.2082
142.0000 2.1286
143.0000 2.0461
144.0000 1.8746
145.0000 1.6801
146.0000 1.4901
147.0000 1.3553
148.0000 1.2524
149.0000 1.3652
150.0000 1.2350
151.0000 1.0959
