1.0000 3.0804
2.0000 3.1704
3.0000 3.0004
4.0000 3.1494
5.0000 3.1454
6.0000 2.9935
7.0000 3.1813
8.0000 3.2828
9.0000 3.4092
10.0000 3.6006
11.0000 3.4125
12.0000 3.4700
13.0000 3.6006
14.0000 3.5673
15.0000 3.5731
16.0000 3.4635
17.0000 3.3421
18.0000 3.5403
19.0000 3.7291
20.0000 3.5739
21.0000 3.6450
22.0000 3.4457
23.0000 3.6079
24.0000 3.6074
25.0000 3.7970
26.0000 3.8538
27.0000 3.9771
28.0000 4.1518
29.0000 4.0380
30.0000 4.0332
31.0000 3.9076
32.0000 3.7110
33.0000 3.8890
34.0000 4.0877
35.0000 4.1412
36.0000 4.0208
37.0000 3.9672
38.0000 3.9958
39.0000 3.8235
40.0000 3.7717
41.0000 3.9591
42.0000 3.8730
43.0000 3.9136
44.0000 3.9888
45.0000 3.8835
46.0000 3.7474
47.0000 3.9447
48.0000 4.0582
49.0000 4.2199
50.0000 4.1035
51.0000 4.2785
52.0000 4.1882
53.0000 4.0513
54.0000 3.8838
55.0000 3.6952
56.0000 3.5470
57.0000 3.4591
58.0000 3.6191
59.0000 3.7486
60.0000 3.7634
61.0000 3.7143
62.0000 3.8979
63.0000 3.8848
64.0000 3.8230
65.0000 3.7449
66.0000 3.7116
67.0000 3.8216
68.0000 3.9677
69.0000 4.0321
70.0000 3.8392
71.0000 3.6522
72.0000 3.4648
73.0000 3.4201
74.0000 3.6114
75.0000 3.6223
76.0000 3.4297
77.0000 3.5995
78.0000 3.7992
79.0000 3.7375
80.0000 3.7758
81.0000 3.5786
82.0000 3.7761
83.0000 3.5824
84.0000 3.5334
85.0000 3.7164
86.0000 3.9135
87.0000 4.1091
88.0000 3.9506
89.0000 3.8977
90.0000 3.7607
91.0000 3.6141
92.0000 3.8139
93.0000 4.0133
94.0000 3.8133
95.0000 3.6133
96.0000 3.6515
97.0000 3.8484
98.0000 3.7978
99.0000 3.7038
100.0000 3.7852
101.0000 3.5915
102.0000 3.4303
103.0000 3.2385
104.0000 3.2852
105.0000 3.1577
106.0000 3.0501
107.0000 3.1435
108.0000 3.2586
109.0000 3.0698
110.0000 3.1708
111.0000 3.2175
112.0000 3.0892
113.0000 2.8893
114.0000 2.8841
115.0000 2.7256
116.0000 2.8588
117.0000 2.7782
118.0000 2.9649
119.0000 2.9969
120.0000 3.1359
121.0000 3.2771
122.0000 3.4531
123.0000 3.6512
124.0000 3.8512
125.0000 4.0425
126.0000 3.8855
127.0000 3.9312
128.0000 3.7454
129.0000 3.5698
130.0000 3.6405
131.0000 3.8364
132.0000 3.8635
133.0000 3.9668
134.0000 4.0744
135.0000 3.8768
136.0000 3.7100
137.0000 3.8588
138.0000 3.9174
139.0000 3.9562
140.0000 4.0053
141.0000 3.8248
142.0000 3.6644
143.0000 3.8598
144.0000 3.6598
145.0000 3.7125
146.0000 3.5971
147.0000 3.7632
148.0000 3.8562
149.0000 3.9897
150.0000 3.7903
151.0000 3.7923
