1.0000 3.0211
2.0000 3.0642
3.0000 2.9975
4.0000 2.8016
5.0000 2.8236
6.0000 2.9035
7.0000 2.8587
8.0000 2.9478
9.0000 2.9632
10.0000 3.1434
11.0000 2.9490
12.0000 3.0497
13.0000 3.2440
14.0000 3.0540
15.0000 3.0037
16.0000 2.8623
17.0000 2.8829
18.0000 3.0812
19.0000 2.9590
20.0000 2.8304
21.0000 2.8180
22.0000 2.8270
23.0000 2.6717
24.0000 2.8208
25.0000 2.8489
26.0000 2.7150
27.0000 2.8780
28.0000 2.9831
29.0000 2.8660
30.0000 2.6899
31.0000 2.6888
32.0000 2.8435
33.0000 3.0429
34.0000 3.0684
35.0000 3.2628
36.0000 3.4626
37.0000 3.6608
38.0000 3.8592
39.0000 3.8464
40.0000 4.0398
41.0000 3.8513
42.0000 3.7032
43.0000 3.8374
44.0000 3.7364
45.0000 3.9321
46.0000 3.8471
47.0000 3.7437
48.0000 3.5661
49.0000 3.6556
50.0000 3.7509
51.0000 3.5543
52.0000 3.4383
53.0000 3.2517
54.0000 3.0814
55.0000 3.2749
56.0000 3.2515
57.0000 3.1430
58.0000 3.2392
59.0000 3.0402
60.0000 3.2401
61.0000 3.1912
62.0000 3.3060
63.0000 3.4177
64.0000 3.2429
65.0000 3.1564
66.0000 3.1114
67.0000 3.1706
68.0000 3.2433
69.0000 3.3122
70.0000 3.4457
71.0000 3.4902
72.0000 3.5558
73.0000 3.5015
74.0000 3.6405
75.0000 3.4522
76.0000 3.2974
77.0000 3.4039
78.0000 3.3195
79.0000 3.2776
80.0000 3.3414
81.0000 3.4482
82.0000 3.3315
83.0000 3.5054
84.0000 3.6985
85.0000 3.8900
86.0000 3.8885
87.0000 4.0698
88.0000 3.9225
89.0000 3.7293
90.0000 3.7835
91.0000 3.6301
92.0000 3.8109
93.0000 3.7595
94.0000 3.8784
95.0000 3.7841
96.0000 3.7440
97.0000 3.5609
98.0000 3.7008
99.0000 3.5254
100.0000 3.6827
101.0000 3.4830
102.0000 3.2932
103.0000 3.0935
104.0000 3.2824
105.0000 3.4742
106.0000 3.2923
107.0000 3.3001
108.0000 3.2560
109.0000 3.3512
110.0000 3.5203
111.0000 3.3333
112.0000 3.1343
113.0000 2.9343
114.0000 2.7378
115.0000 2.5380
116.0000 2.3514
117.0000 2.5376
118.0000 2.3377
119.0000 2.5352
120.0000 2.3898
121.0000 2.4839
122.0000 2.5325
123.0000 2.7298
124.0000 2.9236
125.0000 3.0167
126.0000 2.9616
127.0000 3.0861
128.0000 3.0006
129.0000 3.1988
130.0000 3.3967
131.0000 3.2536
132.0000 3.4535
133.0000 3.6535
134.0000 3.6282
135.0000 3.5002
136.0000 3.6866
137.0000 3.6661
138.0000 3.5932
139.0000 3.4429
140.0000 3.5113
141.0000 3.3371
142.0000 3.2516
143.0000 3.1488
144.0000 3.1777
145.0000 3.0327
146.0000 3.1413
147.0000 3.2441
148.0000 3.4009
149.0000 3.5875
150.0000 3.3918
151.0000 3.4779
