1.0000 3.0192
2.0000 2.9434
3.0000 2.8842
4.0000 3.0735
5.0000 3.1436
6.0000 3.3390
7.0000 3.4739
8.0000 3.3595
9.0000 3.3887
10.0000 3.3916
11.0000 3.4142
12.0000 3.2364
13.0000 3.4208
14.0000 3.2246
15.0000 3.4183
16.0000 3.4221
17.0000 3.5302
18.0000 3.4402
19.0000 3.2446
20.0000 3.1451
21.0000 3.2991
22.0000 3.3917
23.0000 3.2512
24.0000 3.1902
25.0000 3.1289
26.0000 3.0389
27.0000 2.9925
28.0000 2.9969
29.0000 2.9766
30.0000 2.8814
31.0000 2.7148
32.0000 2.6549
33.0000 2.6297
34.0000 2.6669
35.0000 2.6527
36.0000 2.4542
37.0000 2.5070
38.0000 2.6018
39.0000 2.4152
40.0000 2.2602
41.0000 2.1185
42.0000 2.1535
43.0000 1.9922
44.0000 2.1750
45.0000 2.3668
46.0000 2.1684
47.0000 2.0202
48.0000 2.1514
49.0000 2.2608
50.0000 2.4318
51.0000 2.2685
52.0000 2.0862
53.0000 2.2861
54.0000 2.2885
55.0000 2.0924
56.0000 1.9319
57.0000 1.8287
58.0000 1.6318
59.0000 1.5952
60.0000 1.7313
61.0000 1.9310
62.0000 1.7913
63.0000 1.9549
64.0000 1.9873
65.0000 2.1756
66.0000 2.2950
67.0000 2.1189
68.0000 2.2703
69.0000 2.4569
70.0000 2.6482
71.0000 2.4493
72.0000 2.6097
73.0000 2.4105
74.0000 2.2314
75.0000 2.3251
76.0000 2.5223
77.0000 2.4074
78.0000 2.2260
79.0000 2.2571
80.0000 2.1396
81.0000 2.0852
82.0000 2.2258
83.0000 2.3654
84.0000 2.1855
85.0000 2.2392
86.0000 2.0651
87.0000 1.9661
88.0000 1.8151
89.0000 1.6392
90.0000 1.7136
91.0000 1.8611
92.0000 2.0447
93.0000 2.0381
94.0000 2.2082
95.0000 2.0780
96.0000 2.2773
97.0000 2.1200
98.0000 2.3174
99.0000 2.4709
100.0000 2.2911
101.0000 2.0956
102.0000 2.1238
103.0000 2.0214
104.0000 1.9065
105.0000 1.8338
106.0000 1.6483
107.0000 1.4837
108.0000 1.2877
109.0000 1.2218
110.0000 1.0509
111.0000 0.9860
112.0000 0.8347
113.0000 0.7368
114.0000 0.5431
115.0000 0.5644
116.0000 0.3649
117.0000 0.1980
118.0000 0.2709
119.0000 0.2421
120.0000 0.2695
121.0000 0.2831
122.0000 0.1813
123.0000 0.2972
124.0000 0.3628
125.0000 0.5558
126.0000 0.3616
127.0000 0.5496
128.0000 0.7491
129.0000 0.7806
130.0000 0.7853
131.0000 0.8554
132.0000 1.0419
133.0000 0.9419
134.0000 1.1419
135.0000 1.0855
136.0000 1.2272
137.0000 1.4217
138.0000 1.5545
139.0000 1.4647
140.0000 1.3935
141.0000 1.4504
142.0000 1.3207
143.0000 1.5123
144.0000 1.3466
145.0000 1.2092
146.0000 1.1070
147.0000 0.9729
148.0000 1.1713
149.0000 1.3207
150.0000 1.4549
151.0000 1.3216
