1.0000 3.3594
2.0000 3.4900
3.0000 3.3859
4.0000 3.3974
5.0000 3.5572
6.0000 3.5018
7.0000 3.3497
8.0000 3.5099
9.0000 3.5152
10.0000 3.6268
11.0000 3.5054
12.0000 3.4926
13.0000 3.4660
14.0000 3.6425
15.0000 3.7460
16.0000 3.6682
17.0000 3.6692
18.0000 3.8320
19.0000 3.6352
20.0000 3.4391
21.0000 3.4376
22.0000 3.6070
23.0000 3.4424
24.0000 3.2951
25.0000 3.4950
26.0000 3.6759
27.0000 3.6950
28.0000 3.5210
29.0000 3.6720
30.0000 3.8637
31.0000 3.6650
32.0000 3.8438
33.0000 3.8880
34.0000 3.6906
35.0000 3.8903
36.0000 3.7095
37.0000 3.6548
38.0000 3.6818
39.0000 3.4818
40.0000 3.6741
41.0000 3.7319
42.0000 3.6741
43.0000 3.5701
44.0000 3.3812
45.0000 3.5128
46.0000 3.5388
47.0000 3.4879
48.0000 3.6593
49.0000 3.4786
50.0000 3.5393
51.0000 3.4802
52.0000 3.6730
53.0000 3.4746
54.0000 3.4249
55.0000 3.5126
56.0000 3.6194
57.0000 3.5108
58.0000 3.3109
59.0000 3.2463
60.0000 3.3109
61.0000 3.4921
62.0000 3.6918
63.0000 3.8534
64.0000 3.9979
65.0000 3.9774
66.0000 4.0860
67.0000 4.2021
68.0000 4.0408
69.0000 3.8439
70.0000 3.6563
71.0000 3.8445
72.0000 3.6521
73.0000 3.5870
74.0000 3.7867
75.0000 3.9318
76.0000 4.0140
77.0000 3.8742
78.0000 4.0672
79.0000 4.2337
80.0000 4.2461
81.0000 4.0514
82.0000 3.8564
83.0000 4.0542
84.0000 3.8548
85.0000 4.0537
86.0000 4.2310
87.0000 4.1997
88.0000 3.9998
89.0000 3.8389
90.0000 3.9821
91.0000 3.9157
92.0000 4.1083
93.0000 4.0526
94.0000 3.8580
95.0000 3.6748
96.0000 3.8658
97.0000 3.7269
98.0000 3.5908
99.0000 3.7889
100.0000 3.8095
101.0000 3.9222
102.0000 3.7875
103.0000 3.9058
104.0000 3.7326
105.0000 3.7291
106.0000 3.8760
107.0000 4.0609
108.0000 3.9238
109.0000 3.9385
110.0000 3.7397
111.0000 3.8662
112.0000 3.7903
113.0000 3.9837
114.0000 3.8640
115.0000 3.9178
116.0000 3.8977
117.0000 3.7310
118.0000 3.8955
119.0000 4.0674
120.0000 4.1671
121.0000 4.0830
122.0000 4.2645
123.0000 4.0808
124.0000 4.0416
125.0000 4.1266
126.0000 4.3232
127.0000 4.3579
128.0000 4.2352
129.0000 4.1341
130.0000 4.2896
131.0000 4.0963
132.0000 4.2961
133.0000 4.2179
134.0000 4.0588
135.0000 4.2577
136.0000 4.1152
137.0000 4.1663
138.0000 4.1724
139.0000 4.1215
140.0000 4.2554
141.0000 4.1950
142.0000 4.0022
143.0000 4.2020
144.0000 4.0181
145.0000 3.8240
146.0000 3.6631
147.0000 3.6174
148.0000 3.8044
149.0000 3.8496
150.0000 3.8390
151.0000 3.9758
