1.0000 3.3579
2.0000 3.5312
3.0000 3.3367
4.0000 3.2004
5.0000 3.3935
6.0000 3.2158
7.0000 3.4154
8.0000 3.5732
9.0000 3.4818
10.0000 3.4894
11.0000 3.6802
12.0000 3.6866
13.0000 3.5251
14.0000 3.5694
15.0000 3.5629
16.0000 3.6032
17.0000 3.6218
18.0000 3.6845
19.0000 3.7569
20.0000 3.5923
21.0000 3.7816
22.0000 3.8264
23.0000 3.7354
24.0000 3.8240
25.0000 3.6765
26.0000 3.4799
27.0000 3.3390
28.0000 3.2676
29.0000 3.2957
30.0000 3.3172
31.0000 3.4115
32.0000 3.2184
33.0000 3.4135
34.0000 3.2387
35.0000 3.0605
36.0000 2.9745
37.0000 3.1627
38.0000 2.9731
39.0000 2.7767
40.0000 2.8979
41.0000 2.6981
42.0000 2.5170
43.0000 2.3281
44.0000 2.1934
45.0000 2.3754
46.0000 2.4899
47.0000 2.2914
48.0000 2.2484
49.0000 2.0492
50.0000 2.2435
51.0000 2.3823
52.0000 2.4723
53.0000 2.6629
54.0000 2.5710
55.0000 2.7486
56.0000 2.6278
57.0000 2.5992
58.0000 2.4752
59.0000 2.6730
60.0000 2.8628
61.0000 3.0617
62.0000 3.1441
63.0000 3.3359
64.0000 3.3494
65.0000 3.1504
66.0000 3.3459
67.0000 3.5361
68.0000 3.3651
69.0000 3.1929
70.0000 3.2211
71.0000 3.1042
72.0000 3.2282
73.0000 3.0791
74.0000 2.9048
75.0000 2.9617
76.0000 2.7911
77.0000 2.9303
78.0000 2.9387
79.0000 3.1198
80.0000 3.2145
81.0000 3.4135
82.0000 3.4087
83.0000 3.4757
84.0000 3.5814
85.0000 3.7635
86.0000 3.9618
87.0000 3.8143
88.0000 3.7761
89.0000 3.6554
90.0000 3.8553
91.0000 3.6987
92.0000 3.6867
93.0000 3.5822
94.0000 3.7732
95.0000 3.8501
96.0000 3.7005
97.0000 3.7644
98.0000 3.7531
99.0000 3.7150
100.0000 3.8401
101.0000 3.7981
102.0000 3.6856
103.0000 3.4881
104.0000 3.3886
105.0000 3.5133
106.0000 3.3135
107.0000 3.3661
108.0000 3.2412
109.0000 3.3503
110.0000 3.5465
111.0000 3.3646
112.0000 3.2258
113.0000 3.1329
114.0000 2.9492
115.0000 3.1472
116.0000 2.9481
117.0000 3.1030
118.0000 2.9231
119.0000 3.0763
120.0000 3.2759
121.0000 3.1236
122.0000 2.9857
123.0000 2.9083
124.0000 2.9789
125.0000 2.9991
126.0000 2.9786
127.0000 3.0470
128.0000 2.8665
129.0000 2.6905
130.0000 2.8757
131.0000 2.9230
132.0000 3.0558
133.0000 3.0675
134.0000 3.1657
135.0000 3.0086
136.0000 2.8663
137.0000 3.0557
138.0000 3.2416
139.0000 3.3973
140.0000 3.3028
141.0000 3.4892
142.0000 3.6887
143.0000 3.5989
144.0000 3.7770
145.0000 3.7535
146.0000 3.7653
147.0000 3.8028
148.0000 3.7233
149.0000 3.8859
150.0000 3.9143
151.0000 3.8754
