1.0000 3.2199
2.0000 3.0667
3.0000 2.8685
4.0000 2.7136
5.0000 2.8969
6.0000 2.8314
7.0000 2.8146
8.0000 2.8676
9.0000 2.8983
10.0000 3.0980
11.0000 3.2689
12.0000 3.3822
13.0000 3.2352
14.0000 3.0952
15.0000 2.9442
16.0000 2.9322
17.0000 3.0487
18.0000 3.2279
19.0000 3.3641
20.0000 3.1787
21.0000 3.3666
22.0000 3.2443
23.0000 3.3290
24.0000 3.4133
25.0000 3.4141
26.0000 3.3220
27.0000 3.4658
28.0000 3.3037
29.0000 3.4341
30.0000 3.6341
31.0000 3.5028
32.0000 3.3173
33.0000 3.1460
34.0000 3.0202
35.0000 2.8996
36.0000 3.0974
37.0000 3.2974
38.0000 3.3799
39.0000 3.3756
40.0000 3.4161
41.0000 3.2271
42.0000 3.4169
43.0000 3.6163
44.0000 3.4167
45.0000 3.4964
46.0000 3.6959
47.0000 3.7025
48.0000 3.7898
49.0000 3.7628
50.0000 3.8221
51.0000 3.6247
52.0000 3.8157
53.0000 3.6217
54.0000 3.4887
55.0000 3.2892
56.0000 3.3364
57.0000 3.5235
58.0000 3.3395
59.0000 3.4850
60.0000 3.3614
61.0000 3.1615
62.0000 3.0940
63.0000 3.0789
64.0000 3.2613
65.0000 3.3625
66.0000 3.5575
67.0000 3.4792
68.0000 3.6788
69.0000 3.8661
70.0000 3.7398
71.0000 3.6853
72.0000 3.8829
73.0000 3.7587
74.0000 3.7466
75.0000 3.5800
76.0000 3.4596
77.0000 3.3980
78.0000 3.3612
79.0000 3.2426
80.0000 3.3384
81.0000 3.3307
82.0000 3.2968
83.0000 3.2707
84.0000 3.4500
85.0000 3.6463
86.0000 3.6780
87.0000 3.5272
88.0000 3.6724
89.0000 3.6672
90.0000 3.6359
91.0000 3.5045
92.0000 3.4706
93.0000 3.3504
94.0000 3.2001
95.0000 3.2236
96.0000 3.0726
97.0000 3.2310
98.0000 3.0372
99.0000 2.9555
100.0000 2.8523
101.0000 2.8907
102.0000 2.7703
103.0000 2.9325
104.0000 3.0572
105.0000 3.1145
106.0000 3.1003
107.0000 3.0478
108.0000 2.9406
109.0000 3.1375
110.0000 3.0083
111.0000 2.8090
112.0000 2.7518
113.0000 2.8069
114.0000 2.8172
115.0000 2.8783
116.0000 2.7447
117.0000 2.7278
118.0000 2.9265
119.0000 2.9293
120.0000 2.7651
121.0000 2.6907
122.0000 2.5116
123.0000 2.5595
124.0000 2.4748
125.0000 2.2774
126.0000 2.4756
127.0000 2.2949
128.0000 2.4747
129.0000 2.4914
130.0000 2.2988
131.0000 2.2504
132.0000 2.2963
133.0000 2.4721
134.0000 2.3809
135.0000 2.5350
136.0000 2.6232
137.0000 2.8208
138.0000 2.9796
139.0000 3.1231
140.0000 3.2950
141.0000 3.4842
142.0000 3.4552
143.0000 3.2634
144.0000 3.4328
145.0000 3.6197
146.0000 3.7180
147.0000 3.8304
148.0000 3.7369
149.0000 3.9364
150.0000 4.0723
151.0000 4.2682
