1.0000 3.2735
2.0000 3.1731
3.0000 3.3570
4.0000 3.3452
5.0000 3.2861
6.0000 3.4647
7.0000 3.2748
8.0000 3.4485
9.0000 3.5062
10.0000 3.5694
11.0000 3.5411
12.0000 3.3470
13.0000 3.1529
14.0000 3.3346
15.0000 3.3745
16.0000 3.5018
17.0000 3.3105
18.0000 3.1106
19.0000 3.2768
20.0000 3.0832
21.0000 3.2466
22.0000 3.4061
23.0000 3.2686
24.0000 3.3501
25.0000 3.3688
26.0000 3.2774
27.0000 3.4296
28.0000 3.2768
29.0000 3.2697
30.0000 3.0710
31.0000 3.0519
32.0000 2.8665
33.0000 3.0659
34.0000 3.2635
35.0000 3.2382
36.0000 3.4171
37.0000 3.6147
38.0000 3.7498
39.0000 3.5524
40.0000 3.6322
41.0000 3.4416
42.0000 3.2521
43.0000 3.1067
44.0000 2.9378
45.0000 3.0762
46.0000 3.0242
47.0000 3.2001
48.0000 3.3301
49.0000 3.1778
50.0000 3.0616
51.0000 3.0432
52.0000 2.8435
53.0000 2.6533
54.0000 2.4539
55.0000 2.6109
56.0000 2.5410
57.0000 2.3514
58.0000 2.3907
59.0000 2.5907
60.0000 2.7441
61.0000 2.6554
62.0000 2.4577
63.0000 2.2972
64.0000 2.1063
65.0000 1.9253
66.0000 2.0986
67.0000 2.0516
68.0000 2.2503
69.0000 2.0606
70.0000 2.0177
71.0000 1.8715
72.0000 1.7688
73.0000 1.6346
74.0000 1.4711
75.0000 1.5525
76.0000 1.6553
77.0000 1.7630
78.0000 1.8667
79.0000 1.8662
80.0000 2.0197
81.0000 2.2170
82.0000 2.1828
83.0000 1.9888
84.0000 2.0111
85.0000 2.0089
86.0000 1.9380
87.0000 2.0097
88.0000 2.0874
89.0000 2.2849
90.0000 2.0851
91.0000 2.1424
92.0000 2.3201
93.0000 2.4058
94.0000 2.2255
95.0000 2.2835
96.0000 2.3877
97.0000 2.1981
98.0000 2.3335
99.0000 2.4551
100.0000 2.4325
101.0000 2.6194
102.0000 2.4248
103.0000 2.6172
104.0000 2.6636
105.0000 2.5932
106.0000 2.5537
107.0000 2.7245
108.0000 2.5533
109.0000 2.6969
110.0000 2.5550
111.0000 2.4595
112.0000 2.4811
113.0000 2.3328
114.0000 2.1908
115.0000 2.0408
116.0000 1.9564
117.0000 1.8309
118.0000 2.0304
119.0000 1.9539
120.0000 1.9626
121.0000 2.0287
122.0000 1.8622
123.0000 1.8183
124.0000 1.8059
125.0000 2.0040
126.0000 2.1949
127.0000 1.9987
128.0000 2.1225
129.0000 1.9948
130.0000 2.1776
131.0000 2.3461
132.0000 2.1851
133.0000 2.3489
134.0000 2.4239
135.0000 2.5979
136.0000 2.5292
137.0000 2.6840
138.0000 2.6632
139.0000 2.5360
140.0000 2.5795
141.0000 2.4146
142.0000 2.3907
143.0000 2.2059
144.0000 2.3304
145.0000 2.2623
146.0000 2.2238
147.0000 2.3904
148.0000 2.3945
149.0000 2.4014
150.0000 2.5827
151.0000 2.7373
