1.0000 3.1997
2.0000 3.2083
3.0000 3.1954
4.0000 3.0218
5.0000 3.2181
6.0000 3.1000
7.0000 2.9001
8.0000 2.7018
9.0000 2.8744
10.0000 2.6889
11.0000 2.6269
12.0000 2.7352
13.0000 2.6672
14.0000 2.8362
15.0000 2.7526
16.0000 2.8095
17.0000 2.9662
18.0000 3.0073
19.0000 3.1820
20.0000 3.2432
21.0000 3.2659
22.0000 3.0715
23.0000 3.2618
24.0000 3.4445
25.0000 3.6221
26.0000 3.7428
27.0000 3.5875
28.0000 3.5696
29.0000 3.4014
30.0000 3.2186
31.0000 3.0314
32.0000 3.1559
33.0000 3.3544
34.0000 3.2379
35.0000 3.0379
36.0000 2.8441
37.0000 2.9667
38.0000 2.8154
39.0000 2.9777
40.0000 3.0911
41.0000 3.2907
42.0000 3.3132
43.0000 3.1769
44.0000 3.2106
45.0000 3.1923
46.0000 3.1992
47.0000 3.0533
48.0000 2.9467
49.0000 2.8467
50.0000 2.6801
51.0000 2.6376
52.0000 2.7952
53.0000 2.9400
54.0000 3.0602
55.0000 3.1018
56.0000 3.1829
57.0000 3.3804
58.0000 3.1991
59.0000 3.2605
60.0000 3.3483
61.0000 3.5379
62.0000 3.5385
63.0000 3.5663
64.0000 3.3664
65.0000 3.1735
66.0000 3.1005
67.0000 3.1150
68.0000 2.9219
69.0000 2.7221
70.0000 2.6057
71.0000 2.5351
72.0000 2.4660
73.0000 2.6383
74.0000 2.6355
75.0000 2.8259
76.0000 2.7884
77.0000 2.5886
78.0000 2.5891
79.0000 2.4020
80.0000 2.5977
81.0000 2.5912
82.0000 2.7410
83.0000 2.5773
84.0000 2.3815
85.0000 2.2528
86.0000 2.0886
87.0000 2.1341
88.0000 2.0810
89.0000 1.8909
90.0000 1.9924
91.0000 1.9752
92.0000 2.1269
93.0000 2.0784
94.0000 2.0454
95.0000 1.8461
96.0000 1.7596
97.0000 1.8391
98.0000 1.8199
99.0000 1.9441
100.0000 1.9002
101.0000 1.9084
102.0000 1.7377
103.0000 1.7139
104.0000 1.6155
105.0000 1.6596
106.0000 1.5939
107.0000 1.7866
108.0000 1.8434
109.0000 2.0095
110.0000 1.9115
111.0000 1.7281
112.0000 1.5325
113.0000 1.7324
114.0000 1.8922
115.0000 2.0219
116.0000 1.8578
117.0000 1.8941
118.0000 1.8074
119.0000 1.7915
120.0000 1.5925
121.0000 1.5263
122.0000 1.6214
123.0000 1.8121
124.0000 1.8627
125.0000 2.0318
126.0000 1.9582
127.0000 1.8008
128.0000 1.6895
129.0000 1.5627
130.0000 1.5702
131.0000 1.5201
132.0000 1.6678
133.0000 1.8647
134.0000 2.0471
135.0000 1.9781
136.0000 2.0141
137.0000 1.8408
138.0000 1.8262
139.0000 1.9510
140.0000 2.1510
141.0000 1.9552
142.0000 1.8703
143.0000 1.8112
144.0000 1.6265
145.0000 1.8251
146.0000 1.9120
147.0000 1.7298
148.0000 1.8865
149.0000 1.8361
150.0000 1.9327
151.0000 1.9230
