1.0000 3.2802
2.0000 3.0956
3.0000 2.9779
4.0000 3.0205
5.0000 3.2204
6.0000 3.3182
7.0000 3.2972
8.0000 3.2207
9.0000 3.1501
10.0000 3.3347
11.0000 3.3756
12.0000 3.5192
13.0000 3.4858
14.0000 3.3311
15.0000 3.3274
16.0000 3.1282
17.0000 2.9506
18.0000 2.7516
19.0000 2.9515
20.0000 2.8970
21.0000 3.0941
22.0000 3.1380
23.0000 2.9430
24.0000 3.0146
25.0000 3.1075
26.0000 3.3051
27.0000 3.4838
28.0000 3.4707
29.0000 3.5303
30.0000 3.5874
31.0000 3.7870
32.0000 3.9865
33.0000 4.1860
34.0000 4.1872
35.0000 4.0178
36.0000 3.8198
37.0000 3.8253
38.0000 4.0177
39.0000 4.0136
40.0000 4.1856
41.0000 4.1384
42.0000 4.0784
43.0000 4.1698
44.0000 4.1247
45.0000 4.0387
46.0000 4.0274
47.0000 3.8697
48.0000 3.9730
49.0000 4.0614
50.0000 3.8888
51.0000 3.9814
52.0000 3.9973
53.0000 3.9750
54.0000 3.9574
55.0000 3.7711
56.0000 3.9496
57.0000 4.0520
58.0000 3.9896
59.0000 4.0871
60.0000 4.1624
61.0000 4.1074
62.0000 4.0737
63.0000 3.9412
64.0000 4.0810
65.0000 3.9558
66.0000 3.7962
67.0000 3.9834
68.0000 3.8088
69.0000 3.7751
70.0000 3.8979
71.0000 3.7607
72.0000 3.8958
73.0000 3.7050
74.0000 3.8481
75.0000 3.6983
76.0000 3.7709
77.0000 3.8199
78.0000 3.6743
79.0000 3.6075
80.0000 3.7371
81.0000 3.8360
82.0000 3.7154
83.0000 3.8711
84.0000 4.0596
85.0000 3.9355
86.0000 3.8229
87.0000 4.0167
88.0000 3.9026
89.0000 3.8288
90.0000 4.0003
91.0000 3.8032
92.0000 3.9884
93.0000 4.1332
94.0000 4.0609
95.0000 4.1002
96.0000 4.1679
97.0000 3.9679
98.0000 3.8172
99.0000 4.0123
100.0000 4.1701
101.0000 4.3127
102.0000 4.1156
103.0000 4.3148
104.0000 4.1840
105.0000 4.1383
106.0000 3.9790
107.0000 3.7907
108.0000 3.9906
109.0000 4.1871
110.0000 4.0225
111.0000 4.1731
112.0000 3.9846
113.0000 4.0944
114.0000 4.0319
115.0000 3.8699
116.0000 3.6711
117.0000 3.7271
118.0000 3.8038
119.0000 3.6614
120.0000 3.4843
121.0000 3.6095
122.0000 3.4841
123.0000 3.6814
124.0000 3.6314
125.0000 3.5446
126.0000 3.3963
127.0000 3.5684
128.0000 3.5498
129.0000 3.3888
130.0000 3.5835
131.0000 3.6057
132.0000 3.5958
133.0000 3.5380
134.0000 3.3390
135.0000 3.1607
136.0000 2.9812
137.0000 2.7929
138.0000 2.9353
139.0000 3.1330
140.0000 2.9830
141.0000 2.9154
142.0000 3.0866
143.0000 2.9043
144.0000 2.9406
145.0000 3.1082
146.0000 3.1283
147.0000 2.9297
148.0000 2.7297
149.0000 2.5331
150.0000 2.3567
151.0000 2.5253
