1.0000 3.1401
2.0000 3.2679
3.0000 3.3587
4.0000 3.4789
5.0000 3.6664
6.0000 3.6685
7.0000 3.5190
8.0000 3.3966
9.0000 3.2221
10.0000 3.0804
11.0000 3.1483
12.0000 3.2908
13.0000 3.3608
14.0000 3.2323
15.0000 3.1348
16.0000 3.0629
17.0000 3.2601
18.0000 3.3802
19.0000 3.2764
20.0000 3.2744
21.0000 3.4092
22.0000 3.4828
23.0000 3.6825
24.0000 3.8760
25.0000 3.7300
26.0000 3.9300
27.0000 3.9248
28.0000 3.7286
29.0000 3.8096
30.0000 3.9923
31.0000 4.0639
32.0000 3.8733
33.0000 3.7884
34.0000 3.8086
35.0000 3.6934
36.0000 3.8251
37.0000 3.9714
38.0000 4.1323
39.0000 4.2851
40.0000 4.1566
41.0000 4.2198
42.0000 4.1031
43.0000 4.1249
44.0000 4.1346
45.0000 3.9786
46.0000 3.7820
47.0000 3.9237
48.0000 3.7961
49.0000 3.6155
50.0000 3.7730
51.0000 3.6504
52.0000 3.5437
53.0000 3.7410
54.0000 3.6133
55.0000 3.7439
56.0000 3.6818
57.0000 3.6143
58.0000 3.4542
59.0000 3.6058
60.0000 3.5140
61.0000 3.6824
62.0000 3.8822
63.0000 3.9052
64.0000 4.1042
65.0000 4.2826
66.0000 4.1936
67.0000 4.1788
68.0000 4.2868
69.0000 4.2238
70.0000 4.1081
71.0000 4.1177
72.0000 3.9245
73.0000 3.8298
74.0000 3.7489
75.0000 3.8020
76.0000 3.6872
77.0000 3.6726
78.0000 3.8382
79.0000 3.7105
80.0000 3.6236
81.0000 3.4416
82.0000 3.2806
83.0000 3.4506
84.0000 3.4180
85.0000 3.4772
86.0000 3.6677
87.0000 3.8165
88.0000 4.0136
89.0000 4.1851
90.0000 4.1991
91.0000 4.0021
92.0000 4.1800
93.0000 4.2378
94.0000 4.2095
95.0000 4.3367
96.0000 4.3514
97.0000 4.1666
98.0000 4.0544
99.0000 3.8959
100.0000 3.7388
101.0000 3.5586
102.0000 3.7035
103.0000 3.6123
104.0000 3.5059
105.0000 3.3221
106.0000 3.2129
107.0000 3.3962
108.0000 3.4208
109.0000 3.2208
110.0000 3.0210
111.0000 2.8398
112.0000 2.6444
113.0000 2.7958
114.0000 2.9194
115.0000 2.7884
116.0000 2.6448
117.0000 2.6289
118.0000 2.6202
119.0000 2.4467
120.0000 2.6109
121.0000 2.7988
122.0000 2.6073
123.0000 2.4449
124.0000 2.5958
125.0000 2.6804
126.0000 2.6538
127.0000 2.8523
128.0000 3.0387
129.0000 2.9443
130.0000 2.8598
131.0000 2.8000
132.0000 2.8554
133.0000 3.0123
134.0000 3.1121
135.0000 2.9618
136.0000 2.7781
137.0000 2.6211
138.0000 2.7544
139.0000 2.6458
140.0000 2.5577
141.0000 2.3954
142.0000 2.2415
143.0000 2.0980
144.0000 1.8998
145.0000 2.0773
146.0000 1.9991
147.0000 1.8260
148.0000 1.8018
149.0000 1.8338
150.0000 1.6338
151.0000 1.8146
