1.0000 3.3511
2.0000 3.2456
3.0000 3.3381
4.0000 3.4352
5.0000 3.2414
6.0000 3.1150
7.0000 2.9848
8.0000 3.1687
9.0000 3.3195
10.0000 3.5195
11.0000 3.6640
12.0000 3.5949
13.0000 3.4410
14.0000 3.5390
15.0000 3.4033
16.0000 3.2366
17.0000 3.1566
18.0000 3.1229
19.0000 3.2652
20.0000 3.4575
21.0000 3.3190
22.0000 3.3941
23.0000 3.4484
24.0000 3.3889
25.0000 3.2929
26.0000 3.4697
27.0000 3.6264
28.0000 3.5148
29.0000 3.4450
30.0000 3.5479
31.0000 3.3726
32.0000 3.2634
33.0000 3.3238
34.0000 3.2631
35.0000 3.3681
36.0000 3.4857
37.0000 3.3555
38.0000 3.2167
39.0000 3.0168
40.0000 3.0037
41.0000 2.8895
42.0000 2.8188
43.0000 2.8057
44.0000 2.9297
45.0000 2.9872
46.0000 2.9772
47.0000 2.8656
48.0000 3.0461
49.0000 2.8608
50.0000 2.7079
51.0000 2.8939
52.0000 2.8002
53.0000 2.7807
54.0000 2.5937
55.0000 2.7003
56.0000 2.5359
57.0000 2.3873
58.0000 2.2194
59.0000 2.0593
60.0000 2.1092
61.0000 2.1253
62.0000 2.2057
63.0000 2.3944
64.0000 2.4208
65.0000 2.2731
66.0000 2.1023
67.0000 2.0501
68.0000 2.2341
69.0000 2.1655
70.0000 2.0398
71.0000 2.1786
72.0000 2.2141
73.0000 2.0390
74.0000 2.0433
75.0000 2.0423
76.0000 2.1931
77.0000 2.3712
78.0000 2.2071
79.0000 2.3814
80.0000 2.5403
81.0000 2.4070
82.0000 2.4902
83.0000 2.4182
84.0000 2.4619
85.0000 2.6531
86.0000 2.4542
87.0000 2.2764
88.0000 2.4496
89.0000 2.4403
90.0000 2.5089
91.0000 2.6129
92.0000 2.7419
93.0000 2.9413
94.0000 3.0627
95.0000 3.1098
96.0000 3.0076
97.0000 3.2021
98.0000 3.0118
99.0000 3.1186
100.0000 3.3151
101.0000 3.3997
102.0000 3.5204
103.0000 3.3346
104.0000 3.1445
105.0000 3.3194
106.0000 3.2197
107.0000 3.3310
108.0000 3.1319
109.0000 3.1670
110.0000 3.1167
111.0000 3.2920
112.0000 3.3684
113.0000 3.4352
114.0000 3.6102
115.0000 3.4324
116.0000 3.3299
117.0000 3.1882
118.0000 3.0872
119.0000 2.8901
120.0000 2.8125
121.0000 2.8599
122.0000 2.8928
123.0000 2.7001
124.0000 2.7100
125.0000 2.5124
126.0000 2.7119
127.0000 2.8259
128.0000 3.0189
129.0000 3.2066
130.0000 3.3294
131.0000 3.1918
132.0000 3.0625
133.0000 3.2072
134.0000 3.3073
135.0000 3.3166
136.0000 3.3885
137.0000 3.2125
138.0000 3.0129
139.0000 3.1823
140.0000 3.2280
141.0000 3.2696
142.0000 3.0718
143.0000 3.2008
144.0000 3.1279
145.0000 2.9512
146.0000 3.0216
147.0000 3.1531
148.0000 3.3204
149.0000 3.4099
150.0000 3.4646
151.0000 3.3351
