1.0000 3.0597
2.0000 3.0254
3.0000 2.9216
4.0000 3.0099
5.0000 2.9663
6.0000 2.9693
7.0000 2.7693
8.0000 2.9053
9.0000 2.7054
10.0000 2.8145
11.0000 2.6692
12.0000 2.8381
13.0000 3.0360
14.0000 3.1960
15.0000 3.0061
16.0000 2.8420
17.0000 2.9130
18.0000 2.7936
19.0000 2.7535
20.0000 2.5759
21.0000 2.5753
22.0000 2.3919
23.0000 2.3298
24.0000 2.5036
25.0000 2.4053
26.0000 2.2797
27.0000 2.2345
28.0000 2.2286
29.0000 2.4259
30.0000 2.5635
31.0000 2.4178
32.0000 2.3929
33.0000 2.2589
34.0000 2.1319
35.0000 2.3307
36.0000 2.5172
37.0000 2.6719
38.0000 2.6162
39.0000 2.6904
40.0000 2.6120
41.0000 2.6560
42.0000 2.5089
43.0000 2.5511
44.0000 2.6394
45.0000 2.4806
46.0000 2.6122
47.0000 2.4234
48.0000 2.6166
49.0000 2.7045
50.0000 2.5680
51.0000 2.3696
52.0000 2.5324
53.0000 2.7177
54.0000 2.6518
55.0000 2.6889
56.0000 2.6760
57.0000 2.7267
58.0000 2.6331
59.0000 2.4693
60.0000 2.2693
61.0000 2.3260
62.0000 2.3170
63.0000 2.2114
64.0000 2.1051
65.0000 2.2277
66.0000 2.0606
67.0000 2.1621
68.0000 2.3615
69.0000 2.2129
70.0000 2.3960
71.0000 2.2435
72.0000 2.3494
73.0000 2.3150
74.0000 2.3601
75.0000 2.5601
76.0000 2.3989
77.0000 2.3423
78.0000 2.5376
79.0000 2.5872
80.0000 2.5453
81.0000 2.5105
82.0000 2.3616
83.0000 2.4018
84.0000 2.2201
85.0000 2.3155
86.0000 2.2141
87.0000 2.2146
88.0000 2.0754
89.0000 2.2056
90.0000 2.0393
91.0000 2.1694
92.0000 1.9998
93.0000 2.1198
94.0000 2.1677
95.0000 2.2864
96.0000 2.2674
97.0000 2.0885
98.0000 2.1066
99.0000 2.0355
100.0000 1.9134
101.0000 1.9769
102.0000 2.1734
103.0000 2.1182
104.0000 2.0862
105.0000 2.1008
106.0000 2.0815
107.0000 1.9537
108.0000 1.8892
109.0000 1.8169
110.0000 1.7936
111.0000 1.6962
112.0000 1.8401
113.0000 1.8706
114.0000 1.8800
115.0000 1.7008
116.0000 1.7315
117.0000 1.9240
118.0000 2.1127
119.0000 2.3110
120.0000 2.2303
121.0000 2.0306
122.0000 1.9987
123.0000 2.1983
124.0000 2.2466
125.0000 2.3892
126.0000 2.2561
127.0000 2.4457
128.0000 2.4237
129.0000 2.3204
130.0000 2.1449
131.0000 2.3447
132.0000 2.4107
133.0000 2.2852
134.0000 2.3287
135.0000 2.4851
136.0000 2.3389
137.0000 2.5292
138.0000 2.4278
139.0000 2.4140
140.0000 2.3292
141.0000 2.3814
142.0000 2.5695
143.0000 2.3707
144.0000 2.2590
145.0000 2.1751
146.0000 2.1489
147.0000 2.0038
148.0000 2.1405
149.0000 2.3344
150.0000 2.2031
151.0000 2.3956
