1.0000 3.0947
2.0000 2.8957
3.0000 2.9209
4.0000 2.8791
5.0000 2.7243
6.0000 2.9161
7.0000 2.9465
8.0000 2.8581
9.0000 3.0229
10.0000 2.9094
11.0000 2.7789
12.0000 2.9647
13.0000 2.7808
14.0000 2.6350
15.0000 2.8322
16.0000 3.0202
17.0000 2.8250
18.0000 3.0084
19.0000 2.9092
20.0000 3.0105
21.0000 2.8278
22.0000 3.0275
23.0000 3.1173
24.0000 3.0512
25.0000 2.8702
26.0000 3.0702
27.0000 3.1852
28.0000 3.2708
29.0000 3.3949
30.0000 3.3012
31.0000 3.1109
32.0000 3.0622
33.0000 3.2322
34.0000 3.3547
35.0000 3.4729
36.0000 3.4558
37.0000 3.5756
38.0000 3.5118
39.0000 3.5359
40.0000 3.6095
41.0000 3.5553
42.0000 3.6410
43.0000 3.4416
44.0000 3.5944
45.0000 3.6223
46.0000 3.5310
47.0000 3.5281
48.0000 3.5277
49.0000 3.7104
50.0000 3.6850
51.0000 3.8823
52.0000 3.8627
53.0000 3.7803
54.0000 3.6658
55.0000 3.4883
56.0000 3.3794
57.0000 3.3483
58.0000 3.1724
59.0000 3.1783
60.0000 3.1152
61.0000 3.3149
62.0000 3.2001
63.0000 3.3987
64.0000 3.5049
65.0000 3.3983
66.0000 3.2832
67.0000 3.1064
68.0000 3.2947
69.0000 3.4595
70.0000 3.5781
71.0000 3.3880
72.0000 3.5721
73.0000 3.4865
74.0000 3.6768
75.0000 3.5383
76.0000 3.7379
77.0000 3.8201
78.0000 3.6510
79.0000 3.4693
80.0000 3.4760
81.0000 3.6472
82.0000 3.4634
83.0000 3.5783
84.0000 3.4356
85.0000 3.4099
86.0000 3.4387
87.0000 3.2429
88.0000 3.3635
89.0000 3.5347
90.0000 3.4528
91.0000 3.3122
92.0000 3.4776
93.0000 3.4660
94.0000 3.5976
95.0000 3.4486
96.0000 3.6281
97.0000 3.4546
98.0000 3.6173
99.0000 3.8089
100.0000 3.9989
101.0000 3.9685
102.0000 4.0412
103.0000 3.8417
104.0000 3.7362
105.0000 3.5381
106.0000 3.6802
107.0000 3.7762
108.0000 3.6984
109.0000 3.8724
110.0000 3.8490
111.0000 3.7641
112.0000 3.6465
113.0000 3.4470
114.0000 3.4378
115.0000 3.6371
116.0000 3.4396
117.0000 3.2500
118.0000 3.3675
119.0000 3.3615
120.0000 3.1616
121.0000 2.9967
122.0000 3.0580
123.0000 2.8727
124.0000 2.7325
125.0000 2.8957
126.0000 2.7051
127.0000 2.5808
128.0000 2.4993
129.0000 2.3901
130.0000 2.5736
131.0000 2.7566
132.0000 2.6888
133.0000 2.8626
134.0000 2.9013
135.0000 3.0928
136.0000 2.9052
137.0000 2.8328
138.0000 3.0227
139.0000 2.8298
140.0000 2.8522
141.0000 2.6823
142.0000 2.7722
143.0000 2.6353
144.0000 2.7705
145.0000 2.8767
146.0000 2.8121
147.0000 2.9361
148.0000 2.9341
149.0000 2.8793
150.0000 2.6798
151.0000 2.5566
