1.0000 3.2375
2.0000 3.0655
3.0000 3.1136
4.0000 3.2771
5.0000 3.3313
6.0000 3.2017
7.0000 3.0837
8.0000 3.2466
9.0000 3.1435
10.0000 3.2714
11.0000 3.3951
12.0000 3.1985
13.0000 3.1489
14.0000 2.9655
15.0000 2.7904
16.0000 2.8212
17.0000 2.6551
18.0000 2.4956
19.0000 2.5822
20.0000 2.7014
21.0000 2.6430
22.0000 2.5145
23.0000 2.7012
24.0000 2.5178
25.0000 2.5979
26.0000 2.6391
27.0000 2.5633
28.0000 2.4060
29.0000 2.2075
30.0000 2.1948
31.0000 2.3033
32.0000 2.4863
33.0000 2.6862
34.0000 2.7311
35.0000 2.8496
36.0000 2.6500
37.0000 2.4618
38.0000 2.6336
39.0000 2.6111
40.0000 2.4165
41.0000 2.5235
42.0000 2.5027
43.0000 2.6668
44.0000 2.4797
45.0000 2.3304
46.0000 2.1320
47.0000 2.0858
48.0000 2.2801
49.0000 2.0819
50.0000 1.9296
51.0000 2.0634
52.0000 2.2257
53.0000 2.0742
54.0000 1.9788
55.0000 1.7942
56.0000 1.9543
57.0000 2.1474
58.0000 2.0289
59.0000 2.1800
60.0000 2.3786
61.0000 2.4264
62.0000 2.5873
63.0000 2.4129
64.0000 2.2308
65.0000 2.4121
66.0000 2.5683
67.0000 2.6637
68.0000 2.4755
69.0000 2.6678
70.0000 2.5340
71.0000 2.4941
72.0000 2.3076
73.0000 2.4677
74.0000 2.6613
75.0000 2.8591
76.0000 2.6733
77.0000 2.7309
78.0000 2.5398
79.0000 2.5738
80.0000 2.3843
81.0000 2.4988
82.0000 2.4524
83.0000 2.2917
84.0000 2.0948
85.0000 1.9346
86.0000 1.9053
87.0000 1.7190
88.0000 1.8795
89.0000 1.8072
90.0000 1.8948
91.0000 1.8827
92.0000 2.0805
93.0000 2.1944
94.0000 2.3891
95.0000 2.5021
96.0000 2.3676
97.0000 2.3802
98.0000 2.3419
99.0000 2.4150
100.0000 2.2597
101.0000 2.3755
102.0000 2.2103
103.0000 2.0605
104.0000 2.0883
105.0000 2.2227
106.0000 2.3723
107.0000 2.2329
108.0000 2.4326
109.0000 2.5457
110.0000 2.7057
111.0000 2.5804
112.0000 2.5610
113.0000 2.5785
114.0000 2.6521
115.0000 2.7725
116.0000 2.7174
117.0000 2.8474
118.0000 2.6763
119.0000 2.8574
120.0000 3.0525
121.0000 3.0567
122.0000 3.0929
123.0000 2.9432
124.0000 3.0825
125.0000 3.2740
126.0000 3.3582
127.0000 3.1886
128.0000 3.1062
129.0000 2.9063
130.0000 2.8714
131.0000 2.9897
132.0000 2.8487
133.0000 3.0066
134.0000 2.9186
135.0000 2.7350
136.0000 2.8416
137.0000 2.7258
138.0000 2.7515
139.0000 2.5533
140.0000 2.6153
141.0000 2.4334
142.0000 2.2931
143.0000 2.2204
144.0000 2.1640
145.0000 2.1772
146.0000 2.1919
147.0000 2.0680
148.0000 1.9876
149.0000 2.1872
150.0000 1.9920
151.0000 1.9377
