1.0000 3.3610
2.0000 3.5066
3.0000 3.6011
4.0000 3.5665
5.0000 3.3712
6.0000 3.4374
7.0000 3.5288
8.0000 3.3552
9.0000 3.5017
10.0000 3.3136
11.0000 3.4172
12.0000 3.2227
13.0000 3.4072
14.0000 3.3079
15.0000 3.1902
16.0000 3.0125
17.0000 2.9116
18.0000 2.9611
19.0000 3.1519
20.0000 3.3226
21.0000 3.3781
22.0000 3.2163
23.0000 3.0276
24.0000 2.8807
25.0000 3.0602
26.0000 2.8698
27.0000 2.8606
28.0000 2.7172
29.0000 2.6747
30.0000 2.8241
31.0000 2.9564
32.0000 3.1495
33.0000 3.0383
34.0000 3.2196
35.0000 3.3855
36.0000 3.3488
37.0000 3.1488
38.0000 3.3300
39.0000 3.1324
40.0000 3.3124
41.0000 3.1709
42.0000 3.3487
43.0000 3.2061
44.0000 3.0129
45.0000 3.1590
46.0000 3.3125
47.0000 3.2922
48.0000 3.2783
49.0000 3.2085
50.0000 3.0089
51.0000 2.8123
52.0000 2.7412
53.0000 2.8342
54.0000 2.7078
55.0000 2.8752
56.0000 2.7825
57.0000 2.8678
58.0000 2.8146
59.0000 2.7795
60.0000 2.9315
61.0000 3.0624
62.0000 3.0847
63.0000 2.9135
64.0000 2.8212
65.0000 2.6395
66.0000 2.7667
67.0000 2.8587
68.0000 2.6781
69.0000 2.6279
70.0000 2.4386
71.0000 2.3988
72.0000 2.3313
73.0000 2.3846
74.0000 2.3790
75.0000 2.3694
76.0000 2.2052
77.0000 2.1014
78.0000 2.1489
79.0000 2.0119
80.0000 2.1348
81.0000 1.9354
82.0000 2.1351
83.0000 2.3236
84.0000 2.4313
85.0000 2.3439
86.0000 2.4884
87.0000 2.4399
88.0000 2.3211
89.0000 2.5160
90.0000 2.6151
91.0000 2.4803
92.0000 2.6372
93.0000 2.7007
94.0000 2.8464
95.0000 3.0423
96.0000 2.9314
97.0000 2.8518
98.0000 3.0455
99.0000 2.9488
100.0000 2.9078
101.0000 2.8810
102.0000 2.6876
103.0000 2.4880
104.0000 2.3473
105.0000 2.2058
106.0000 2.1941
107.0000 2.0393
108.0000 1.8393
109.0000 1.6614
110.0000 1.8057
111.0000 1.7497
112.0000 1.6439
113.0000 1.5993
114.0000 1.7826
115.0000 1.9826
116.0000 2.1615
117.0000 2.3141
118.0000 2.3820
119.0000 2.2287
120.0000 2.4078
121.0000 2.5588
122.0000 2.6781
123.0000 2.7828
124.0000 2.7051
125.0000 2.5244
126.0000 2.3251
127.0000 2.2917
128.0000 2.1605
129.0000 2.2049
130.0000 2.1179
131.0000 2.3170
132.0000 2.2354
133.0000 2.1637
134.0000 2.0762
135.0000 1.9599
136.0000 1.8859
137.0000 2.0052
138.0000 1.8243
139.0000 2.0142
140.0000 2.0749
141.0000 1.8770
142.0000 1.6977
143.0000 1.5706
144.0000 1.7131
145.0000 1.5268
146.0000 1.4342
147.0000 1.5803
148.0000 1.3961
149.0000 1.5904
150.0000 1.6884
151.0000 1.8663
