1.0000 2.9778
2.0000 2.8027
3.0000 2.6983
4.0000 2.8964
5.0000 3.0884
6.0000 3.2610
7.0000 3.4608
8.0000 3.2717
9.0000 3.0717
10.0000 2.9007
11.0000 2.9114
12.0000 2.8274
13.0000 3.0245
14.0000 2.8304
15.0000 2.6321
16.0000 2.4435
17.0000 2.5214
18.0000 2.3242
19.0000 2.3648
20.0000 2.2657
21.0000 2.2180
22.0000 2.3628
23.0000 2.4550
24.0000 2.4739
25.0000 2.6671
26.0000 2.6097
27.0000 2.4544
28.0000 2.4919
29.0000 2.5390
30.0000 2.3402
31.0000 2.2950
32.0000 2.3798
33.0000 2.4446
34.0000 2.3520
35.0000 2.2467
36.0000 2.0713
37.0000 2.0634
38.0000 1.8653
39.0000 1.6784
40.0000 1.8269
41.0000 1.8841
42.0000 1.6845
43.0000 1.4850
44.0000 1.4043
45.0000 1.3717
46.0000 1.4967
47.0000 1.6260
48.0000 1.8185
49.0000 1.9994
50.0000 1.8241
51.0000 2.0100
52.0000 2.0793
53.0000 2.2609
54.0000 2.1349
55.0000 2.0828
56.0000 1.9793
57.0000 2.1680
58.0000 1.9724
59.0000 1.9307
60.0000 1.9393
61.0000 2.0665
62.0000 1.9046
63.0000 1.8631
64.0000 1.7263
65.0000 1.7517
66.0000 1.9497
67.0000 1.9807
68.0000 2.0778
69.0000 1.9484
70.0000 2.0734
71.0000 2.2410
72.0000 2.2310
73.0000 2.0488
74.0000 2.2414
75.0000 2.4357
76.0000 2.2367
77.0000 2.1309
78.0000 2.1534
79.0000 2.2041
80.0000 2.0798
81.0000 2.2419
82.0000 2.0575
83.0000 2.1286
84.0000 2.0621
85.0000 1.9095
86.0000 1.7153
87.0000 1.9153
88.0000 1.8962
89.0000 1.9149
90.0000 2.0917
91.0000 2.0005
92.0000 1.8108
93.0000 2.0103
94.0000 2.1990
95.0000 2.1625
96.0000 2.3619
97.0000 2.2921
98.0000 2.0961
99.0000 2.1473
100.0000 1.9972
101.0000 2.1313
102.0000 2.2905
103.0000 2.0908
104.0000 2.1618
105.0000 2.1945
106.0000 2.2025
107.0000 2.1676
108.0000 1.9732
109.0000 1.7739
110.0000 1.7591
111.0000 1.8560
112.0000 1.7372
113.0000 1.7816
114.0000 1.6852
115.0000 1.4959
116.0000 1.4353
117.0000 1.6348
118.0000 1.7566
119.0000 1.8021
120.0000 1.6035
121.0000 1.7829
122.0000 1.9651
123.0000 1.9341
124.0000 1.7972
125.0000 1.7876
126.0000 1.6077
127.0000 1.4799
128.0000 1.5327
129.0000 1.7144
130.0000 1.7918
131.0000 1.9884
132.0000 1.7893
133.0000 1.7165
134.0000 1.5256
135.0000 1.6721
136.0000 1.5141
137.0000 1.5493
138.0000 1.6191
139.0000 1.4899
140.0000 1.4861
141.0000 1.6797
142.0000 1.4798
143.0000 1.6797
144.0000 1.5507
145.0000 1.6149
146.0000 1.7598
147.0000 1.5892
148.0000 1.7611
149.0000 1.8048
150.0000 1.7876
151.0000 1.5986
