1.0000 2.9896
2.0000 3.1630
3.0000 3.2918
4.0000 3.4825
5.0000 3.5719
6.0000 3.4471
7.0000 3.3907
8.0000 3.2112
9.0000 3.2535
10.0000 3.0679
11.0000 2.9807
12.0000 2.7858
13.0000 2.6216
14.0000 2.6222
15.0000 2.5438
16.0000 2.7438
17.0000 2.9068
18.0000 3.0342
19.0000 3.1454
20.0000 2.9833
21.0000 3.1833
22.0000 2.9858
23.0000 2.8155
24.0000 2.6885
25.0000 2.6566
26.0000 2.7187
27.0000 2.7291
28.0000 2.5343
29.0000 2.6512
30.0000 2.4930
31.0000 2.4559
32.0000 2.6057
33.0000 2.8046
34.0000 2.9015
35.0000 2.7277
36.0000 2.9257
37.0000 2.7430
38.0000 2.7403
39.0000 2.5476
40.0000 2.4327
41.0000 2.4996
42.0000 2.3816
43.0000 2.4431
44.0000 2.2689
45.0000 2.4687
46.0000 2.3070
47.0000 2.2795
48.0000 2.4717
49.0000 2.4946
50.0000 2.5245
51.0000 2.5986
52.0000 2.4055
53.0000 2.4267
54.0000 2.6179
55.0000 2.7145
56.0000 2.6584
57.0000 2.5728
58.0000 2.7368
59.0000 2.6698
60.0000 2.4779
61.0000 2.5633
62.0000 2.6382
63.0000 2.7043
64.0000 2.5047
65.0000 2.3128
66.0000 2.3698
67.0000 2.3076
68.0000 2.1881
69.0000 2.2950
70.0000 2.4195
71.0000 2.2254
72.0000 2.1148
73.0000 2.2267
74.0000 2.0581
75.0000 2.0539
76.0000 1.8541
77.0000 1.6647
78.0000 1.7222
79.0000 1.8840
80.0000 1.8932
81.0000 1.9152
82.0000 2.0328
83.0000 2.2327
84.0000 2.1449
85.0000 2.0517
86.0000 1.9902
87.0000 2.1472
88.0000 2.1073
89.0000 1.9221
90.0000 1.7488
91.0000 1.9483
92.0000 1.7508
93.0000 1.9361
94.0000 1.8711
95.0000 1.9987
96.0000 2.1980
97.0000 2.0026
98.0000 1.9163
99.0000 1.7374
100.0000 1.9176
101.0000 2.0131
102.0000 2.1293
103.0000 1.9349
104.0000 1.8508
105.0000 1.8283
106.0000 1.7285
107.0000 1.5409
108.0000 1.4920
109.0000 1.5945
110.0000 1.7945
111.0000 1.9940
112.0000 1.8374
113.0000 1.6899
114.0000 1.4920
115.0000 1.4414
116.0000 1.4155
117.0000 1.2993
118.0000 1.1225
119.0000 1.2170
120.0000 1.0912
121.0000 0.9307
122.0000 1.0253
123.0000 1.0252
124.0000 0.8293
125.0000 1.0110
126.0000 1.1929
127.0000 1.0820
128.0000 1.1795
129.0000 1.3332
130.0000 1.2578
131.0000 1.1027
132.0000 0.9086
133.0000 0.7167
134.0000 0.6270
135.0000 0.5021
136.0000 0.4391
137.0000 0.6264
138.0000 0.4298
139.0000 0.5257
140.0000 0.4447
141.0000 0.5934
142.0000 0.5502
143.0000 0.5603
144.0000 0.5714
145.0000 0.7168
146.0000 0.8033
147.0000 1.0028
148.0000 1.1749
149.0000 1.1240
150.0000 1.3212
151.0000 1.3808
