1.0000 3.2744
2.0000 3.3089
3.0000 3.1502
4.0000 3.1241
5.0000 3.3200
6.0000 3.5196
7.0000 3.6620
8.0000 3.4856
9.0000 3.4596
10.0000 3.5848
11.0000 3.5294
12.0000 3.7193
13.0000 3.7122
14.0000 3.5178
15.0000 3.5284
16.0000 3.5403
17.0000 3.5011
18.0000 3.4972
19.0000 3.3368
20.0000 3.1419
21.0000 3.3415
22.0000 3.1415
23.0000 3.3237
24.0000 3.5160
25.0000 3.3345
26.0000 3.3860
27.0000 3.4954
28.0000 3.6275
29.0000 3.6177
30.0000 3.4649
31.0000 3.2649
32.0000 3.2726
33.0000 3.1873
34.0000 3.3771
35.0000 3.4204
36.0000 3.5671
37.0000 3.6849
38.0000 3.4947
39.0000 3.3898
40.0000 3.4881
41.0000 3.4139
42.0000 3.3970
43.0000 3.3514
44.0000 3.4903
45.0000 3.3204
46.0000 3.4916
47.0000 3.5152
48.0000 3.6452
49.0000 3.6386
50.0000 3.7890
51.0000 3.8394
52.0000 3.9989
53.0000 3.8130
54.0000 3.9043
55.0000 3.9203
56.0000 3.8739
57.0000 3.8051
58.0000 3.9568
59.0000 3.9562
60.0000 3.9674
61.0000 3.9828
62.0000 3.8991
63.0000 4.0087
64.0000 4.0482
65.0000 3.9472
66.0000 3.8698
67.0000 3.8788
68.0000 3.7465
69.0000 3.7489
70.0000 3.8640
71.0000 3.6831
72.0000 3.5577
73.0000 3.3676
74.0000 3.4254
75.0000 3.6103
76.0000 3.4420
77.0000 3.5623
78.0000 3.4343
79.0000 3.3149
80.0000 3.3068
81.0000 3.3904
82.0000 3.5697
83.0000 3.6644
84.0000 3.7065
85.0000 3.5258
86.0000 3.5170
87.0000 3.3174
88.0000 3.4763
89.0000 3.3018
90.0000 3.4806
91.0000 3.6609
92.0000 3.8157
93.0000 3.6889
94.0000 3.7867
95.0000 3.6482
96.0000 3.4493
97.0000 3.3423
98.0000 3.4237
99.0000 3.3399
100.0000 3.5299
101.0000 3.4628
102.0000 3.5249
103.0000 3.3322
104.0000 3.2056
105.0000 3.0443
106.0000 3.0692
107.0000 2.8752
108.0000 2.8440
109.0000 2.7842
110.0000 2.7667
111.0000 2.9640
112.0000 3.1523
113.0000 3.3522
114.0000 3.4807
115.0000 3.4423
116.0000 3.3588
117.0000 3.3243
118.0000 3.4709
119.0000 3.3171
120.0000 3.4021
121.0000 3.3342
122.0000 3.3029
123.0000 3.2038
124.0000 3.1008
125.0000 2.9606
126.0000 2.9833
127.0000 2.9062
128.0000 2.9889
129.0000 3.1882
130.0000 3.0222
131.0000 3.1633
132.0000 3.0166
133.0000 3.1287
134.0000 2.9642
135.0000 3.1311
136.0000 3.0848
137.0000 3.1529
138.0000 2.9867
139.0000 2.9200
140.0000 2.7331
141.0000 2.8430
142.0000 2.8724
143.0000 2.9456
144.0000 3.1359
145.0000 2.9616
146.0000 3.1321
147.0000 3.2487
148.0000 3.0517
149.0000 3.1803
150.0000 3.3075
151.0000 3.4995
