1.0000 3.3469
2.0000 3.4530
3.0000 3.3674
4.0000 3.4966
5.0000 3.4367
6.0000 3.6261
7.0000 3.4325
8.0000 3.5944
9.0000 3.5000
10.0000 3.5300
11.0000 3.4929
12.0000 3.4295
13.0000 3.2694
14.0000 3.0745
15.0000 3.0354
16.0000 3.2072
17.0000 3.0853
18.0000 3.1191
19.0000 2.9245
20.0000 2.9473
21.0000 3.1352
22.0000 3.0437
23.0000 2.9581
24.0000 3.1456
25.0000 3.2805
26.0000 3.1655
27.0000 3.1856
28.0000 3.0793
29.0000 3.0234
30.0000 3.0500
31.0000 2.9766
32.0000 3.0708
33.0000 3.1617
34.0000 3.2895
35.0000 3.2003
36.0000 3.0753
37.0000 2.9384
38.0000 2.8347
39.0000 3.0000
40.0000 2.9499
41.0000 3.0467
42.0000 3.1454
43.0000 3.3197
44.0000 3.2828
45.0000 3.1963
46.0000 3.2805
47.0000 3.4376
48.0000 3.2700
49.0000 3.1454
50.0000 3.0150
51.0000 3.0971
52.0000 2.9531
53.0000 3.1334
54.0000 3.0527
55.0000 3.2470
56.0000 3.1143
57.0000 3.0093
58.0000 3.0358
59.0000 2.8752
60.0000 3.0745
61.0000 3.2519
62.0000 3.4222
63.0000 3.2295
64.0000 3.3952
65.0000 3.3170
66.0000 3.1537
67.0000 3.2522
68.0000 3.0739
69.0000 3.0643
70.0000 3.0064
71.0000 3.1804
72.0000 3.0665
73.0000 3.2603
74.0000 3.1732
75.0000 3.1340
76.0000 3.2816
77.0000 3.1010
78.0000 2.9130
79.0000 3.0468
80.0000 2.9665
81.0000 3.0462
82.0000 3.2438
83.0000 3.0538
84.0000 3.2502
85.0000 3.2694
86.0000 3.3395
87.0000 3.1417
88.0000 3.1903
89.0000 3.0071
90.0000 3.0233
91.0000 3.2137
92.0000 3.1855
93.0000 3.3515
94.0000 3.1648
95.0000 3.0703
96.0000 3.0604
97.0000 2.9510
98.0000 2.8406
99.0000 2.9037
100.0000 3.0786
101.0000 3.2020
102.0000 3.0875
103.0000 2.8901
104.0000 3.0890
105.0000 2.8921
106.0000 3.0785
107.0000 3.1636
108.0000 3.1763
109.0000 2.9923
110.0000 3.0571
111.0000 2.9348
112.0000 2.9044
113.0000 3.0019
114.0000 3.1782
115.0000 3.0746
116.0000 2.9188
117.0000 2.7212
118.0000 2.6442
119.0000 2.6384
120.0000 2.6437
121.0000 2.7595
122.0000 2.5732
123.0000 2.7125
124.0000 2.6516
125.0000 2.5602
126.0000 2.3657
127.0000 2.1901
128.0000 2.2265
129.0000 2.4193
130.0000 2.5064
131.0000 2.3285
132.0000 2.4482
133.0000 2.6407
134.0000 2.5273
135.0000 2.7125
136.0000 2.8423
137.0000 3.0410
138.0000 2.8589
139.0000 2.8906
140.0000 2.7746
141.0000 2.5823
142.0000 2.4241
143.0000 2.2718
144.0000 2.1701
145.0000 2.0761
146.0000 2.2366
147.0000 2.4303
148.0000 2.3941
149.0000 2.5247
150.0000 2.5472
151.0000 2.7257
