1.0000 3.3228
2.0000 3.2122
3.0000 3.2615
4.0000 3.0656
5.0000 3.1445
6.0000 3.0256
7.0000 3.1852
8.0000 3.1709
9.0000 3.0096
10.0000 3.1219
11.0000 3.2197
12.0000 3.2940
13.0000 3.4785
14.0000 3.5049
15.0000 3.3646
16.0000 3.4726
17.0000 3.5141
18.0000 3.6819
19.0000 3.7172
20.0000 3.7178
21.0000 3.8641
22.0000 4.0376
23.0000 3.9668
24.0000 3.8325
25.0000 3.7075
26.0000 3.8598
27.0000 3.9218
28.0000 3.9987
29.0000 3.8165
30.0000 3.9132
31.0000 3.7348
32.0000 3.5901
33.0000 3.7514
34.0000 3.7022
35.0000 3.8572
36.0000 4.0565
37.0000 4.0767
38.0000 4.0036
39.0000 4.0620
40.0000 4.2520
41.0000 4.3587
42.0000 4.3100
43.0000 4.2033
44.0000 4.1145
45.0000 4.1085
46.0000 3.9863
47.0000 4.1577
48.0000 4.0882
49.0000 4.1969
50.0000 4.2358
51.0000 4.0904
52.0000 4.2162
53.0000 4.0896
54.0000 3.9575
55.0000 3.8224
56.0000 3.6271
57.0000 3.7549
58.0000 3.9243
59.0000 3.8843
60.0000 3.9924
61.0000 4.0692
62.0000 4.0989
63.0000 4.0970
64.0000 4.0173
65.0000 3.8173
66.0000 3.8064
67.0000 3.9612
68.0000 3.9707
69.0000 3.8190
70.0000 4.0155
71.0000 3.8482
72.0000 3.7973
73.0000 3.7526
74.0000 3.8953
75.0000 3.9753
76.0000 3.7959
77.0000 3.8051
78.0000 3.7795
79.0000 3.8676
80.0000 4.0445
81.0000 4.1297
82.0000 4.0264
83.0000 4.1363
84.0000 4.2288
85.0000 4.0911
86.0000 3.9228
87.0000 3.7601
88.0000 3.9570
89.0000 3.7602
90.0000 3.9356
91.0000 4.0148
92.0000 3.9207
93.0000 3.7408
94.0000 3.6266
95.0000 3.4316
96.0000 3.6248
97.0000 3.5407
98.0000 3.3759
99.0000 3.2403
100.0000 3.1065
101.0000 3.2110
102.0000 3.1184
103.0000 3.2078
104.0000 3.0419
105.0000 2.8819
106.0000 2.8364
107.0000 2.6591
108.0000 2.6263
109.0000 2.4329
110.0000 2.6022
111.0000 2.4667
112.0000 2.4327
113.0000 2.5422
114.0000 2.5341
115.0000 2.5037
116.0000 2.3950
117.0000 2.5186
118.0000 2.3401
119.0000 2.5401
120.0000 2.3540
121.0000 2.1939
122.0000 2.3930
123.0000 2.1952
124.0000 2.1563
125.0000 2.3553
126.0000 2.3609
127.0000 2.5452
128.0000 2.5955
129.0000 2.7889
130.0000 2.8257
131.0000 2.7986
132.0000 2.9676
133.0000 2.9976
134.0000 3.1482
135.0000 2.9522
136.0000 2.9357
137.0000 3.1330
138.0000 3.2116
139.0000 3.3481
140.0000 3.2400
141.0000 3.1179
142.0000 3.0717
143.0000 2.9677
144.0000 3.0316
145.0000 3.0650
146.0000 3.0385
147.0000 3.0323
148.0000 3.2235
149.0000 3.3150
150.0000 3.1833
151.0000 3.0387
