1.0000 2.9998
2.0000 3.0476
3.0000 2.8533
4.0000 2.6563
5.0000 2.8188
6.0000 2.8880
7.0000 2.8519
8.0000 2.6670
9.0000 2.8250
10.0000 2.7750
11.0000 2.5763
12.0000 2.3889
13.0000 2.4874
14.0000 2.3023
15.0000 2.3487
16.0000 2.1497
17.0000 2.2729
18.0000 2.1564
19.0000 2.0638
20.0000 1.8698
21.0000 1.8402
22.0000 1.7372
23.0000 1.9357
24.0000 2.0076
25.0000 1.8511
26.0000 1.6526
27.0000 1.7266
28.0000 1.8744
29.0000 2.0332
30.0000 2.1841
31.0000 1.9870
32.0000 2.1668
33.0000 1.9742
34.0000 2.0545
35.0000 2.2204
36.0000 2.1038
37.0000 2.2042
38.0000 2.1036
39.0000 1.9302
40.0000 2.0652
41.0000 2.2385
42.0000 2.4041
43.0000 2.5549
44.0000 2.6328
45.0000 2.6648
46.0000 2.4899
47.0000 2.4959
48.0000 2.3280
49.0000 2.2169
50.0000 2.4000
51.0000 2.2439
52.0000 2.2997
53.0000 2.4997
54.0000 2.2997
55.0000 2.2343
56.0000 2.1748
57.0000 2.1411
58.0000 2.0048
59.0000 1.9750
60.0000 2.1111
61.0000 2.1391
62.0000 2.0623
63.0000 1.8713
64.0000 1.7157
65.0000 1.5253
66.0000 1.5569
67.0000 1.3607
68.0000 1.1956
69.0000 1.2888
70.0000 1.4864
71.0000 1.6339
72.0000 1.6736
73.0000 1.8674
74.0000 1.8489
75.0000 1.6810
76.0000 1.5054
77.0000 1.7031
78.0000 1.7142
79.0000 1.9141
80.0000 1.7609
81.0000 1.7906
82.0000 1.7995
83.0000 1.7708
84.0000 1.5709
85.0000 1.3902
86.0000 1.4732
87.0000 1.3651
88.0000 1.5151
89.0000 1.5125
90.0000 1.4790
91.0000 1.2816
92.0000 1.4801
93.0000 1.3464
94.0000 1.4157
95.0000 1.3938
96.0000 1.2176
97.0000 1.0592
98.0000 0.8727
99.0000 0.6956
100.0000 0.8625
101.0000 0.7563
102.0000 0.9077
103.0000 1.0433
104.0000 1.0980
105.0000 1.2554
106.0000 1.0556
107.0000 0.9996
108.0000 0.8741
109.0000 0.8236
110.0000 0.6756
111.0000 0.7964
112.0000 0.6155
113.0000 0.7787
114.0000 0.9760
115.0000 1.1333
116.0000 1.0266
117.0000 0.8810
118.0000 1.0042
119.0000 0.9911
120.0000 0.8407
121.0000 1.0405
122.0000 1.2326
123.0000 1.2998
124.0000 1.3763
125.0000 1.3093
126.0000 1.3708
127.0000 1.3460
128.0000 1.1776
129.0000 1.2009
130.0000 1.3798
131.0000 1.5692
132.0000 1.3931
133.0000 1.5680
134.0000 1.7579
135.0000 1.7604
136.0000 1.9597
137.0000 1.9663
138.0000 1.7663
139.0000 1.5858
140.0000 1.3867
141.0000 1.4916
142.0000 1.2927
143.0000 1.1814
144.0000 1.2505
145.0000 1.2341
146.0000 1.0346
147.0000 0.8370
148.0000 0.6483
149.0000 0.7699
150.0000 0.6180
151.0000 0.7657
