1.0000 3.3164
2.0000 3.2079
3.0000 3.0097
4.0000 2.8991
5.0000 2.7859
6.0000 2.8738
7.0000 3.0286
8.0000 2.9277
9.0000 2.8496
10.0000 3.0480
11.0000 2.8480
12.0000 3.0048
13.0000 3.1641
14.0000 3.3310
15.0000 3.4310
16.0000 3.6164
17.0000 3.8128
18.0000 3.8067
19.0000 3.8068
20.0000 3.6367
21.0000 3.6131
22.0000 3.4132
23.0000 3.3841
24.0000 3.3934
25.0000 3.5662
26.0000 3.5567
27.0000 3.3569
28.0000 3.2601
29.0000 3.1328
30.0000 3.0561
31.0000 3.0140
32.0000 3.0494
33.0000 2.8977
34.0000 3.0853
35.0000 2.8904
36.0000 2.9309
37.0000 2.7579
38.0000 2.6422
39.0000 2.8316
40.0000 2.7135
41.0000 2.8804
42.0000 2.6919
43.0000 2.5545
44.0000 2.5872
45.0000 2.5009
46.0000 2.3174
47.0000 2.5096
48.0000 2.4429
49.0000 2.2834
50.0000 2.0966
51.0000 1.9028
52.0000 1.7858
53.0000 1.6773
54.0000 1.6938
55.0000 1.7801
56.0000 1.5936
57.0000 1.3937
58.0000 1.2247
59.0000 1.4244
60.0000 1.5880
61.0000 1.7821
62.0000 1.9129
63.0000 2.0752
64.0000 2.2627
65.0000 2.0648
66.0000 2.2481
67.0000 2.0609
68.0000 2.1795
69.0000 2.2495
70.0000 2.4287
71.0000 2.5289
72.0000 2.4427
73.0000 2.5795
74.0000 2.4826
75.0000 2.3088
76.0000 2.1999
77.0000 2.1631
78.0000 2.3434
79.0000 2.1451
80.0000 2.0485
81.0000 2.1343
82.0000 2.2878
83.0000 2.3723
84.0000 2.1730
85.0000 2.1148
86.0000 2.2541
87.0000 2.0687
88.0000 2.0102
89.0000 2.0446
90.0000 2.1599
91.0000 2.3534
92.0000 2.3373
93.0000 2.4173
94.0000 2.4159
95.0000 2.6026
96.0000 2.7966
97.0000 2.6980
98.0000 2.5170
99.0000 2.5056
100.0000 2.4143
101.0000 2.2709
102.0000 2.3489
103.0000 2.1720
104.0000 2.3128
105.0000 2.1151
106.0000 2.0380
107.0000 2.2175
108.0000 2.2410
109.0000 2.2667
110.0000 2.2584
111.0000 2.3947
112.0000 2.4539
113.0000 2.4340
114.0000 2.2613
115.0000 2.2774
116.0000 2.0776
117.0000 1.9676
118.0000 1.7925
119.0000 1.6955
120.0000 1.7579
121.0000 1.8970
122.0000 1.7349
123.0000 1.8798
124.0000 1.9071
125.0000 2.0821
126.0000 1.9411
127.0000 1.7460
128.0000 1.7540
129.0000 1.9230
130.0000 2.0181
131.0000 1.8366
132.0000 1.6776
133.0000 1.6288
134.0000 1.6245
135.0000 1.7318
136.0000 1.6024
137.0000 1.4088
138.0000 1.2288
139.0000 1.2423
140.0000 1.3748
141.0000 1.5735
142.0000 1.3876
143.0000 1.5856
144.0000 1.7795
145.0000 1.7088
146.0000 1.8535
147.0000 1.6764
148.0000 1.5633
149.0000 1.4248
150.0000 1.6131
151.0000 1.5082
