1.0000 3.3282
2.0000 3.1793
3.0000 2.9796
4.0000 3.1750
5.0000 3.3006
6.0000 3.4911
7.0000 3.5098
8.0000 3.4872
9.0000 3.6622
10.0000 3.6547
11.0000 3.4996
12.0000 3.6316
13.0000 3.8253
14.0000 3.6715
15.0000 3.8628
16.0000 3.6847
17.0000 3.5611
18.0000 3.3677
19.0000 3.5673
20.0000 3.3794
21.0000 3.1937
22.0000 2.9976
23.0000 2.8351
24.0000 2.9209
25.0000 3.0755
26.0000 3.0148
27.0000 3.2040
28.0000 3.2021
29.0000 3.0864
30.0000 2.9046
31.0000 3.0432
32.0000 3.0612
33.0000 3.0466
34.0000 3.0629
35.0000 3.0520
36.0000 2.8825
37.0000 2.8695
38.0000 3.0421
39.0000 3.1211
40.0000 3.0424
41.0000 2.8929
42.0000 3.0705
43.0000 3.2380
44.0000 3.0644
45.0000 3.2639
46.0000 3.3027
47.0000 3.1568
48.0000 3.3533
49.0000 3.3035
50.0000 3.1577
51.0000 2.9733
52.0000 3.1688
53.0000 3.3675
54.0000 3.1732
55.0000 3.0869
56.0000 3.0628
57.0000 2.9678
58.0000 3.1244
59.0000 3.2632
60.0000 3.4445
61.0000 3.4396
62.0000 3.4768
63.0000 3.5142
64.0000 3.4778
65.0000 3.3508
66.0000 3.5206
67.0000 3.5193
68.0000 3.7099
69.0000 3.7741
70.0000 3.5866
71.0000 3.7545
72.0000 3.8770
73.0000 3.9728
74.0000 3.7748
75.0000 3.9701
76.0000 3.9157
77.0000 3.9609
78.0000 3.8985
79.0000 4.0404
80.0000 4.1003
81.0000 4.2809
82.0000 4.3113
83.0000 4.1200
84.0000 3.9759
85.0000 3.9355
86.0000 4.1087
87.0000 4.0437
88.0000 3.9284
89.0000 3.9120
90.0000 3.7168
91.0000 3.8752
92.0000 4.0454
93.0000 4.1028
94.0000 3.9160
95.0000 4.1158
96.0000 4.1302
97.0000 3.9303
98.0000 3.7397
99.0000 3.9287
100.0000 3.7552
101.0000 3.7322
102.0000 3.8371
103.0000 4.0357
104.0000 4.2273
105.0000 4.0575
106.0000 4.1352
107.0000 4.1339
108.0000 4.1224
109.0000 3.9324
110.0000 3.9756
111.0000 3.8323
112.0000 3.9266
113.0000 3.7329
114.0000 3.8957
115.0000 4.0275
116.0000 3.8444
117.0000 3.9045
118.0000 3.8274
119.0000 3.9951
120.0000 3.9613
121.0000 3.8575
122.0000 3.8479
123.0000 3.9149
124.0000 3.7174
125.0000 3.7840
126.0000 3.8118
127.0000 3.6796
128.0000 3.6435
129.0000 3.4524
130.0000 3.5900
131.0000 3.4316
132.0000 3.2365
133.0000 3.4356
134.0000 3.5305
135.0000 3.5817
136.0000 3.3973
137.0000 3.4746
138.0000 3.4737
139.0000 3.3723
140.0000 3.1723
141.0000 3.1575
142.0000 3.0983
143.0000 3.0248
144.0000 2.9633
145.0000 3.1632
146.0000 2.9873
147.0000 2.8665
148.0000 3.0656
149.0000 2.9654
150.0000 2.8493
151.0000 3.0005
