1.0000 3.2855
2.0000 3.1068
3.0000 3.0762
4.0000 2.9701
5.0000 3.1570
6.0000 3.2489
7.0000 3.0777
8.0000 3.0770
9.0000 2.8915
10.0000 2.8439
11.0000 2.7732
12.0000 2.7606
13.0000 2.5854
14.0000 2.6099
15.0000 2.4117
16.0000 2.4781
17.0000 2.6508
18.0000 2.7841
19.0000 2.6037
20.0000 2.8033
21.0000 2.8985
22.0000 2.7082
23.0000 2.8905
24.0000 3.0038
25.0000 2.8038
26.0000 2.9767
27.0000 3.0345
28.0000 2.9791
29.0000 2.7819
30.0000 2.9103
31.0000 2.7113
32.0000 2.7567
33.0000 2.8040
34.0000 3.0040
35.0000 3.1088
36.0000 3.0228
37.0000 2.8234
38.0000 2.8326
39.0000 2.6378
40.0000 2.7167
41.0000 2.5356
42.0000 2.5984
43.0000 2.5537
44.0000 2.3552
45.0000 2.4216
46.0000 2.4396
47.0000 2.2840
48.0000 2.3077
49.0000 2.2661
50.0000 2.4529
51.0000 2.2587
52.0000 2.2309
53.0000 2.0313
54.0000 1.9962
55.0000 2.1390
56.0000 2.0621
57.0000 2.0156
58.0000 1.9310
59.0000 2.0510
60.0000 2.1073
61.0000 2.1965
62.0000 2.0756
63.0000 1.8926
64.0000 2.0634
65.0000 1.8784
66.0000 2.0510
67.0000 2.2466
68.0000 2.2548
69.0000 2.4191
70.0000 2.6188
71.0000 2.7756
72.0000 2.7238
73.0000 2.9200
74.0000 3.1030
75.0000 3.0852
76.0000 3.2548
77.0000 3.4547
78.0000 3.6408
79.0000 3.5611
80.0000 3.3926
81.0000 3.4457
82.0000 3.4436
83.0000 3.4201
84.0000 3.5111
85.0000 3.5724
86.0000 3.3922
87.0000 3.5088
88.0000 3.4072
89.0000 3.5610
90.0000 3.7609
91.0000 3.7440
92.0000 3.5840
93.0000 3.5830
94.0000 3.7814
95.0000 3.6533
96.0000 3.5027
97.0000 3.3478
98.0000 3.1497
99.0000 3.0017
100.0000 2.9835
101.0000 3.1776
102.0000 3.0485
103.0000 2.9412
104.0000 3.1157
105.0000 2.9919
106.0000 3.0202
107.0000 2.9362
108.0000 3.0214
109.0000 3.0691
110.0000 3.2018
111.0000 3.2231
112.0000 3.3409
113.0000 3.2120
114.0000 3.0120
115.0000 2.8122
116.0000 2.6130
117.0000 2.5661
118.0000 2.7388
119.0000 2.7013
120.0000 2.5045
121.0000 2.4778
122.0000 2.6747
123.0000 2.6270
124.0000 2.4468
125.0000 2.4995
126.0000 2.2999
127.0000 2.1883
128.0000 2.2517
129.0000 2.4102
130.0000 2.3975
131.0000 2.2804
132.0000 2.2862
133.0000 2.3960
134.0000 2.2885
135.0000 2.1626
136.0000 2.3626
137.0000 2.4881
138.0000 2.6831
139.0000 2.8335
140.0000 2.8882
141.0000 2.6960
142.0000 2.5164
143.0000 2.6865
144.0000 2.6386
145.0000 2.5769
146.0000 2.7435
147.0000 2.8957
148.0000 3.0768
149.0000 2.8931
150.0000 2.7257
151.0000 2.5273
