1.0000 3.2735
2.0000 3.1025
3.0000 3.3019
4.0000 3.2478
5.0000 3.0846
6.0000 3.2689
7.0000 3.4405
8.0000 3.4070
9.0000 3.2319
10.0000 3.0536
11.0000 3.0190
12.0000 2.8443
13.0000 3.0251
14.0000 3.2049
15.0000 3.4047
16.0000 3.5136
17.0000 3.3792
18.0000 3.3599
19.0000 3.3915
20.0000 3.1949
21.0000 3.1385
22.0000 3.3303
23.0000 3.3845
24.0000 3.3583
25.0000 3.4441
26.0000 3.2444
27.0000 3.1448
28.0000 3.3161
29.0000 3.5127
30.0000 3.4028
31.0000 3.4628
32.0000 3.4273
33.0000 3.2892
34.0000 3.1867
35.0000 3.0242
36.0000 2.8364
37.0000 2.6738
38.0000 2.5081
39.0000 2.4417
40.0000 2.6330
41.0000 2.4585
42.0000 2.3430
43.0000 2.5301
44.0000 2.3974
45.0000 2.3195
46.0000 2.3000
47.0000 2.1563
48.0000 2.3561
49.0000 2.4677
50.0000 2.4483
51.0000 2.2576
52.0000 2.1339
53.0000 1.9339
54.0000 1.7705
55.0000 1.9507
56.0000 2.0078
57.0000 2.2036
58.0000 2.0104
59.0000 2.2102
60.0000 2.0222
61.0000 1.9579
62.0000 1.7581
63.0000 1.7567
64.0000 1.9273
65.0000 1.9012
66.0000 2.0966
67.0000 2.2956
68.0000 2.1895
69.0000 2.0878
70.0000 2.2666
71.0000 2.4660
72.0000 2.2862
73.0000 2.3183
74.0000 2.3032
75.0000 2.2955
76.0000 2.4795
77.0000 2.5017
78.0000 2.3659
79.0000 2.2957
80.0000 2.1179
81.0000 2.2774
82.0000 2.1519
83.0000 1.9948
84.0000 1.8248
85.0000 1.7886
86.0000 1.6419
87.0000 1.5925
88.0000 1.7021
89.0000 1.8624
90.0000 1.7652
91.0000 1.9298
92.0000 1.7567
93.0000 1.7343
94.0000 1.7850
95.0000 1.8048
96.0000 1.6131
97.0000 1.6098
98.0000 1.7943
99.0000 1.6716
100.0000 1.4762
101.0000 1.5287
102.0000 1.5482
103.0000 1.3564
104.0000 1.5345
105.0000 1.6892
106.0000 1.7926
107.0000 1.7979
108.0000 1.9094
109.0000 1.8433
110.0000 1.8976
111.0000 2.0505
112.0000 2.0393
113.0000 2.0428
114.0000 1.9043
115.0000 1.7916
116.0000 1.9684
117.0000 1.7685
118.0000 1.6425
119.0000 1.5250
120.0000 1.7160
121.0000 1.9158
122.0000 1.7766
123.0000 1.5913
124.0000 1.5575
125.0000 1.5942
126.0000 1.5441
127.0000 1.3858
128.0000 1.5212
129.0000 1.6377
130.0000 1.4888
131.0000 1.6394
132.0000 1.4538
133.0000 1.4355
134.0000 1.3464
135.0000 1.1747
136.0000 1.3585
137.0000 1.1585
138.0000 1.0971
139.0000 1.0043
140.0000 0.8191
141.0000 1.0147
142.0000 1.2106
143.0000 1.2974
144.0000 1.0974
145.0000 1.1005
146.0000 1.0304
147.0000 1.0407
148.0000 0.9942
149.0000 1.0748
150.0000 1.0240
151.0000 1.0879
