1.0000 3.3206
2.0000 3.4688
3.0000 3.2808
4.0000 3.4675
5.0000 3.3249
6.0000 3.1926
7.0000 3.3690
8.0000 3.2700
9.0000 3.3207
10.0000 3.1365
11.0000 3.3031
12.0000 3.4845
13.0000 3.3905
14.0000 3.1985
15.0000 3.3224
16.0000 3.3905
17.0000 3.2443
18.0000 3.4214
19.0000 3.3794
20.0000 3.5408
21.0000 3.6811
22.0000 3.4811
23.0000 3.5662
24.0000 3.6931
25.0000 3.5747
26.0000 3.7377
27.0000 3.8716
28.0000 4.0711
29.0000 3.9456
30.0000 3.7692
31.0000 3.7213
32.0000 3.7259
33.0000 3.7772
34.0000 3.9093
35.0000 3.7292
36.0000 3.6859
37.0000 3.8802
38.0000 3.9258
39.0000 3.8463
40.0000 3.7486
41.0000 3.6520
42.0000 3.4583
43.0000 3.6535
44.0000 3.8340
45.0000 4.0221
46.0000 3.9049
47.0000 3.7485
48.0000 3.5642
49.0000 3.7395
50.0000 3.9039
51.0000 3.8090
52.0000 3.6718
53.0000 3.8702
54.0000 3.6829
55.0000 3.5144
56.0000 3.7048
57.0000 3.7003
58.0000 3.7135
59.0000 3.5154
60.0000 3.4921
61.0000 3.4986
62.0000 3.2987
63.0000 3.1014
64.0000 3.2311
65.0000 3.3430
66.0000 3.2098
67.0000 3.0174
68.0000 2.8848
69.0000 2.7161
70.0000 2.7222
71.0000 2.5535
72.0000 2.4880
73.0000 2.2880
74.0000 2.3256
75.0000 2.3815
76.0000 2.4603
77.0000 2.4270
78.0000 2.2328
79.0000 2.2190
80.0000 2.2980
81.0000 2.2397
82.0000 2.1093
83.0000 1.9231
84.0000 2.0608
85.0000 2.0173
86.0000 2.0893
87.0000 2.0657
88.0000 2.0949
89.0000 2.0010
90.0000 1.8389
91.0000 2.0327
92.0000 2.1658
93.0000 2.0980
94.0000 1.9090
95.0000 2.0761
96.0000 1.9655
97.0000 1.7994
98.0000 1.9006
99.0000 2.0783
100.0000 2.0864
101.0000 2.2488
102.0000 2.4319
103.0000 2.6284
104.0000 2.5869
105.0000 2.3964
106.0000 2.5907
107.0000 2.7674
108.0000 2.9163
109.0000 2.8503
110.0000 2.8532
111.0000 2.6594
112.0000 2.4597
113.0000 2.5264
114.0000 2.7263
115.0000 2.7857
116.0000 2.6208
117.0000 2.7178
118.0000 2.6097
119.0000 2.8077
120.0000 2.9328
121.0000 2.9458
122.0000 2.8762
123.0000 2.9126
124.0000 2.7130
125.0000 2.7483
126.0000 2.6892
127.0000 2.5074
128.0000 2.5128
129.0000 2.6825
130.0000 2.8824
131.0000 2.9028
132.0000 2.8599
133.0000 2.8254
134.0000 2.9220
135.0000 2.9566
136.0000 2.7566
137.0000 2.9265
138.0000 2.8912
139.0000 2.8892
140.0000 3.0886
141.0000 2.9224
142.0000 2.8134
143.0000 2.9556
144.0000 2.8157
145.0000 2.6819
146.0000 2.6644
147.0000 2.6557
148.0000 2.4839
149.0000 2.5105
150.0000 2.5889
151.0000 2.7038
