1.0000 3.1413
2.0000 3.2964
3.0000 3.4779
4.0000 3.6676
5.0000 3.6543
6.0000 3.5325
7.0000 3.3627
8.0000 3.2952
9.0000 3.3231
10.0000 3.2460
11.0000 3.1503
12.0000 3.2835
13.0000 3.4763
14.0000 3.3471
15.0000 3.1698
16.0000 2.9979
17.0000 3.1724
18.0000 3.0588
19.0000 2.9290
20.0000 2.8840
21.0000 2.6938
22.0000 2.4981
23.0000 2.3012
24.0000 2.4078
25.0000 2.4501
26.0000 2.2999
27.0000 2.4996
28.0000 2.6517
29.0000 2.5065
30.0000 2.7064
31.0000 2.9046
32.0000 3.0835
33.0000 2.9857
34.0000 2.8456
35.0000 2.6593
36.0000 2.7773
37.0000 2.7924
38.0000 2.9554
39.0000 2.9913
40.0000 3.0952
41.0000 2.9007
42.0000 3.0254
43.0000 2.8527
44.0000 2.9510
45.0000 3.0042
46.0000 2.8412
47.0000 3.0271
48.0000 3.1229
49.0000 3.1166
50.0000 3.0006
51.0000 3.0449
52.0000 3.1889
53.0000 3.1880
54.0000 3.3463
55.0000 3.1564
56.0000 3.3265
57.0000 3.3010
58.0000 3.1036
59.0000 3.0377
60.0000 2.9374
61.0000 2.9067
62.0000 3.0891
63.0000 2.9080
64.0000 2.8258
65.0000 2.9311
66.0000 2.7719
67.0000 2.5890
68.0000 2.6358
69.0000 2.4885
70.0000 2.5545
71.0000 2.4613
72.0000 2.4243
73.0000 2.5048
74.0000 2.4243
75.0000 2.2772
76.0000 2.0788
77.0000 2.2786
78.0000 2.4056
79.0000 2.2336
80.0000 2.2630
81.0000 2.0728
82.0000 2.1377
83.0000 2.0431
84.0000 2.1378
85.0000 2.3176
86.0000 2.1636
87.0000 1.9898
88.0000 2.0110
89.0000 2.2082
90.0000 2.3403
91.0000 2.4314
92.0000 2.2540
93.0000 2.4050
94.0000 2.5983
95.0000 2.7955
96.0000 2.6211
97.0000 2.7707
98.0000 2.5881
99.0000 2.4000
100.0000 2.5607
101.0000 2.6492
102.0000 2.5502
103.0000 2.5446
104.0000 2.5860
105.0000 2.7480
106.0000 2.5655
107.0000 2.3696
108.0000 2.5616
109.0000 2.4014
110.0000 2.2026
111.0000 2.1933
112.0000 2.2739
113.0000 2.4712
114.0000 2.5319
115.0000 2.5703
116.0000 2.6380
117.0000 2.5374
118.0000 2.4284
119.0000 2.5210
120.0000 2.6343
121.0000 2.6816
122.0000 2.4822
123.0000 2.5390
124.0000 2.4551
125.0000 2.5936
126.0000 2.6122
127.0000 2.8122
128.0000 2.9154
129.0000 2.7531
130.0000 2.6100
131.0000 2.8092
132.0000 2.6124
133.0000 2.6297
134.0000 2.4776
135.0000 2.6629
136.0000 2.6021
137.0000 2.5589
138.0000 2.6462
139.0000 2.5735
140.0000 2.4263
141.0000 2.6258
142.0000 2.6917
143.0000 2.6966
144.0000 2.8235
145.0000 2.7740
146.0000 2.8090
147.0000 2.8859
148.0000 3.0454
149.0000 3.1342
150.0000 3.3336
151.0000 3.4754
