1.0000 3.0013
2.0000 2.9441
3.0000 2.7921
4.0000 2.9866
5.0000 2.7984
6.0000 2.7495
7.0000 2.7658
8.0000 2.7695
9.0000 2.7932
10.0000 2.8522
11.0000 3.0409
12.0000 3.1595
13.0000 3.1770
14.0000 3.3130
15.0000 3.4987
16.0000 3.3801
17.0000 3.2789
18.0000 3.1816
19.0000 3.0671
20.0000 3.0642
21.0000 2.9643
22.0000 2.7976
23.0000 2.8233
24.0000 2.6407
25.0000 2.7973
26.0000 2.6121
27.0000 2.7694
28.0000 2.6623
29.0000 2.8588
30.0000 3.0508
31.0000 2.8581
32.0000 2.6664
33.0000 2.8307
34.0000 3.0300
35.0000 3.2211
36.0000 3.1665
37.0000 3.2235
38.0000 3.3939
39.0000 3.4745
40.0000 3.5657
41.0000 3.7049
42.0000 3.8264
43.0000 3.7435
44.0000 3.8721
45.0000 4.0684
46.0000 4.2398
47.0000 4.1410
48.0000 3.9958
49.0000 3.9064
50.0000 3.8073
51.0000 3.9197
52.0000 4.0843
53.0000 3.9628
54.0000 4.1371
55.0000 3.9814
56.0000 3.8995
57.0000 3.9257
58.0000 3.7403
59.0000 3.9084
60.0000 3.7164
61.0000 3.8593
62.0000 3.8929
63.0000 3.7613
64.0000 3.7272
65.0000 3.7334
66.0000 3.5621
67.0000 3.4434
68.0000 3.2434
69.0000 3.0517
70.0000 2.8792
71.0000 2.9740
72.0000 2.9748
73.0000 2.7792
74.0000 2.8885
75.0000 2.9977
76.0000 2.8074
77.0000 2.8194
78.0000 2.7849
79.0000 2.9665
80.0000 3.1490
81.0000 3.0966
82.0000 3.2630
83.0000 3.1305
84.0000 3.1155
85.0000 3.1824
86.0000 3.0103
87.0000 3.0966
88.0000 3.0403
89.0000 2.9286
90.0000 2.8266
91.0000 2.9337
92.0000 2.7776
93.0000 2.9470
94.0000 3.1412
95.0000 3.1312
96.0000 2.9556
97.0000 2.7832
98.0000 2.7515
99.0000 2.6038
100.0000 2.6783
101.0000 2.8048
102.0000 2.8127
103.0000 3.0099
104.0000 2.9425
105.0000 2.7505
106.0000 2.6083
107.0000 2.8048
108.0000 2.7401
109.0000 2.7604
110.0000 2.9584
111.0000 2.9915
112.0000 3.0137
113.0000 3.1282
114.0000 3.0796
115.0000 3.1722
116.0000 3.3042
117.0000 3.3758
118.0000 3.5734
119.0000 3.7018
120.0000 3.8982
121.0000 4.0256
122.0000 4.0804
123.0000 4.0235
124.0000 3.8704
125.0000 3.8496
126.0000 3.9355
127.0000 4.1354
128.0000 4.1467
129.0000 4.0659
130.0000 4.1189
131.0000 4.0692
132.0000 3.8748
133.0000 3.9129
134.0000 4.0920
135.0000 4.0210
136.0000 3.9971
137.0000 3.9037
138.0000 3.9799
139.0000 4.1691
140.0000 3.9900
141.0000 3.8844
142.0000 3.7795
143.0000 3.8362
144.0000 3.6624
145.0000 3.8277
146.0000 3.8001
147.0000 3.9967
148.0000 3.9587
149.0000 3.8075
150.0000 3.6449
151.0000 3.6397
