1.0000 2.9940
2.0000 2.9375
3.0000 3.1110
4.0000 3.0486
5.0000 2.8900
6.0000 3.0486
7.0000 3.2375
8.0000 3.0573
9.0000 3.2131
10.0000 3.3891
11.0000 3.4134
12.0000 3.3160
13.0000 3.3155
14.0000 3.2380
15.0000 3.1864
16.0000 2.9959
17.0000 2.8892
18.0000 3.0733
19.0000 2.8836
20.0000 3.0819
21.0000 3.2769
22.0000 3.4594
23.0000 3.4774
24.0000 3.3368
25.0000 3.1389
26.0000 3.1997
27.0000 3.0554
28.0000 3.1608
29.0000 3.1124
30.0000 2.9127
31.0000 3.0919
32.0000 3.2905
33.0000 3.3937
34.0000 3.2430
35.0000 3.3960
36.0000 3.1970
37.0000 3.0634
38.0000 3.1761
39.0000 2.9762
40.0000 2.8131
41.0000 2.8457
42.0000 3.0255
43.0000 3.2215
44.0000 3.0731
45.0000 2.9782
46.0000 3.0624
47.0000 2.8696
48.0000 2.8970
49.0000 3.0080
50.0000 2.8081
51.0000 2.9583
52.0000 3.1435
53.0000 3.0195
54.0000 3.0153
55.0000 2.9041
56.0000 2.7480
57.0000 2.7887
58.0000 2.8886
59.0000 3.0241
60.0000 2.8857
61.0000 2.7485
62.0000 2.7367
63.0000 2.8462
64.0000 2.6676
65.0000 2.5996
66.0000 2.5245
67.0000 2.7239
68.0000 2.7967
69.0000 2.8453
70.0000 2.8616
71.0000 2.6619
72.0000 2.4623
73.0000 2.4994
74.0000 2.4597
75.0000 2.2630
76.0000 2.4589
77.0000 2.6491
78.0000 2.8406
79.0000 2.9789
80.0000 3.0689
81.0000 3.2538
82.0000 3.1582
83.0000 3.3577
84.0000 3.4955
85.0000 3.2966
86.0000 3.0995
87.0000 2.9038
88.0000 3.0377
89.0000 2.9910
90.0000 3.0523
91.0000 3.2137
92.0000 3.3497
93.0000 3.1734
94.0000 3.2733
95.0000 3.0754
96.0000 3.2684
97.0000 3.0802
98.0000 2.9682
99.0000 2.7831
100.0000 2.9565
101.0000 2.7862
102.0000 2.7780
103.0000 2.6623
104.0000 2.8495
105.0000 2.7017
106.0000 2.8624
107.0000 2.7180
108.0000 2.5264
109.0000 2.3304
110.0000 2.4696
111.0000 2.4315
112.0000 2.3839
113.0000 2.4580
114.0000 2.2674
115.0000 2.4518
116.0000 2.2541
117.0000 2.4535
118.0000 2.4004
119.0000 2.3457
120.0000 2.4130
121.0000 2.2879
122.0000 2.4037
123.0000 2.2039
124.0000 2.4038
125.0000 2.2431
126.0000 2.4363
127.0000 2.6127
128.0000 2.7663
129.0000 2.6887
130.0000 2.5767
131.0000 2.4142
132.0000 2.6133
133.0000 2.4169
134.0000 2.3235
135.0000 2.2886
136.0000 2.4279
137.0000 2.5258
138.0000 2.4434
139.0000 2.5588
140.0000 2.6816
141.0000 2.4894
142.0000 2.6230
143.0000 2.8108
144.0000 2.6117
145.0000 2.7938
146.0000 2.6124
147.0000 2.7681
148.0000 2.6485
149.0000 2.8243
150.0000 2.7504
151.0000 2.8227
