1.0000 3.1443
2.0000 2.9555
3.0000 2.7921
4.0000 2.9691
5.0000 3.1241
6.0000 3.3158
7.0000 3.1394
8.0000 3.2148
9.0000 3.2457
10.0000 3.1631
11.0000 3.3625
12.0000 3.5566
13.0000 3.4165
14.0000 3.6122
15.0000 3.4165
16.0000 3.2740
17.0000 3.0944
18.0000 2.9936
19.0000 3.1896
20.0000 3.3490
21.0000 3.3653
22.0000 3.3050
23.0000 3.1051
24.0000 2.9070
25.0000 2.8124
26.0000 2.8744
27.0000 2.7906
28.0000 2.6821
29.0000 2.8508
30.0000 2.9018
31.0000 3.0961
32.0000 3.1213
33.0000 3.0791
34.0000 3.1593
35.0000 3.1214
36.0000 3.2514
37.0000 3.0795
38.0000 3.1331
39.0000 3.2149
40.0000 3.3815
41.0000 3.1818
42.0000 3.3463
43.0000 3.1683
44.0000 3.1564
45.0000 2.9690
46.0000 3.0605
47.0000 2.8759
48.0000 2.8374
49.0000 3.0168
50.0000 2.8352
51.0000 2.6741
52.0000 2.8568
53.0000 3.0113
54.0000 2.9158
55.0000 3.0263
56.0000 3.0924
57.0000 3.1947
58.0000 3.3484
59.0000 3.3457
60.0000 3.1463
61.0000 3.2052
62.0000 3.3101
63.0000 3.5038
64.0000 3.3420
65.0000 3.2232
66.0000 3.1445
67.0000 2.9989
68.0000 2.8078
69.0000 2.7470
70.0000 2.5648
71.0000 2.3687
72.0000 2.5676
73.0000 2.5442
74.0000 2.4993
75.0000 2.6880
76.0000 2.5914
77.0000 2.4040
78.0000 2.6036
79.0000 2.6865
80.0000 2.5855
81.0000 2.5662
82.0000 2.7494
83.0000 2.6563
84.0000 2.4827
85.0000 2.3549
86.0000 2.1871
87.0000 2.0089
88.0000 2.2078
89.0000 2.1123
90.0000 2.2939
91.0000 2.3604
92.0000 2.5587
93.0000 2.7173
94.0000 2.8834
95.0000 2.8347
96.0000 2.8406
97.0000 3.0390
98.0000 3.0981
99.0000 3.2392
100.0000 3.4264
101.0000 3.2780
102.0000 3.2212
103.0000 3.4169
104.0000 3.3811
105.0000 3.3714
106.0000 3.4433
107.0000 3.2547
108.0000 3.3595
109.0000 3.5179
110.0000 3.3369
111.0000 3.1615
112.0000 3.0328
113.0000 2.9294
114.0000 3.1154
115.0000 2.9158
116.0000 2.9717
117.0000 2.9840
118.0000 3.0168
119.0000 3.2037
120.0000 3.3658
121.0000 3.1821
122.0000 3.0668
123.0000 2.8751
124.0000 2.6886
125.0000 2.7226
126.0000 2.5738
127.0000 2.4112
128.0000 2.5428
129.0000 2.3438
130.0000 2.1601
131.0000 2.0058
132.0000 1.9511
133.0000 1.9866
134.0000 1.9370
135.0000 1.8422
136.0000 1.9018
137.0000 1.9080
138.0000 1.7463
139.0000 1.6938
140.0000 1.7707
141.0000 1.9626
142.0000 2.0278
143.0000 1.9246
144.0000 2.1223
145.0000 2.0268
146.0000 2.0509
147.0000 1.8513
148.0000 1.6722
149.0000 1.5256
150.0000 1.3905
151.0000 1.4097
