1.0000 3.1475
2.0000 2.9487
3.0000 3.1263
4.0000 2.9554
5.0000 3.1432
6.0000 2.9698
7.0000 2.8664
8.0000 3.0407
9.0000 2.9565
10.0000 3.0232
11.0000 2.9762
12.0000 3.0918
13.0000 3.2378
14.0000 3.3059
15.0000 3.1355
16.0000 2.9694
17.0000 2.8233
18.0000 2.8190
19.0000 2.6501
20.0000 2.7375
21.0000 2.8722
22.0000 2.6741
23.0000 2.8720
24.0000 2.7137
25.0000 2.5267
26.0000 2.3288
27.0000 2.5263
28.0000 2.3947
29.0000 2.3596
30.0000 2.3751
31.0000 2.1808
32.0000 2.3683
33.0000 2.5668
34.0000 2.7370
35.0000 2.7999
36.0000 2.6185
37.0000 2.7982
38.0000 2.6472
39.0000 2.6300
40.0000 2.7462
41.0000 2.9421
42.0000 2.8110
43.0000 2.6323
44.0000 2.7415
45.0000 2.9383
46.0000 2.7942
47.0000 2.5963
48.0000 2.7896
49.0000 2.7139
50.0000 2.7360
51.0000 2.6696
52.0000 2.5279
53.0000 2.7211
54.0000 2.7569
55.0000 2.8587
56.0000 2.9920
57.0000 2.8907
58.0000 2.7614
59.0000 2.9013
60.0000 2.9647
61.0000 2.8167
62.0000 2.7385
63.0000 2.9107
64.0000 2.7322
65.0000 2.5666
66.0000 2.7032
67.0000 2.7451
68.0000 2.5596
69.0000 2.3628
70.0000 2.2699
71.0000 2.3558
72.0000 2.2392
73.0000 2.0747
74.0000 1.8796
75.0000 1.6806
76.0000 1.8710
77.0000 1.7628
78.0000 1.5724
79.0000 1.7653
80.0000 1.9312
81.0000 1.9093
82.0000 2.0091
83.0000 2.1004
84.0000 1.9757
85.0000 2.0309
86.0000 1.9142
87.0000 1.9073
88.0000 2.1031
89.0000 1.9833
90.0000 2.0996
91.0000 2.2996
92.0000 2.2609
93.0000 2.3331
94.0000 2.3541
95.0000 2.5462
96.0000 2.7406
97.0000 2.8236
98.0000 2.8898
99.0000 2.9919
100.0000 2.8313
101.0000 2.6911
102.0000 2.8704
103.0000 2.8821
104.0000 2.7282
105.0000 2.9272
106.0000 2.9856
107.0000 3.1533
108.0000 3.0288
109.0000 2.8527
110.0000 2.8097
111.0000 3.0059
112.0000 2.9143
113.0000 3.0996
114.0000 3.1850
115.0000 3.1009
116.0000 3.1609
117.0000 2.9689
118.0000 2.9141
119.0000 2.7188
120.0000 2.5378
121.0000 2.7343
122.0000 2.8760
123.0000 3.0567
124.0000 2.8908
125.0000 2.8187
126.0000 2.9927
127.0000 2.8218
128.0000 3.0184
129.0000 2.9233
130.0000 2.7271
131.0000 2.6525
132.0000 2.7399
133.0000 2.9168
134.0000 2.7483
135.0000 2.5559
136.0000 2.3866
137.0000 2.4095
138.0000 2.5796
139.0000 2.6072
140.0000 2.4248
141.0000 2.6060
142.0000 2.5395
143.0000 2.5042
144.0000 2.6449
145.0000 2.8198
146.0000 2.7145
147.0000 2.9140
148.0000 3.0819
149.0000 3.2746
150.0000 3.1522
151.0000 3.2598
