1.0000 2.9886
2.0000 2.8339
3.0000 2.6361
4.0000 2.7228
5.0000 2.8769
6.0000 2.9705
7.0000 3.0799
8.0000 3.0448
9.0000 3.0675
10.0000 3.1916
11.0000 3.3916
12.0000 3.1963
13.0000 3.0135
14.0000 3.0530
15.0000 2.8530
16.0000 2.7040
17.0000 2.5163
18.0000 2.6653
19.0000 2.8082
20.0000 2.9501
21.0000 3.1421
22.0000 3.3409
23.0000 3.2128
24.0000 3.0275
25.0000 2.9639
26.0000 2.9896
27.0000 3.1340
28.0000 3.2458
29.0000 3.4325
30.0000 3.2486
31.0000 3.2327
32.0000 3.1224
33.0000 3.3211
34.0000 3.3266
35.0000 3.5181
36.0000 3.6399
37.0000 3.4399
38.0000 3.2556
39.0000 3.3107
40.0000 3.5014
41.0000 3.3066
42.0000 3.1741
43.0000 3.0161
44.0000 3.1112
45.0000 2.9135
46.0000 2.7415
47.0000 2.7334
48.0000 2.5377
49.0000 2.3390
50.0000 2.4970
51.0000 2.2999
52.0000 2.2125
53.0000 2.1025
54.0000 2.0166
55.0000 1.8420
56.0000 1.7985
57.0000 1.5989
58.0000 1.4163
59.0000 1.5869
60.0000 1.6928
61.0000 1.8083
62.0000 1.6097
63.0000 1.7768
64.0000 1.8796
65.0000 1.9989
66.0000 1.9378
67.0000 1.8203
68.0000 2.0188
69.0000 1.8248
70.0000 1.9654
71.0000 2.0152
72.0000 2.0581
73.0000 2.0361
74.0000 1.8683
75.0000 1.7793
76.0000 1.5955
77.0000 1.4415
78.0000 1.4675
79.0000 1.2830
80.0000 1.4823
81.0000 1.3825
82.0000 1.2678
83.0000 1.2101
84.0000 1.2885
85.0000 1.3979
86.0000 1.3701
87.0000 1.2049
88.0000 1.1990
89.0000 1.1645
90.0000 1.3351
91.0000 1.4141
92.0000 1.5992
93.0000 1.4033
94.0000 1.2089
95.0000 1.4086
96.0000 1.2278
97.0000 1.0428
98.0000 1.2080
99.0000 1.3551
100.0000 1.4593
101.0000 1.6518
102.0000 1.6404
103.0000 1.5340
104.0000 1.7309
105.0000 1.9265
106.0000 2.1035
107.0000 2.1683
108.0000 2.3579
109.0000 2.2533
110.0000 2.4202
111.0000 2.5505
112.0000 2.4686
113.0000 2.4761
114.0000 2.6384
115.0000 2.5266
116.0000 2.6987
117.0000 2.5814
118.0000 2.7268
119.0000 2.9161
120.0000 2.9069
121.0000 2.7074
122.0000 2.8239
123.0000 2.7138
124.0000 2.5158
125.0000 2.3158
126.0000 2.3250
127.0000 2.1760
128.0000 2.3173
129.0000 2.1903
130.0000 2.1200
131.0000 2.0820
132.0000 2.0014
133.0000 2.1894
134.0000 2.1918
135.0000 2.0412
136.0000 1.9776
137.0000 2.1691
138.0000 1.9860
139.0000 1.7873
140.0000 1.8030
141.0000 1.8911
142.0000 1.8310
143.0000 1.6670
144.0000 1.7631
145.0000 1.6654
146.0000 1.8076
147.0000 1.8722
148.0000 1.7934
149.0000 1.6151
150.0000 1.8025
151.0000 1.8063
