1.0000 3.3506
2.0000 3.5497
3.0000 3.4739
4.0000 3.6435
5.0000 3.8424
6.0000 3.8912
7.0000 3.8582
8.0000 3.6821
9.0000 3.6252
10.0000 3.4409
11.0000 3.5985
12.0000 3.4901
13.0000 3.3277
14.0000 3.5078
15.0000 3.3230
16.0000 3.1233
17.0000 3.0508
18.0000 2.9932
19.0000 3.1020
20.0000 3.0906
21.0000 3.2080
22.0000 3.2159
23.0000 3.0607
24.0000 3.2371
25.0000 3.2437
26.0000 3.4421
27.0000 3.2427
28.0000 3.2161
29.0000 3.2872
30.0000 3.4867
31.0000 3.4061
32.0000 3.4819
33.0000 3.3222
34.0000 3.5119
35.0000 3.6449
36.0000 3.8436
37.0000 3.9668
38.0000 4.1252
39.0000 4.2405
40.0000 4.1223
41.0000 3.9325
42.0000 4.1012
43.0000 3.9990
44.0000 3.8328
45.0000 3.8036
46.0000 3.6164
47.0000 3.6661
48.0000 3.8207
49.0000 3.6223
50.0000 3.6055
51.0000 3.6986
52.0000 3.6667
53.0000 3.8657
54.0000 3.7309
55.0000 3.5311
56.0000 3.7311
57.0000 3.8016
58.0000 3.9541
59.0000 4.1222
60.0000 4.0100
61.0000 4.0639
62.0000 4.1728
63.0000 4.3128
64.0000 4.3109
65.0000 4.1756
66.0000 4.2351
67.0000 4.2977
68.0000 4.1026
69.0000 4.2385
70.0000 4.0511
71.0000 3.8746
72.0000 3.7334
73.0000 3.9249
74.0000 4.0574
75.0000 3.8876
76.0000 4.0827
77.0000 4.1474
78.0000 3.9595
79.0000 3.8922
80.0000 4.0449
81.0000 3.8830
82.0000 3.7682
83.0000 3.9674
84.0000 3.7853
85.0000 3.8334
86.0000 3.9635
87.0000 3.9840
88.0000 4.1651
89.0000 3.9910
90.0000 3.8990
91.0000 3.7019
92.0000 3.5095
93.0000 3.3218
94.0000 3.2206
95.0000 3.2384
96.0000 3.4214
97.0000 3.6048
98.0000 3.8048
99.0000 4.0044
100.0000 3.8705
101.0000 3.8671
102.0000 3.6693
103.0000 3.6326
104.0000 3.6554
105.0000 3.8331
106.0000 3.6368
107.0000 3.7502
108.0000 3.5775
109.0000 3.7457
110.0000 3.8820
111.0000 4.0222
112.0000 4.0494
113.0000 3.8683
114.0000 4.0338
115.0000 4.0439
116.0000 3.8605
117.0000 3.7310
118.0000 3.9288
119.0000 4.0286
120.0000 3.8930
121.0000 3.7752
122.0000 3.9620
123.0000 4.0451
124.0000 4.0373
125.0000 3.8595
126.0000 3.9059
127.0000 3.9168
128.0000 3.7994
129.0000 3.5997
130.0000 3.6812
131.0000 3.5402
132.0000 3.7350
133.0000 3.9327
134.0000 4.0988
135.0000 4.1576
136.0000 4.2142
137.0000 4.0232
138.0000 3.8518
139.0000 3.6837
140.0000 3.6879
141.0000 3.8857
142.0000 3.9419
143.0000 3.8138
144.0000 3.6679
145.0000 3.8104
146.0000 3.6186
147.0000 3.8083
148.0000 3.8069
149.0000 3.7463
150.0000 3.8671
151.0000 3.9301
