1.0000 3.1168
2.0000 3.2629
3.0000 3.2274
4.0000 3.0960
5.0000 2.9000
6.0000 2.8714
7.0000 3.0493
8.0000 2.9747
9.0000 2.7934
10.0000 2.8314
11.0000 2.9926
12.0000 2.7926
13.0000 2.7134
14.0000 2.5148
15.0000 2.6287
16.0000 2.7860
17.0000 2.6065
18.0000 2.4703
19.0000 2.6602
20.0000 2.6234
21.0000 2.6911
22.0000 2.8689
23.0000 2.7109
24.0000 2.8315
25.0000 2.9824
26.0000 3.0626
27.0000 3.0200
28.0000 3.1642
29.0000 3.1387
30.0000 3.2510
31.0000 3.1180
32.0000 3.1837
33.0000 3.0407
34.0000 3.1417
35.0000 3.1364
36.0000 2.9489
37.0000 2.9520
38.0000 3.0845
39.0000 2.8994
40.0000 2.8208
41.0000 2.6209
42.0000 2.7986
43.0000 2.6182
44.0000 2.8182
45.0000 2.6781
46.0000 2.8228
47.0000 2.8555
48.0000 2.7529
49.0000 2.5618
50.0000 2.7602
51.0000 2.5604
52.0000 2.6666
53.0000 2.8335
54.0000 2.6549
55.0000 2.7404
56.0000 2.8618
57.0000 2.8445
58.0000 2.9825
59.0000 3.0706
60.0000 2.8845
61.0000 2.9409
62.0000 3.1386
63.0000 3.2057
64.0000 3.2713
65.0000 3.4078
66.0000 3.2081
67.0000 3.0139
68.0000 3.0214
69.0000 2.9010
70.0000 2.7055
71.0000 2.5329
72.0000 2.7327
73.0000 2.8826
74.0000 2.9959
75.0000 2.8094
76.0000 2.9360
77.0000 2.7363
78.0000 2.6420
79.0000 2.4420
80.0000 2.5140
81.0000 2.3815
82.0000 2.3906
83.0000 2.1906
84.0000 1.9929
85.0000 1.8484
86.0000 1.8737
87.0000 1.7592
88.0000 1.9314
89.0000 1.7401
90.0000 1.7374
91.0000 1.5418
92.0000 1.3967
93.0000 1.2407
94.0000 1.3279
95.0000 1.3605
96.0000 1.1638
97.0000 1.1250
98.0000 1.1698
99.0000 1.3200
100.0000 1.1382
101.0000 1.2721
102.0000 1.4053
103.0000 1.2270
104.0000 1.0932
105.0000 1.1233
106.0000 1.0594
107.0000 0.8697
108.0000 0.9816
109.0000 1.0745
110.0000 1.2615
111.0000 1.2792
112.0000 1.3700
113.0000 1.5619
114.0000 1.4515
115.0000 1.6342
116.0000 1.7385
117.0000 1.8867
118.0000 1.8354
119.0000 1.9975
120.0000 1.8122
121.0000 1.9654
122.0000 2.1648
123.0000 2.2236
124.0000 2.3729
125.0000 2.2226
126.0000 2.3975
127.0000 2.4151
128.0000 2.6103
129.0000 2.5866
130.0000 2.7436
131.0000 2.7539
132.0000 2.9449
133.0000 2.7556
134.0000 2.9409
135.0000 2.7410
136.0000 2.5946
137.0000 2.4351
138.0000 2.5682
139.0000 2.7446
140.0000 2.9095
141.0000 2.9065
142.0000 2.9927
143.0000 2.8615
144.0000 2.6630
145.0000 2.8390
146.0000 2.9216
147.0000 3.0331
148.0000 2.8662
149.0000 2.8764
150.0000 2.7769
151.0000 2.6002
