1.0000 2.9712
2.0000 2.9200
3.0000 2.9188
4.0000 2.8057
5.0000 2.9586
6.0000 2.8868
7.0000 2.8616
8.0000 2.6630
9.0000 2.7184
10.0000 2.7767
11.0000 2.9766
12.0000 2.7770
13.0000 2.5773
14.0000 2.4150
15.0000 2.5852
16.0000 2.6347
17.0000 2.8326
18.0000 2.9713
19.0000 3.1386
20.0000 2.9685
21.0000 2.7696
22.0000 2.7913
23.0000 2.9143
24.0000 2.7605
25.0000 2.8982
26.0000 2.8989
27.0000 3.0931
28.0000 3.2069
29.0000 3.3872
30.0000 3.3231
31.0000 3.4253
32.0000 3.3410
33.0000 3.4621
34.0000 3.6607
35.0000 3.8256
36.0000 3.6710
37.0000 3.6428
38.0000 3.6980
39.0000 3.5033
40.0000 3.5839
41.0000 3.7251
42.0000 3.8745
43.0000 3.7917
44.0000 3.8270
45.0000 3.9948
46.0000 3.9147
47.0000 3.9425
48.0000 3.9783
49.0000 3.8730
50.0000 3.6858
51.0000 3.5876
52.0000 3.5820
53.0000 3.4196
54.0000 3.5778
55.0000 3.5537
56.0000 3.3537
57.0000 3.4944
58.0000 3.6632
59.0000 3.8060
60.0000 3.6062
61.0000 3.4068
62.0000 3.2774
63.0000 3.1815
64.0000 3.0147
65.0000 3.2121
66.0000 3.1363
67.0000 2.9711
68.0000 3.1138
69.0000 3.0188
70.0000 2.8258
71.0000 2.9283
72.0000 2.8817
73.0000 2.8333
74.0000 2.9375
75.0000 2.9885
76.0000 3.0662
77.0000 3.2190
78.0000 3.2129
79.0000 3.0645
80.0000 2.8731
81.0000 2.8375
82.0000 2.6826
83.0000 2.8438
84.0000 2.7639
85.0000 2.9553
86.0000 3.0597
87.0000 3.1323
88.0000 2.9758
89.0000 2.8376
90.0000 2.7614
91.0000 2.5752
92.0000 2.7508
93.0000 2.9011
94.0000 2.9583
95.0000 3.1439
96.0000 2.9787
97.0000 3.1764
98.0000 3.2984
99.0000 3.1343
100.0000 3.2506
101.0000 3.0679
102.0000 3.2678
103.0000 3.1946
104.0000 3.3703
105.0000 3.4972
106.0000 3.6903
107.0000 3.6322
108.0000 3.8140
109.0000 3.6331
110.0000 3.5149
111.0000 3.7017
112.0000 3.8867
113.0000 3.8139
114.0000 3.6461
115.0000 3.4477
116.0000 3.3767
117.0000 3.4488
118.0000 3.5101
119.0000 3.5106
120.0000 3.3684
121.0000 3.5567
122.0000 3.4546
123.0000 3.6319
124.0000 3.8240
125.0000 3.6241
126.0000 3.4262
127.0000 3.4260
128.0000 3.6005
129.0000 3.7431
130.0000 3.8228
131.0000 4.0228
132.0000 3.8228
133.0000 3.6537
134.0000 3.4922
135.0000 3.3335
136.0000 3.5298
137.0000 3.6529
138.0000 3.5896
139.0000 3.7658
140.0000 3.5679
141.0000 3.5966
142.0000 3.7707
143.0000 3.5808
144.0000 3.7052
145.0000 3.5054
146.0000 3.4332
147.0000 3.2414
148.0000 3.1911
149.0000 3.3202
150.0000 3.3624
151.0000 3.5200
