1.0000 3.2574
2.0000 3.4549
3.0000 3.2569
4.0000 3.4176
5.0000 3.3508
6.0000 3.1671
7.0000 3.0512
8.0000 3.1491
9.0000 3.0740
10.0000 2.8740
11.0000 2.6772
12.0000 2.5074
13.0000 2.6861
14.0000 2.7868
15.0000 2.6138
16.0000 2.7901
17.0000 2.9676
18.0000 2.7807
19.0000 2.8059
20.0000 2.6336
21.0000 2.7366
22.0000 2.9360
23.0000 2.7410
24.0000 2.5618
25.0000 2.4609
26.0000 2.6060
27.0000 2.5041
28.0000 2.3103
29.0000 2.2982
30.0000 2.1125
31.0000 2.0272
32.0000 1.9465
33.0000 1.9059
34.0000 1.7228
35.0000 1.5228
36.0000 1.3618
37.0000 1.2325
38.0000 1.4011
39.0000 1.2606
40.0000 1.2072
41.0000 1.2030
42.0000 1.1182
43.0000 0.9514
44.0000 0.7974
45.0000 0.6840
46.0000 0.7583
47.0000 0.6947
48.0000 0.6209
49.0000 0.8017
50.0000 0.7940
51.0000 0.9931
52.0000 1.1825
53.0000 1.2209
54.0000 1.0263
55.0000 0.8854
56.0000 1.0727
57.0000 1.1783
58.0000 1.1451
59.0000 0.9576
60.0000 0.9285
61.0000 0.9634
62.0000 1.1354
63.0000 1.0289
64.0000 0.8649
65.0000 0.7998
66.0000 0.7416
67.0000 0.6747
68.0000 0.6118
69.0000 0.4538
70.0000 0.5986
71.0000 0.7894
72.0000 0.9701
73.0000 1.0675
74.0000 1.0474
75.0000 0.8672
76.0000 1.0663
77.0000 1.0238
78.0000 1.2233
79.0000 1.1185
80.0000 1.0463
81.0000 1.1015
82.0000 1.1610
83.0000 0.9643
84.0000 0.8270
85.0000 0.6937
86.0000 0.7427
87.0000 0.6015
88.0000 0.7106
89.0000 0.7484
90.0000 0.8485
91.0000 0.9957
92.0000 1.1857
93.0000 1.1783
94.0000 1.0194
95.0000 0.8219
96.0000 1.0030
97.0000 1.0968
98.0000 1.2208
99.0000 1.0860
100.0000 1.2497
101.0000 1.3158
102.0000 1.1435
103.0000 1.0813
104.0000 0.8967
105.0000 1.0863
106.0000 1.1922
107.0000 1.3915
108.0000 1.3094
109.0000 1.5083
110.0000 1.6653
111.0000 1.8524
112.0000 1.6562
113.0000 1.4908
114.0000 1.6848
115.0000 1.7086
116.0000 1.8853
117.0000 2.0809
118.0000 1.9402
119.0000 2.1369
120.0000 2.2895
121.0000 2.1501
122.0000 2.3386
123.0000 2.1653
124.0000 2.3134
125.0000 2.4801
126.0000 2.4691
127.0000 2.2833
128.0000 2.0855
129.0000 2.2069
130.0000 2.1804
131.0000 2.0806
132.0000 2.2214
133.0000 2.3785
134.0000 2.2171
135.0000 2.1038
136.0000 2.1028
137.0000 1.9514
138.0000 1.8583
139.0000 1.8718
140.0000 1.6720
141.0000 1.6997
142.0000 1.7994
143.0000 1.9149
144.0000 1.7277
145.0000 1.7177
146.0000 1.6100
147.0000 1.7007
148.0000 1.8553
149.0000 1.6564
150.0000 1.5281
151.0000 1.5001
