1.0000 3.1635
2.0000 3.1558
3.0000 3.1443
4.0000 2.9927
5.0000 3.1852
6.0000 3.3779
7.0000 3.5649
8.0000 3.4858
9.0000 3.6473
10.0000 3.5787
11.0000 3.7340
12.0000 3.5597
13.0000 3.7591
14.0000 3.8417
15.0000 4.0086
16.0000 4.0830
17.0000 4.2378
18.0000 4.3071
19.0000 4.1954
20.0000 4.2683
21.0000 4.2171
22.0000 4.1651
23.0000 4.1481
24.0000 4.0263
25.0000 4.1311
26.0000 4.1780
27.0000 4.0399
28.0000 4.0196
29.0000 3.9397
30.0000 3.7608
31.0000 3.9572
32.0000 4.1167
33.0000 4.2078
34.0000 4.1623
35.0000 4.0021
36.0000 4.1233
37.0000 3.9859
38.0000 3.8959
39.0000 4.0304
40.0000 4.0189
41.0000 4.1656
42.0000 4.2629
43.0000 4.0758
44.0000 4.2745
45.0000 4.2835
46.0000 4.3885
47.0000 4.2808
48.0000 4.2270
49.0000 4.3542
50.0000 4.3628
51.0000 4.2529
52.0000 4.1069
53.0000 4.2616
54.0000 4.1675
55.0000 4.2145
56.0000 4.0485
57.0000 3.9335
58.0000 4.1108
59.0000 4.1867
60.0000 4.1620
61.0000 4.1385
62.0000 4.0564
63.0000 3.9888
64.0000 3.9856
65.0000 4.1318
66.0000 4.2000
67.0000 4.1026
68.0000 3.9614
69.0000 4.1396
70.0000 4.0032
71.0000 3.9556
72.0000 4.1267
73.0000 4.0981
74.0000 4.2175
75.0000 4.3707
76.0000 4.2762
77.0000 4.0763
78.0000 4.1785
79.0000 4.0725
80.0000 4.0607
81.0000 4.2445
82.0000 4.0481
83.0000 3.8881
84.0000 4.0879
85.0000 3.9061
86.0000 3.7393
87.0000 3.9228
88.0000 3.9866
89.0000 3.9928
90.0000 3.8152
91.0000 3.9976
92.0000 3.9817
93.0000 3.7981
94.0000 3.6481
95.0000 3.7945
96.0000 3.9031
97.0000 3.8660
98.0000 3.8271
99.0000 3.6419
100.0000 3.5965
101.0000 3.7769
102.0000 3.7016
103.0000 3.8231
104.0000 3.8506
105.0000 3.8700
106.0000 3.6761
107.0000 3.7102
108.0000 3.8627
109.0000 3.6729
110.0000 3.5045
111.0000 3.5971
112.0000 3.5103
113.0000 3.6356
114.0000 3.7024
115.0000 3.7861
116.0000 3.8338
117.0000 3.8789
118.0000 3.9966
119.0000 4.0361
120.0000 4.2147
121.0000 4.2378
122.0000 4.3309
123.0000 4.1343
124.0000 4.2741
125.0000 4.0743
126.0000 4.1046
127.0000 4.2897
128.0000 4.1847
129.0000 4.1361
130.0000 4.2556
131.0000 4.2090
132.0000 4.0748
133.0000 4.2054
134.0000 4.0640
135.0000 3.8873
136.0000 3.8925
137.0000 4.0615
138.0000 4.0870
139.0000 3.9239
140.0000 4.0836
141.0000 4.1129
142.0000 4.1667
143.0000 4.0300
144.0000 3.8643
145.0000 3.8243
146.0000 3.8420
147.0000 3.8903
148.0000 4.0500
149.0000 4.2461
150.0000 4.2888
151.0000 4.2971
