1.0000 3.1537
2.0000 3.2211
3.0000 3.2765
4.0000 3.2914
5.0000 3.0920
6.0000 2.9159
7.0000 3.0671
8.0000 3.2653
9.0000 3.1692
10.0000 3.3685
11.0000 3.4794
12.0000 3.6760
13.0000 3.5011
14.0000 3.6893
15.0000 3.4991
16.0000 3.6968
17.0000 3.8366
18.0000 3.7070
19.0000 3.8968
20.0000 4.0947
21.0000 4.2573
22.0000 4.3087
23.0000 4.2012
24.0000 4.3235
25.0000 4.3524
26.0000 4.2416
27.0000 4.3767
28.0000 4.2876
29.0000 4.0881
30.0000 4.0995
31.0000 3.9001
32.0000 4.0977
33.0000 3.9367
34.0000 3.9622
35.0000 3.8003
36.0000 3.9320
37.0000 4.0988
38.0000 3.9579
39.0000 4.1513
40.0000 3.9834
41.0000 4.1486
42.0000 3.9695
43.0000 4.1130
44.0000 3.9823
45.0000 4.1562
46.0000 4.0000
47.0000 3.8465
48.0000 3.9388
49.0000 3.9651
50.0000 3.8553
51.0000 3.6579
52.0000 3.7912
53.0000 3.9511
54.0000 3.9079
55.0000 3.8906
56.0000 3.8079
57.0000 3.8956
58.0000 3.6962
59.0000 3.8307
60.0000 4.0297
61.0000 4.1732
62.0000 4.0643
63.0000 4.1961
64.0000 4.0039
65.0000 3.8467
66.0000 3.9702
67.0000 4.1559
68.0000 4.2814
69.0000 4.1509
70.0000 3.9527
71.0000 3.8288
72.0000 4.0120
73.0000 3.8334
74.0000 3.9761
75.0000 3.8240
76.0000 3.7680
77.0000 3.9033
78.0000 3.7732
79.0000 3.8412
80.0000 3.6632
81.0000 3.4766
82.0000 3.2963
83.0000 3.4963
84.0000 3.3252
85.0000 3.2152
86.0000 3.2991
87.0000 3.2455
88.0000 3.4087
89.0000 3.5493
90.0000 3.3496
91.0000 3.1497
92.0000 3.3222
93.0000 3.1245
94.0000 3.0592
95.0000 2.8702
96.0000 2.7099
97.0000 2.8512
98.0000 3.0448
99.0000 3.1665
100.0000 3.0002
101.0000 3.1272
102.0000 2.9274
103.0000 2.7822
104.0000 2.8667
105.0000 2.7369
106.0000 2.6896
107.0000 2.6540
108.0000 2.5164
109.0000 2.5586
110.0000 2.4081
111.0000 2.5130
112.0000 2.7072
113.0000 2.5662
114.0000 2.5020
115.0000 2.6423
116.0000 2.6422
117.0000 2.7844
118.0000 2.8385
119.0000 2.7751
120.0000 2.6717
121.0000 2.8139
122.0000 3.0033
123.0000 3.1588
124.0000 3.1400
125.0000 2.9892
126.0000 2.8626
127.0000 2.7626
128.0000 2.5921
129.0000 2.4770
130.0000 2.4070
131.0000 2.2167
132.0000 2.0807
133.0000 2.0651
134.0000 2.2066
135.0000 2.1057
136.0000 2.3054
137.0000 2.1112
138.0000 2.2533
139.0000 2.1903
140.0000 2.1041
141.0000 2.2903
142.0000 2.1145
143.0000 2.0079
144.0000 1.8091
145.0000 1.7713
146.0000 1.8198
147.0000 1.9459
148.0000 1.9172
149.0000 1.9929
150.0000 2.1336
151.0000 2.0280
