1.0000 3.3567
2.0000 3.3333
3.0000 3.5227
4.0000 3.5560
5.0000 3.7281
6.0000 3.6076
7.0000 3.4989
8.0000 3.5516
9.0000 3.5965
10.0000 3.4652
11.0000 3.6460
12.0000 3.4468
13.0000 3.4531
14.0000 3.5136
15.0000 3.5600
16.0000 3.4874
17.0000 3.5005
18.0000 3.4921
19.0000 3.4095
20.0000 3.5335
21.0000 3.4255
22.0000 3.2861
23.0000 3.4839
24.0000 3.3000
25.0000 3.2052
26.0000 3.3159
27.0000 3.1161
28.0000 2.9531
29.0000 2.8955
30.0000 3.0458
31.0000 3.2076
32.0000 3.4076
33.0000 3.2265
34.0000 3.1923
35.0000 2.9923
36.0000 2.9270
37.0000 3.0549
38.0000 3.2508
39.0000 3.2421
40.0000 3.0710
41.0000 3.2082
42.0000 3.0848
43.0000 3.1770
44.0000 3.3739
45.0000 3.5221
46.0000 3.6308
47.0000 3.7779
48.0000 3.9085
49.0000 3.8322
50.0000 3.8775
51.0000 4.0626
52.0000 4.2136
53.0000 4.0184
54.0000 4.2128
55.0000 4.3541
56.0000 4.2948
57.0000 4.1184
58.0000 3.9398
59.0000 3.7581
60.0000 3.9543
61.0000 3.9371
62.0000 3.7439
63.0000 3.5648
64.0000 3.3825
65.0000 3.5822
66.0000 3.7271
67.0000 3.5586
68.0000 3.3628
69.0000 3.2351
70.0000 3.0356
71.0000 2.8413
72.0000 3.0351
73.0000 3.1565
74.0000 3.0679
75.0000 2.8811
76.0000 2.6866
77.0000 2.4910
78.0000 2.3032
79.0000 2.4494
80.0000 2.5631
81.0000 2.5307
82.0000 2.4007
83.0000 2.4989
84.0000 2.6718
85.0000 2.6339
86.0000 2.5048
87.0000 2.3351
88.0000 2.4795
89.0000 2.5125
90.0000 2.4522
91.0000 2.3682
92.0000 2.2596
93.0000 2.0949
94.0000 2.2605
95.0000 2.1210
96.0000 1.9226
97.0000 2.0420
98.0000 1.8864
99.0000 2.0730
100.0000 2.2730
101.0000 2.4486
102.0000 2.3309
103.0000 2.4615
104.0000 2.5606
105.0000 2.7498
106.0000 2.7588
107.0000 2.6589
108.0000 2.6680
109.0000 2.7562
110.0000 2.6100
111.0000 2.4314
112.0000 2.5124
113.0000 2.5302
114.0000 2.6006
115.0000 2.7988
116.0000 2.9945
117.0000 3.0896
118.0000 3.1275
119.0000 3.2183
120.0000 3.4173
121.0000 3.6026
122.0000 3.5968
123.0000 3.7966
124.0000 3.6073
125.0000 3.5047
126.0000 3.3282
127.0000 3.3204
128.0000 3.2239
129.0000 3.0644
130.0000 2.9725
131.0000 3.0157
132.0000 3.0684
133.0000 3.1109
134.0000 3.1124
135.0000 2.9307
136.0000 3.1162
137.0000 2.9162
138.0000 2.8000
139.0000 2.6003
140.0000 2.6108
141.0000 2.5950
142.0000 2.4773
143.0000 2.4089
144.0000 2.5647
145.0000 2.6471
146.0000 2.4472
147.0000 2.5878
148.0000 2.7531
149.0000 2.9508
150.0000 2.9363
151.0000 3.0436
