1.0000 2.9636
2.0000 3.0983
3.0000 3.1077
4.0000 2.9079
5.0000 3.1075
6.0000 3.1438
7.0000 3.0271
8.0000 3.1570
9.0000 3.0703
10.0000 3.2535
11.0000 3.3561
12.0000 3.5444
13.0000 3.4915
14.0000 3.4653
15.0000 3.6521
16.0000 3.8123
17.0000 3.7113
18.0000 3.8547
19.0000 3.6972
20.0000 3.8972
21.0000 4.0134
22.0000 3.8975
23.0000 3.6981
24.0000 3.6078
25.0000 3.5494
26.0000 3.7257
27.0000 3.6330
28.0000 3.6190
29.0000 3.4770
30.0000 3.6736
31.0000 3.5331
32.0000 3.4371
33.0000 3.2606
34.0000 3.4572
35.0000 3.6141
36.0000 3.5256
37.0000 3.7217
38.0000 3.7649
39.0000 3.8054
40.0000 3.8474
41.0000 3.7377
42.0000 3.5862
43.0000 3.7539
44.0000 3.7719
45.0000 3.7885
46.0000 3.7035
47.0000 3.5344
48.0000 3.6420
49.0000 3.6789
50.0000 3.4814
51.0000 3.5554
52.0000 3.4949
53.0000 3.6433
54.0000 3.7189
55.0000 3.8880
56.0000 4.0137
57.0000 3.9850
58.0000 3.8366
59.0000 3.8440
60.0000 4.0156
61.0000 3.8913
62.0000 4.0691
63.0000 3.8918
64.0000 4.0075
65.0000 4.0964
66.0000 4.1729
67.0000 3.9736
68.0000 3.9218
69.0000 4.0520
70.0000 3.9430
71.0000 4.1319
72.0000 4.0220
73.0000 4.0771
74.0000 3.9406
75.0000 3.8715
76.0000 4.0687
77.0000 4.1303
78.0000 4.0199
79.0000 3.8412
80.0000 4.0360
81.0000 4.0773
82.0000 4.0570
83.0000 4.1841
84.0000 4.0394
85.0000 4.1948
86.0000 3.9968
87.0000 3.8693
88.0000 3.7202
89.0000 3.5203
90.0000 3.3555
91.0000 3.2520
92.0000 3.1277
93.0000 3.1113
94.0000 3.2945
95.0000 3.1361
96.0000 2.9475
97.0000 3.0933
98.0000 3.1918
99.0000 3.0553
100.0000 2.8802
101.0000 2.8548
102.0000 2.8858
103.0000 2.7868
104.0000 2.6064
105.0000 2.5015
106.0000 2.6725
107.0000 2.8566
108.0000 2.6612
109.0000 2.5401
110.0000 2.3642
111.0000 2.1974
112.0000 1.9975
113.0000 1.8199
114.0000 1.9489
115.0000 1.9053
116.0000 1.9326
117.0000 1.8174
118.0000 1.9974
119.0000 2.1533
120.0000 2.3444
121.0000 2.4767
122.0000 2.3137
123.0000 2.4536
124.0000 2.3209
125.0000 2.1316
126.0000 1.9326
127.0000 2.1326
128.0000 2.1679
129.0000 2.0130
130.0000 2.1023
131.0000 2.0767
132.0000 1.8810
133.0000 2.0153
134.0000 1.8419
135.0000 1.9978
136.0000 2.0818
137.0000 2.1533
138.0000 2.2732
139.0000 2.2967
140.0000 2.4966
141.0000 2.3039
142.0000 2.4903
143.0000 2.4029
144.0000 2.6017
145.0000 2.7596
146.0000 2.5600
147.0000 2.7455
148.0000 2.5582
149.0000 2.7026
150.0000 2.6636
151.0000 2.4646
