1.0000 3.2019
2.0000 3.0646
3.0000 3.1137
4.0000 3.2475
5.0000 3.0784
6.0000 3.2777
7.0000 3.4093
8.0000 3.6093
9.0000 3.4786
10.0000 3.5006
11.0000 3.4740
12.0000 3.2741
13.0000 3.4442
14.0000 3.4939
15.0000 3.3094
16.0000 3.4686
17.0000 3.5417
18.0000 3.4892
19.0000 3.6429
20.0000 3.4484
21.0000 3.4469
22.0000 3.6442
23.0000 3.7928
24.0000 3.6708
25.0000 3.4886
26.0000 3.4086
27.0000 3.6045
28.0000 3.5261
29.0000 3.3502
30.0000 3.2070
31.0000 3.0070
32.0000 2.8959
33.0000 2.8161
34.0000 2.6550
35.0000 2.8410
36.0000 2.9526
37.0000 2.7594
38.0000 2.6510
39.0000 2.6300
40.0000 2.4453
41.0000 2.4225
42.0000 2.6222
43.0000 2.6041
44.0000 2.4106
45.0000 2.2145
46.0000 2.3926
47.0000 2.4276
48.0000 2.6052
49.0000 2.7580
50.0000 2.5720
51.0000 2.7178
52.0000 2.9168
53.0000 3.1007
54.0000 3.1405
55.0000 2.9442
56.0000 3.1435
57.0000 2.9441
58.0000 2.7496
59.0000 2.6259
60.0000 2.4382
61.0000 2.6270
62.0000 2.4576
63.0000 2.2731
64.0000 2.2910
65.0000 2.4890
66.0000 2.3091
67.0000 2.2929
68.0000 2.2856
69.0000 2.4796
70.0000 2.4764
71.0000 2.3266
72.0000 2.3538
73.0000 2.2788
74.0000 2.2902
75.0000 2.2029
76.0000 2.2322
77.0000 2.4265
78.0000 2.2646
79.0000 2.0741
80.0000 2.1774
81.0000 1.9779
82.0000 2.1773
83.0000 2.0048
84.0000 2.1946
85.0000 2.3775
86.0000 2.4431
87.0000 2.4923
88.0000 2.2956
89.0000 2.2359
90.0000 2.0359
91.0000 1.8824
92.0000 1.9932
93.0000 2.0938
94.0000 2.1678
95.0000 2.0863
96.0000 2.2738
97.0000 2.2412
98.0000 2.0513
99.0000 2.1566
100.0000 2.1341
101.0000 2.0506
102.0000 2.2096
103.0000 2.2360
104.0000 2.2259
105.0000 2.3838
106.0000 2.5705
107.0000 2.3706
108.0000 2.5703
109.0000 2.6553
110.0000 2.8482
111.0000 2.9339
112.0000 2.8346
113.0000 2.6349
114.0000 2.8319
115.0000 2.9476
116.0000 3.0089
117.0000 2.9040
118.0000 2.7061
119.0000 2.9060
120.0000 2.8056
121.0000 2.6763
122.0000 2.6651
123.0000 2.8288
124.0000 2.9409
125.0000 3.1405
126.0000 3.1783
127.0000 3.0015
128.0000 2.9729
129.0000 2.8183
130.0000 2.6903
131.0000 2.8735
132.0000 2.9777
133.0000 2.8016
134.0000 2.7220
135.0000 2.7609
136.0000 2.9068
137.0000 2.7457
138.0000 2.5730
139.0000 2.6217
140.0000 2.6582
141.0000 2.6132
142.0000 2.7323
143.0000 2.9220
144.0000 2.7332
145.0000 2.5398
146.0000 2.3537
147.0000 2.3874
148.0000 2.4908
149.0000 2.6823
150.0000 2.5421
151.0000 2.5181
