1.0000 2.9645
2.0000 2.7784
3.0000 2.8173
4.0000 3.0004
5.0000 2.8605
6.0000 3.0502
7.0000 3.0090
8.0000 2.8301
9.0000 2.6301
10.0000 2.7282
11.0000 2.6986
12.0000 2.5061
13.0000 2.5047
14.0000 2.6525
15.0000 2.7779
16.0000 2.5946
17.0000 2.5202
18.0000 2.4058
19.0000 2.6049
20.0000 2.5647
21.0000 2.5531
22.0000 2.7456
23.0000 2.8844
24.0000 3.0676
25.0000 3.0325
26.0000 3.2229
27.0000 3.3820
28.0000 3.5217
29.0000 3.5049
30.0000 3.4237
31.0000 3.3987
32.0000 3.5350
33.0000 3.3764
34.0000 3.2056
35.0000 3.1543
36.0000 2.9573
37.0000 2.9627
38.0000 2.9445
39.0000 3.1445
40.0000 2.9548
41.0000 3.1267
42.0000 3.2054
43.0000 3.1105
44.0000 2.9260
45.0000 3.1134
46.0000 3.1363
47.0000 3.0923
48.0000 3.2921
49.0000 3.1574
50.0000 3.0215
51.0000 2.9025
52.0000 3.0455
53.0000 3.0268
54.0000 3.1290
55.0000 3.2353
56.0000 3.0888
57.0000 3.2704
58.0000 3.2483
59.0000 3.0656
60.0000 3.2376
61.0000 3.0648
62.0000 2.9194
63.0000 2.7783
64.0000 2.6419
65.0000 2.7319
66.0000 2.6275
67.0000 2.4349
68.0000 2.5603
69.0000 2.6362
70.0000 2.8257
71.0000 3.0151
72.0000 3.0247
73.0000 3.0972
74.0000 2.9545
75.0000 3.0887
76.0000 3.0673
77.0000 3.1780
78.0000 3.3322
79.0000 3.1322
80.0000 2.9322
81.0000 3.1144
82.0000 3.0896
83.0000 3.1611
84.0000 3.3548
85.0000 3.1682
86.0000 3.3044
87.0000 3.4987
88.0000 3.5787
89.0000 3.5573
90.0000 3.4605
91.0000 3.5339
92.0000 3.3895
93.0000 3.5113
94.0000 3.4819
95.0000 3.3592
96.0000 3.5430
97.0000 3.3436
98.0000 3.2232
99.0000 3.2372
100.0000 3.4321
101.0000 3.4403
102.0000 3.4056
103.0000 3.2587
104.0000 3.4261
105.0000 3.4063
106.0000 3.5263
107.0000 3.3897
108.0000 3.3234
109.0000 3.2120
110.0000 3.2705
111.0000 3.3776
112.0000 3.1988
113.0000 3.1049
114.0000 3.0198
115.0000 3.1076
116.0000 2.9258
117.0000 2.9465
118.0000 3.0296
119.0000 2.8300
120.0000 2.7402
121.0000 2.8929
122.0000 2.6978
123.0000 2.8583
124.0000 2.9352
125.0000 2.8380
126.0000 2.6435
127.0000 2.7913
128.0000 2.5944
129.0000 2.7920
130.0000 2.6758
131.0000 2.4948
132.0000 2.5979
133.0000 2.7671
134.0000 2.6081
135.0000 2.5171
136.0000 2.6984
137.0000 2.5119
138.0000 2.6089
139.0000 2.7850
140.0000 2.9447
141.0000 2.9742
142.0000 2.7748
143.0000 2.5754
144.0000 2.7189
145.0000 2.5570
146.0000 2.7569
147.0000 2.6401
148.0000 2.4767
149.0000 2.5800
150.0000 2.7569
151.0000 2.7907
