1.0000 2.9874
2.0000 2.9212
3.0000 3.1177
4.0000 2.9344
5.0000 3.0930
6.0000 3.2884
7.0000 3.2798
8.0000 3.3732
9.0000 3.4340
10.0000 3.4393
11.0000 3.5997
12.0000 3.4904
13.0000 3.3989
14.0000 3.5429
15.0000 3.5191
16.0000 3.7104
17.0000 3.8810
18.0000 3.7101
19.0000 3.8622
20.0000 3.6639
21.0000 3.8544
22.0000 3.9168
23.0000 3.7860
24.0000 3.9585
25.0000 3.9498
26.0000 4.0970
27.0000 3.9310
28.0000 3.7884
29.0000 3.6245
30.0000 3.5059
31.0000 3.4990
32.0000 3.5986
33.0000 3.6976
34.0000 3.5111
35.0000 3.3111
36.0000 3.4098
37.0000 3.5969
38.0000 3.4104
39.0000 3.2774
40.0000 3.1177
41.0000 3.2432
42.0000 3.0496
43.0000 3.1593
44.0000 3.0710
45.0000 2.9084
46.0000 2.9951
47.0000 2.8361
48.0000 2.7651
49.0000 2.5709
50.0000 2.5760
51.0000 2.5136
52.0000 2.5515
53.0000 2.4271
54.0000 2.6207
55.0000 2.8182
56.0000 2.6400
57.0000 2.5813
58.0000 2.7786
59.0000 2.6257
60.0000 2.4789
61.0000 2.5591
62.0000 2.3644
63.0000 2.4831
64.0000 2.5223
65.0000 2.5228
66.0000 2.6117
67.0000 2.6110
68.0000 2.7511
69.0000 2.6333
70.0000 2.5040
71.0000 2.3799
72.0000 2.5703
73.0000 2.4220
74.0000 2.2222
75.0000 2.2814
76.0000 2.1004
77.0000 2.2494
78.0000 2.3489
79.0000 2.3577
80.0000 2.5465
81.0000 2.5208
82.0000 2.4201
83.0000 2.5337
84.0000 2.7312
85.0000 2.9183
86.0000 2.9067
87.0000 2.7073
88.0000 2.8500
89.0000 2.8694
90.0000 2.8284
91.0000 3.0204
92.0000 2.8937
93.0000 3.0790
94.0000 2.9238
95.0000 3.0926
96.0000 3.2905
97.0000 3.3473
98.0000 3.4705
99.0000 3.2996
100.0000 3.4409
101.0000 3.2581
102.0000 3.0979
103.0000 3.0562
104.0000 3.1361
105.0000 2.9628
106.0000 3.0573
107.0000 3.0128
108.0000 3.0924
109.0000 2.9965
110.0000 2.8522
111.0000 3.0042
112.0000 2.8668
113.0000 2.7042
114.0000 2.5131
115.0000 2.5093
116.0000 2.6456
117.0000 2.8322
118.0000 2.9851
119.0000 3.1649
120.0000 3.2630
121.0000 3.1147
122.0000 2.9268
123.0000 2.8003
124.0000 2.6898
125.0000 2.6668
126.0000 2.4674
127.0000 2.4970
128.0000 2.4729
129.0000 2.6604
130.0000 2.7663
131.0000 2.7116
132.0000 2.5153
133.0000 2.3965
134.0000 2.2141
135.0000 2.3533
136.0000 2.2010
137.0000 2.0920
138.0000 1.9065
139.0000 2.1060
140.0000 1.9472
141.0000 2.0860
142.0000 2.2756
143.0000 2.0879
144.0000 1.9047
145.0000 1.8181
146.0000 1.9598
147.0000 1.9530
148.0000 1.9866
149.0000 1.7885
150.0000 1.7193
151.0000 1.5359
