1.0000 3.3377
2.0000 3.1722
3.0000 3.0734
4.0000 3.2492
5.0000 3.1474
6.0000 3.0981
7.0000 3.2476
8.0000 3.2909
9.0000 3.3042
10.0000 3.4815
11.0000 3.2905
12.0000 3.4433
13.0000 3.2502
14.0000 3.1232
15.0000 2.9385
16.0000 2.9305
17.0000 2.9689
18.0000 2.8860
19.0000 2.7814
20.0000 2.6902
21.0000 2.8208
22.0000 3.0208
23.0000 2.8414
24.0000 2.8839
25.0000 2.7534
26.0000 2.5703
27.0000 2.3884
28.0000 2.3905
29.0000 2.1966
30.0000 1.9967
31.0000 1.8258
32.0000 1.8229
33.0000 1.7444
34.0000 1.9110
35.0000 1.7674
36.0000 1.9396
37.0000 2.1092
38.0000 2.1185
39.0000 2.2691
40.0000 2.1075
41.0000 1.9774
42.0000 1.9605
43.0000 2.1594
44.0000 2.3594
45.0000 2.2888
46.0000 2.0892
47.0000 1.8900
48.0000 1.9751
49.0000 1.8049
50.0000 1.6910
51.0000 1.8885
52.0000 1.6920
53.0000 1.7949
54.0000 1.7102
55.0000 1.9096
56.0000 1.9161
57.0000 2.0133
58.0000 1.9877
59.0000 2.1873
60.0000 1.9926
61.0000 1.8327
62.0000 1.7225
63.0000 1.5326
64.0000 1.7242
65.0000 1.8059
66.0000 1.6147
67.0000 1.8137
68.0000 1.9786
69.0000 1.8350
70.0000 2.0183
71.0000 2.1172
72.0000 1.9904
73.0000 2.1877
74.0000 2.2142
75.0000 2.4092
76.0000 2.4906
77.0000 2.3324
78.0000 2.4284
79.0000 2.4052
80.0000 2.5953
81.0000 2.4047
82.0000 2.5999
83.0000 2.7517
84.0000 2.5987
85.0000 2.7084
86.0000 2.8595
87.0000 2.6749
88.0000 2.4750
89.0000 2.3161
90.0000 2.4580
91.0000 2.3096
92.0000 2.4889
93.0000 2.6347
94.0000 2.5419
95.0000 2.7168
96.0000 2.9131
97.0000 2.7445
98.0000 2.8824
99.0000 2.8504
100.0000 2.9358
101.0000 2.9223
102.0000 3.1018
103.0000 3.2144
104.0000 3.0522
105.0000 3.2490
106.0000 3.1600
107.0000 3.2975
108.0000 3.2118
109.0000 3.4117
110.0000 3.2375
111.0000 3.4317
112.0000 3.3721
113.0000 3.5720
114.0000 3.6563
115.0000 3.4573
116.0000 3.3736
117.0000 3.5610
118.0000 3.7604
119.0000 3.8896
120.0000 3.7066
121.0000 3.8155
122.0000 3.9239
123.0000 3.8461
124.0000 3.7090
125.0000 3.5090
126.0000 3.5334
127.0000 3.3337
128.0000 3.2609
129.0000 3.2806
130.0000 3.4795
131.0000 3.2983
132.0000 3.2215
133.0000 3.0833
134.0000 3.2784
135.0000 3.3043
136.0000 3.2766
137.0000 3.1216
138.0000 3.3215
139.0000 3.1321
140.0000 3.1093
141.0000 3.2722
142.0000 3.2515
143.0000 3.2288
144.0000 3.4051
145.0000 3.5844
146.0000 3.5337
147.0000 3.5201
148.0000 3.3671
149.0000 3.2998
150.0000 3.4521
151.0000 3.2613
