1.0000 3.2180
2.0000 3.3947
3.0000 3.5631
4.0000 3.5502
5.0000 3.3890
6.0000 3.2536
7.0000 3.3944
8.0000 3.2319
9.0000 3.0589
10.0000 3.1303
11.0000 3.2077
12.0000 3.1063
13.0000 2.9351
14.0000 2.7952
15.0000 2.6595
16.0000 2.8564
17.0000 3.0374
18.0000 2.9375
19.0000 2.9527
20.0000 2.7624
21.0000 2.9495
22.0000 2.9368
23.0000 2.9831
24.0000 3.1372
25.0000 3.3367
26.0000 3.2446
27.0000 3.1973
28.0000 3.0247
29.0000 3.0186
30.0000 3.0647
31.0000 2.9132
32.0000 3.0321
33.0000 2.9058
34.0000 2.7076
35.0000 2.5963
36.0000 2.6284
37.0000 2.7135
38.0000 2.9132
39.0000 2.8980
40.0000 2.9387
41.0000 2.7918
42.0000 2.6749
43.0000 2.4771
44.0000 2.3160
45.0000 2.4757
46.0000 2.3846
47.0000 2.3803
48.0000 2.1926
49.0000 2.0188
50.0000 1.8502
51.0000 1.6508
52.0000 1.4914
53.0000 1.4951
54.0000 1.5477
55.0000 1.7177
56.0000 1.7452
57.0000 1.7181
58.0000 1.6260
59.0000 1.4303
60.0000 1.2581
61.0000 1.4088
62.0000 1.5355
63.0000 1.3456
64.0000 1.1461
65.0000 1.2990
66.0000 1.4234
67.0000 1.4955
68.0000 1.4995
69.0000 1.4371
70.0000 1.4013
71.0000 1.5676
72.0000 1.7143
73.0000 1.7658
74.0000 1.7872
75.0000 1.6477
76.0000 1.7464
77.0000 1.5487
78.0000 1.6949
79.0000 1.8123
80.0000 1.9928
81.0000 2.1808
82.0000 2.1869
83.0000 2.1516
84.0000 1.9779
85.0000 1.7779
86.0000 1.6778
87.0000 1.5349
88.0000 1.3369
89.0000 1.5303
90.0000 1.5655
91.0000 1.6714
92.0000 1.6205
93.0000 1.4777
94.0000 1.5415
95.0000 1.7359
96.0000 1.8695
97.0000 1.8146
98.0000 1.6859
99.0000 1.6413
100.0000 1.4525
101.0000 1.6444
102.0000 1.4855
103.0000 1.5136
104.0000 1.3582
105.0000 1.5049
106.0000 1.3728
107.0000 1.3677
108.0000 1.2642
109.0000 1.2332
110.0000 1.4047
111.0000 1.3601
112.0000 1.3682
113.0000 1.3747
114.0000 1.4401
115.0000 1.5415
116.0000 1.6904
117.0000 1.6432
118.0000 1.4760
119.0000 1.6333
120.0000 1.8287
121.0000 1.9514
122.0000 1.7550
123.0000 1.5824
124.0000 1.7605
125.0000 1.7672
126.0000 1.9567
127.0000 2.1193
128.0000 2.0039
129.0000 1.8351
130.0000 1.9888
131.0000 1.9765
132.0000 1.8572
133.0000 1.8499
134.0000 1.8262
135.0000 2.0154
136.0000 1.9290
137.0000 1.7747
138.0000 1.6776
139.0000 1.6672
140.0000 1.4689
141.0000 1.2778
142.0000 1.4151
143.0000 1.4164
144.0000 1.2962
145.0000 1.4865
146.0000 1.3723
147.0000 1.5693
148.0000 1.4966
149.0000 1.5941
150.0000 1.7925
151.0000 1.8086
