1.0000 3.1915
2.0000 3.1835
3.0000 3.2575
4.0000 3.0654
5.0000 3.0567
6.0000 3.1607
7.0000 3.3523
8.0000 3.5523
9.0000 3.7461
10.0000 3.8788
11.0000 3.7867
12.0000 3.8712
13.0000 3.6787
14.0000 3.5265
15.0000 3.3335
16.0000 3.5332
17.0000 3.7071
18.0000 3.7308
19.0000 3.6581
20.0000 3.7828
21.0000 3.5876
22.0000 3.6481
23.0000 3.4482
24.0000 3.6466
25.0000 3.8145
26.0000 3.7487
27.0000 3.8492
28.0000 3.9428
29.0000 3.8559
30.0000 3.6964
31.0000 3.8312
32.0000 3.7080
33.0000 3.7677
34.0000 3.6124
35.0000 3.4798
36.0000 3.5917
37.0000 3.5657
38.0000 3.3738
39.0000 3.2128
40.0000 3.0131
41.0000 2.8564
42.0000 3.0533
43.0000 2.8683
44.0000 3.0480
45.0000 2.8531
46.0000 2.7970
47.0000 2.7203
48.0000 2.9132
49.0000 2.9522
50.0000 3.0881
51.0000 2.9023
52.0000 3.0699
53.0000 3.1609
54.0000 2.9613
55.0000 3.1245
56.0000 3.3118
57.0000 3.2672
58.0000 3.2510
59.0000 3.1837
60.0000 3.0700
61.0000 3.1552
62.0000 3.3487
63.0000 3.4171
64.0000 3.6128
65.0000 3.4359
66.0000 3.2993
67.0000 3.2155
68.0000 3.0646
69.0000 3.2088
70.0000 3.2061
71.0000 3.0287
72.0000 3.1661
73.0000 3.2655
74.0000 3.1111
75.0000 3.1000
76.0000 3.0021
77.0000 2.8811
78.0000 2.6828
79.0000 2.8824
80.0000 2.7909
81.0000 2.8920
82.0000 2.7413
83.0000 2.8053
84.0000 2.6344
85.0000 2.6616
86.0000 2.8600
87.0000 3.0493
88.0000 3.2454
89.0000 3.2491
90.0000 3.3945
91.0000 3.2436
92.0000 3.3291
93.0000 3.1724
94.0000 3.3225
95.0000 3.4195
96.0000 3.4595
97.0000 3.4130
98.0000 3.3005
99.0000 3.1635
100.0000 3.0906
101.0000 3.2883
102.0000 3.1144
103.0000 2.9676
104.0000 2.9004
105.0000 2.9400
106.0000 2.8410
107.0000 2.9528
108.0000 2.7640
109.0000 2.9615
110.0000 2.9368
111.0000 2.7378
112.0000 2.6289
113.0000 2.6390
114.0000 2.6735
115.0000 2.4855
116.0000 2.2855
117.0000 2.4067
118.0000 2.5905
119.0000 2.4282
120.0000 2.4217
121.0000 2.3255
122.0000 2.4293
123.0000 2.3164
124.0000 2.1935
125.0000 2.2560
126.0000 2.4056
127.0000 2.5086
128.0000 2.6369
129.0000 2.8079
130.0000 2.6106
131.0000 2.5227
132.0000 2.5172
133.0000 2.3865
134.0000 2.4582
135.0000 2.6566
136.0000 2.7203
137.0000 2.6478
138.0000 2.5406
139.0000 2.4819
140.0000 2.3488
141.0000 2.1854
142.0000 2.0525
143.0000 2.1746
144.0000 2.1142
145.0000 1.9269
146.0000 2.1045
147.0000 2.0321
148.0000 1.8678
149.0000 1.8721
150.0000 1.9581
151.0000 1.8372
