1.0000 3.3578
2.0000 3.2150
3.0000 3.2677
4.0000 3.3105
5.0000 3.1709
6.0000 3.2463
7.0000 3.3318
8.0000 3.1722
9.0000 3.0609
10.0000 3.0849
11.0000 2.9808
12.0000 3.1807
13.0000 3.3097
14.0000 3.2688
15.0000 3.1670
16.0000 3.0859
17.0000 3.0471
18.0000 3.0021
19.0000 3.1387
20.0000 3.1418
21.0000 3.0267
22.0000 2.9307
23.0000 3.0667
24.0000 3.2659
25.0000 3.0698
26.0000 3.1778
27.0000 3.3660
28.0000 3.2533
29.0000 3.0731
30.0000 3.2117
31.0000 3.0876
32.0000 2.9319
33.0000 3.1178
34.0000 3.1424
35.0000 2.9576
36.0000 2.7628
37.0000 2.6326
38.0000 2.8031
39.0000 2.9930
40.0000 2.8996
41.0000 2.7260
42.0000 2.6884
43.0000 2.5856
44.0000 2.4485
45.0000 2.4729
46.0000 2.6647
47.0000 2.8020
48.0000 2.8816
49.0000 2.7377
50.0000 2.8180
51.0000 2.7249
52.0000 2.8088
53.0000 2.7853
54.0000 2.9299
55.0000 2.7761
56.0000 2.9753
57.0000 2.8971
58.0000 2.7749
59.0000 2.5753
60.0000 2.7246
61.0000 2.5499
62.0000 2.5242
63.0000 2.7215
64.0000 2.8825
65.0000 2.9736
66.0000 2.9419
67.0000 2.9828
68.0000 3.1591
69.0000 3.0134
70.0000 3.0343
71.0000 3.0947
72.0000 3.2400
73.0000 3.2952
74.0000 3.3921
75.0000 3.4855
76.0000 3.2855
77.0000 3.3180
78.0000 3.2397
79.0000 3.2380
80.0000 3.0972
81.0000 3.1698
82.0000 3.2171
83.0000 3.1800
84.0000 3.0745
85.0000 3.2719
86.0000 3.4027
87.0000 3.3482
88.0000 3.4646
89.0000 3.3668
90.0000 3.3973
91.0000 3.5206
92.0000 3.6205
93.0000 3.4555
94.0000 3.6124
95.0000 3.4190
96.0000 3.3163
97.0000 3.4075
98.0000 3.6017
99.0000 3.7912
100.0000 3.9095
101.0000 3.7128
102.0000 3.5599
103.0000 3.7516
104.0000 3.7474
105.0000 3.5841
106.0000 3.4903
107.0000 3.4069
108.0000 3.4157
109.0000 3.4989
110.0000 3.4562
111.0000 3.6554
112.0000 3.4688
113.0000 3.6175
114.0000 3.7376
115.0000 3.5377
116.0000 3.7371
117.0000 3.6217
118.0000 3.4278
119.0000 3.3553
120.0000 3.1645
121.0000 2.9814
122.0000 3.0538
123.0000 3.2520
124.0000 3.0536
125.0000 3.2462
126.0000 3.0488
127.0000 3.1743
128.0000 3.1795
129.0000 3.3540
130.0000 3.1594
131.0000 3.3043
132.0000 3.3153
133.0000 3.3408
134.0000 3.2990
135.0000 3.3797
136.0000 3.1855
137.0000 3.0571
138.0000 2.9446
139.0000 3.1445
140.0000 3.0284
141.0000 3.2259
142.0000 3.4212
143.0000 3.5130
144.0000 3.3779
145.0000 3.5590
146.0000 3.7232
147.0000 3.6560
148.0000 3.7310
149.0000 3.8306
150.0000 3.6313
151.0000 3.7454
