1.0000 3.0382
2.0000 3.2342
3.0000 3.3010
4.0000 3.2116
5.0000 3.0158
6.0000 2.8196
7.0000 3.0122
8.0000 2.8930
9.0000 2.8418
10.0000 2.9840
11.0000 2.7863
12.0000 2.7256
13.0000 2.9242
14.0000 2.9070
15.0000 2.9293
16.0000 3.0923
17.0000 3.0029
18.0000 2.8448
19.0000 2.8528
20.0000 2.6528
21.0000 2.8528
22.0000 2.6764
23.0000 2.7480
24.0000 2.8823
25.0000 3.0150
26.0000 2.8196
27.0000 2.6873
28.0000 2.8832
29.0000 2.8764
30.0000 2.8482
31.0000 2.8542
32.0000 2.6627
33.0000 2.4767
34.0000 2.5738
35.0000 2.7717
36.0000 2.8424
37.0000 2.8238
38.0000 2.9261
39.0000 2.7347
40.0000 2.6176
41.0000 2.7687
42.0000 2.6351
43.0000 2.4433
44.0000 2.5048
45.0000 2.3293
46.0000 2.3236
47.0000 2.5237
48.0000 2.7177
49.0000 2.9064
50.0000 2.9750
51.0000 3.0554
52.0000 3.2107
53.0000 3.3713
54.0000 3.3615
55.0000 3.5231
56.0000 3.4018
57.0000 3.5006
58.0000 3.3029
59.0000 3.4458
60.0000 3.6356
61.0000 3.4432
62.0000 3.3525
63.0000 3.2212
64.0000 3.0594
65.0000 2.8620
66.0000 2.8015
67.0000 2.6997
68.0000 2.8396
69.0000 2.7339
70.0000 2.9173
71.0000 2.8500
72.0000 3.0355
73.0000 3.0878
74.0000 3.1099
75.0000 3.1817
76.0000 3.0523
77.0000 3.0959
78.0000 3.2958
79.0000 3.2429
80.0000 3.0885
81.0000 2.8971
82.0000 3.0942
83.0000 2.9975
84.0000 3.1317
85.0000 2.9327
86.0000 3.0216
87.0000 3.2072
88.0000 3.1018
89.0000 3.2593
90.0000 3.4266
91.0000 3.6187
92.0000 3.4758
93.0000 3.5824
94.0000 3.7745
95.0000 3.5770
96.0000 3.7100
97.0000 3.8204
98.0000 3.6294
99.0000 3.6641
100.0000 3.7325
101.0000 3.6716
102.0000 3.8489
103.0000 4.0398
104.0000 3.8851
105.0000 3.6854
106.0000 3.6571
107.0000 3.7724
108.0000 3.7379
109.0000 3.6967
110.0000 3.8917
111.0000 4.0904
112.0000 3.9074
113.0000 3.9642
114.0000 3.8334
115.0000 3.8305
116.0000 3.8335
117.0000 4.0064
118.0000 3.8441
119.0000 4.0439
120.0000 4.2430
121.0000 4.3623
122.0000 4.4126
123.0000 4.2952
124.0000 4.1241
125.0000 4.1118
126.0000 4.1497
127.0000 4.1557
128.0000 4.0415
129.0000 4.0288
130.0000 3.8369
131.0000 3.9888
132.0000 4.1549
133.0000 4.2752
134.0000 4.1818
135.0000 4.1973
136.0000 4.0418
137.0000 4.1467
138.0000 4.2269
139.0000 4.1045
140.0000 4.3003
141.0000 4.1539
142.0000 4.1419
143.0000 4.2101
144.0000 4.0358
145.0000 3.9021
146.0000 3.7023
147.0000 3.8969
148.0000 3.7184
149.0000 3.6550
150.0000 3.7769
151.0000 3.6277
