1.0000 3.2036
2.0000 3.3936
3.0000 3.3202
4.0000 3.1862
5.0000 3.0002
6.0000 2.8104
7.0000 2.6444
8.0000 2.8167
9.0000 2.6985
10.0000 2.8684
11.0000 2.9074
12.0000 2.7396
13.0000 2.5537
14.0000 2.7536
15.0000 2.9130
16.0000 3.0990
17.0000 3.0359
18.0000 3.0673
19.0000 3.2511
20.0000 3.4344
21.0000 3.4763
22.0000 3.3233
23.0000 3.3699
24.0000 3.4004
25.0000 3.2756
26.0000 3.2273
27.0000 3.0283
28.0000 2.9293
29.0000 3.0856
30.0000 3.0358
31.0000 3.2325
32.0000 3.0325
33.0000 3.2212
34.0000 3.0294
35.0000 3.2167
36.0000 3.0633
37.0000 3.2503
38.0000 3.1030
39.0000 2.9320
40.0000 2.7347
41.0000 2.8784
42.0000 2.7550
43.0000 2.8199
44.0000 2.6247
45.0000 2.4943
46.0000 2.6068
47.0000 2.7975
48.0000 2.6050
49.0000 2.6382
50.0000 2.5761
51.0000 2.4148
52.0000 2.5638
53.0000 2.7638
54.0000 2.5791
55.0000 2.7325
56.0000 2.7643
57.0000 2.5905
58.0000 2.4926
59.0000 2.6166
60.0000 2.8142
61.0000 3.0117
62.0000 2.9424
63.0000 3.0835
64.0000 2.9781
65.0000 2.8067
66.0000 2.6932
67.0000 2.8760
68.0000 2.7537
69.0000 2.5543
70.0000 2.5564
71.0000 2.5138
72.0000 2.3181
73.0000 2.3807
74.0000 2.5750
75.0000 2.3779
76.0000 2.1810
77.0000 2.1178
78.0000 2.1981
79.0000 2.0341
80.0000 1.8762
81.0000 2.0730
82.0000 2.1679
83.0000 2.2752
84.0000 2.3966
85.0000 2.5898
86.0000 2.3979
87.0000 2.2519
88.0000 2.3980
89.0000 2.4996
90.0000 2.6774
91.0000 2.8733
92.0000 2.8903
93.0000 3.0612
94.0000 3.2576
95.0000 3.3350
96.0000 3.1353
97.0000 3.2887
98.0000 3.4887
99.0000 3.6289
100.0000 3.8245
101.0000 3.6319
102.0000 3.6638
103.0000 3.6885
104.0000 3.7188
105.0000 3.6151
106.0000 3.7002
107.0000 3.5043
108.0000 3.3974
109.0000 3.5752
110.0000 3.3758
111.0000 3.2810
112.0000 3.3417
113.0000 3.1698
114.0000 2.9773
115.0000 2.7975
116.0000 2.8912
117.0000 2.9269
118.0000 2.7558
119.0000 2.6726
120.0000 2.5848
121.0000 2.7756
122.0000 2.9747
123.0000 2.7759
124.0000 2.5919
125.0000 2.6350
126.0000 2.5953
127.0000 2.7748
128.0000 2.5993
129.0000 2.7981
130.0000 2.6359
131.0000 2.6718
132.0000 2.5434
133.0000 2.3511
134.0000 2.3025
135.0000 2.4484
136.0000 2.4686
137.0000 2.3194
138.0000 2.4550
139.0000 2.6352
140.0000 2.7161
141.0000 2.6676
142.0000 2.7906
143.0000 2.5925
144.0000 2.6087
145.0000 2.8011
146.0000 2.8431
147.0000 2.7360
148.0000 2.6837
149.0000 2.8611
150.0000 2.9652
151.0000 2.7734
