1.0000 3.3461
2.0000 3.1470
3.0000 3.0466
4.0000 2.8524
5.0000 2.7266
6.0000 2.7219
7.0000 2.5876
8.0000 2.7811
9.0000 2.5954
10.0000 2.7932
11.0000 2.7712
12.0000 2.9365
13.0000 3.0428
14.0000 3.2276
15.0000 3.0360
16.0000 3.1545
17.0000 3.2609
18.0000 3.3512
19.0000 3.2807
20.0000 3.4102
21.0000 3.2654
22.0000 3.1435
23.0000 3.2041
24.0000 3.0644
25.0000 3.1659
26.0000 3.2264
27.0000 3.1951
28.0000 3.1492
29.0000 3.1490
30.0000 3.0371
31.0000 3.1465
32.0000 3.0369
33.0000 3.0931
34.0000 3.0277
35.0000 3.1747
36.0000 3.0338
37.0000 3.0337
38.0000 2.9928
39.0000 2.8019
40.0000 2.6959
41.0000 2.5698
42.0000 2.4734
43.0000 2.6143
44.0000 2.4954
45.0000 2.6005
46.0000 2.5748
47.0000 2.4057
48.0000 2.4390
49.0000 2.4333
50.0000 2.3185
51.0000 2.1394
52.0000 2.2159
53.0000 2.3371
54.0000 2.4395
55.0000 2.3400
56.0000 2.4789
57.0000 2.3828
58.0000 2.5793
59.0000 2.4155
60.0000 2.6150
61.0000 2.4366
62.0000 2.2951
63.0000 2.1440
64.0000 2.3359
65.0000 2.1710
66.0000 2.1896
67.0000 2.3725
68.0000 2.5025
69.0000 2.4016
70.0000 2.4074
71.0000 2.5867
72.0000 2.7034
73.0000 2.5309
74.0000 2.6490
75.0000 2.5067
76.0000 2.6862
77.0000 2.5013
78.0000 2.6451
79.0000 2.4451
80.0000 2.5185
81.0000 2.3716
82.0000 2.5142
83.0000 2.3365
84.0000 2.5197
85.0000 2.5453
86.0000 2.7124
87.0000 2.6823
88.0000 2.7464
89.0000 2.6234
90.0000 2.8062
91.0000 2.8308
92.0000 2.6761
93.0000 2.5141
94.0000 2.6229
95.0000 2.5253
96.0000 2.4751
97.0000 2.3173
98.0000 2.4086
99.0000 2.4312
100.0000 2.3491
101.0000 2.5196
102.0000 2.5297
103.0000 2.3470
104.0000 2.2611
105.0000 2.3853
106.0000 2.2758
107.0000 2.1505
108.0000 2.3486
109.0000 2.5451
110.0000 2.6144
111.0000 2.4875
112.0000 2.6744
113.0000 2.6551
114.0000 2.4777
115.0000 2.4303
116.0000 2.4112
117.0000 2.5901
118.0000 2.6114
119.0000 2.7992
120.0000 2.6894
121.0000 2.7697
122.0000 2.8012
123.0000 2.6931
124.0000 2.6310
125.0000 2.4952
126.0000 2.3667
127.0000 2.2776
128.0000 2.0791
129.0000 2.0640
130.0000 2.1822
131.0000 2.3083
132.0000 2.4806
133.0000 2.2898
134.0000 2.4894
135.0000 2.3352
136.0000 2.2827
137.0000 2.3588
138.0000 2.3615
139.0000 2.4323
140.0000 2.5920
141.0000 2.7516
142.0000 2.6211
143.0000 2.7499
144.0000 2.9447
145.0000 3.1426
146.0000 3.2882
147.0000 3.1754
148.0000 3.3025
149.0000 3.3658
150.0000 3.1933
151.0000 3.1023
