1.0000 2.9667
2.0000 2.9156
3.0000 2.9748
4.0000 3.0423
5.0000 2.8467
6.0000 2.9454
7.0000 2.9770
8.0000 2.9530
9.0000 3.1304
10.0000 3.2667
11.0000 3.1477
12.0000 3.0096
13.0000 3.0271
14.0000 2.8290
15.0000 2.8600
16.0000 2.9799
17.0000 3.1166
18.0000 3.0433
19.0000 2.8453
20.0000 2.9653
21.0000 2.8019
22.0000 2.7969
23.0000 2.7989
24.0000 2.9819
25.0000 3.1552
26.0000 3.0117
27.0000 2.8153
28.0000 2.7414
29.0000 2.9280
30.0000 2.7547
31.0000 2.6895
32.0000 2.5590
33.0000 2.6098
34.0000 2.4585
35.0000 2.3184
36.0000 2.3592
37.0000 2.3107
38.0000 2.4890
39.0000 2.4803
40.0000 2.6385
41.0000 2.6090
42.0000 2.4824
43.0000 2.5648
44.0000 2.6160
45.0000 2.8160
46.0000 2.9660
47.0000 2.9042
48.0000 2.9476
49.0000 2.8034
50.0000 2.7040
51.0000 2.7694
52.0000 2.9687
53.0000 2.9893
54.0000 2.8839
55.0000 3.0826
56.0000 3.2678
57.0000 3.0737
58.0000 3.2683
59.0000 3.3175
60.0000 3.3807
61.0000 3.3685
62.0000 3.4819
63.0000 3.3278
64.0000 3.3726
65.0000 3.5327
66.0000 3.3340
67.0000 3.1729
68.0000 3.3719
69.0000 3.5027
70.0000 3.7008
71.0000 3.8373
72.0000 3.8233
73.0000 3.6671
74.0000 3.5103
75.0000 3.3935
76.0000 3.2773
77.0000 3.3341
78.0000 3.4294
79.0000 3.2707
80.0000 3.3567
81.0000 3.5314
82.0000 3.4449
83.0000 3.6074
84.0000 3.4076
85.0000 3.2938
86.0000 3.3532
87.0000 3.2649
88.0000 3.1099
89.0000 2.9890
90.0000 2.8474
91.0000 3.0474
92.0000 2.9361
93.0000 2.7421
94.0000 2.9236
95.0000 2.7294
96.0000 2.5932
97.0000 2.4691
98.0000 2.3437
99.0000 2.1855
100.0000 2.0670
101.0000 2.0293
102.0000 2.2193
103.0000 2.4127
104.0000 2.6107
105.0000 2.5344
106.0000 2.4451
107.0000 2.2527
108.0000 2.3302
109.0000 2.4964
110.0000 2.3952
111.0000 2.2504
112.0000 2.0505
113.0000 2.2159
114.0000 2.3420
115.0000 2.2388
116.0000 2.3667
117.0000 2.2765
118.0000 2.2262
119.0000 2.1788
120.0000 2.2413
121.0000 2.4366
122.0000 2.4834
123.0000 2.3612
124.0000 2.4569
125.0000 2.3308
126.0000 2.5206
127.0000 2.4389
128.0000 2.4110
129.0000 2.2491
130.0000 2.0567
131.0000 1.8868
132.0000 1.6982
133.0000 1.4988
134.0000 1.6814
135.0000 1.5476
136.0000 1.7143
137.0000 1.8472
138.0000 1.8956
139.0000 1.7189
140.0000 1.9008
141.0000 2.0250
142.0000 2.0189
143.0000 2.2101
144.0000 2.0112
145.0000 1.8409
146.0000 1.9037
147.0000 1.9889
148.0000 2.1870
149.0000 2.3161
150.0000 2.4236
151.0000 2.6100
