1.0000 3.2031
2.0000 3.2065
3.0000 3.3571
4.0000 3.3593
5.0000 3.4435
6.0000 3.5005
7.0000 3.4307
8.0000 3.2341
9.0000 3.4301
10.0000 3.2642
11.0000 3.3731
12.0000 3.2089
13.0000 3.0517
14.0000 3.0599
15.0000 2.8738
16.0000 2.7844
17.0000 2.6273
18.0000 2.4532
19.0000 2.2696
20.0000 2.2922
21.0000 2.1000
22.0000 2.2701
23.0000 2.4679
24.0000 2.2811
25.0000 2.2556
26.0000 2.3296
27.0000 2.1706
28.0000 1.9707
29.0000 1.8080
30.0000 1.9114
31.0000 1.7968
32.0000 1.7284
33.0000 1.9035
34.0000 2.0314
35.0000 1.8419
36.0000 1.6969
37.0000 1.8967
38.0000 1.7142
39.0000 1.9137
40.0000 1.9108
41.0000 1.8573
42.0000 1.6799
43.0000 1.8362
44.0000 1.9851
45.0000 1.8378
46.0000 1.6453
47.0000 1.7504
48.0000 1.7533
49.0000 1.6083
50.0000 1.4428
51.0000 1.2661
52.0000 1.2273
53.0000 1.3669
54.0000 1.5663
55.0000 1.7043
56.0000 1.9041
57.0000 1.7096
58.0000 1.5347
59.0000 1.5010
60.0000 1.6790
61.0000 1.8788
62.0000 1.7196
63.0000 1.5229
64.0000 1.7162
65.0000 1.8978
66.0000 2.0377
67.0000 1.8583
68.0000 1.7486
69.0000 1.9148
70.0000 2.0701
71.0000 2.2040
72.0000 2.2009
73.0000 2.1071
74.0000 2.0725
75.0000 1.9067
76.0000 1.8264
77.0000 1.6367
78.0000 1.4984
79.0000 1.6671
80.0000 1.4684
81.0000 1.2851
82.0000 1.0931
83.0000 1.0065
84.0000 1.2065
85.0000 1.1348
86.0000 1.2495
87.0000 1.2038
88.0000 1.1529
89.0000 0.9627
90.0000 0.8300
91.0000 0.9530
92.0000 1.1337
93.0000 0.9985
94.0000 1.1301
95.0000 1.3281
96.0000 1.3695
97.0000 1.4176
98.0000 1.4073
99.0000 1.2721
100.0000 1.1699
101.0000 1.0905
102.0000 1.2775
103.0000 1.1917
104.0000 1.3916
105.0000 1.2252
106.0000 1.3564
107.0000 1.2796
108.0000 1.3562
109.0000 1.5470
110.0000 1.6016
111.0000 1.5436
112.0000 1.6350
113.0000 1.4510
114.0000 1.4166
115.0000 1.5918
116.0000 1.5278
117.0000 1.3685
118.0000 1.1753
119.0000 0.9905
120.0000 1.1464
121.0000 1.3454
122.0000 1.2699
123.0000 1.1656
124.0000 1.3408
125.0000 1.2715
126.0000 1.1254
127.0000 1.3103
128.0000 1.4829
129.0000 1.2905
130.0000 1.4053
131.0000 1.2336
132.0000 1.4210
133.0000 1.5562
134.0000 1.3565
135.0000 1.2736
136.0000 1.1238
137.0000 1.1768
138.0000 0.9826
139.0000 0.7850
140.0000 0.9733
141.0000 0.8938
142.0000 1.0890
143.0000 0.9159
144.0000 1.0688
145.0000 1.0612
146.0000 1.1943
147.0000 1.1936
148.0000 1.3920
149.0000 1.5919
150.0000 1.4668
151.0000 1.4011
