1.0000 2.9648
2.0000 2.7671
3.0000 2.7025
4.0000 2.6116
5.0000 2.4709
6.0000 2.5965
7.0000 2.7318
8.0000 2.5633
9.0000 2.4986
10.0000 2.5357
11.0000 2.7324
12.0000 2.7952
13.0000 2.8709
14.0000 3.0676
15.0000 2.9844
16.0000 3.1212
17.0000 3.0621
18.0000 2.8865
19.0000 2.9113
20.0000 3.0763
21.0000 2.9390
22.0000 3.1197
23.0000 3.3189
24.0000 3.1641
25.0000 3.0526
26.0000 3.0806
27.0000 2.8831
28.0000 3.0686
29.0000 2.9450
30.0000 3.1372
31.0000 3.3022
32.0000 3.3852
33.0000 3.5566
34.0000 3.7501
35.0000 3.5941
36.0000 3.7845
37.0000 3.8653
38.0000 3.9091
39.0000 3.8653
40.0000 3.8278
41.0000 3.6718
42.0000 3.5120
43.0000 3.5944
44.0000 3.7790
45.0000 3.9361
46.0000 4.1013
47.0000 4.0695
48.0000 3.8896
49.0000 4.0237
50.0000 3.9181
51.0000 4.1090
52.0000 3.9652
53.0000 4.1539
54.0000 3.9548
55.0000 4.1316
56.0000 4.1856
57.0000 4.1458
58.0000 3.9493
59.0000 3.9356
60.0000 4.1151
61.0000 4.0792
62.0000 4.1938
63.0000 4.1893
64.0000 4.0979
65.0000 4.1932
66.0000 4.0763
67.0000 4.1087
68.0000 4.1020
69.0000 3.9557
70.0000 4.1534
71.0000 4.1089
72.0000 3.9125
73.0000 4.1107
74.0000 4.0433
75.0000 4.0834
76.0000 4.0436
77.0000 3.8503
78.0000 3.9127
79.0000 4.1127
80.0000 4.1301
81.0000 4.1001
82.0000 3.9118
83.0000 3.9607
84.0000 4.0231
85.0000 3.9287
86.0000 4.1236
87.0000 4.0974
88.0000 3.8975
89.0000 4.0612
90.0000 3.8645
91.0000 4.0051
92.0000 3.8735
93.0000 4.0734
94.0000 4.1043
95.0000 4.0664
96.0000 4.1161
97.0000 4.0332
98.0000 3.8972
99.0000 3.9586
100.0000 4.0826
101.0000 4.0335
102.0000 3.8336
103.0000 4.0335
104.0000 4.0630
105.0000 3.8637
106.0000 4.0369
107.0000 4.1345
108.0000 4.1073
109.0000 3.9075
110.0000 3.7084
111.0000 3.5114
112.0000 3.3649
113.0000 3.2050
114.0000 3.3887
115.0000 3.5297
116.0000 3.4588
117.0000 3.3632
118.0000 3.4612
119.0000 3.2686
120.0000 3.3559
121.0000 3.5178
122.0000 3.6061
123.0000 3.7992
124.0000 3.6438
125.0000 3.6382
126.0000 3.8168
127.0000 3.8927
128.0000 3.8089
129.0000 3.8143
130.0000 3.9969
131.0000 4.0544
132.0000 3.9679
133.0000 3.8469
134.0000 3.9604
135.0000 4.0647
136.0000 4.0046
137.0000 4.1165
138.0000 3.9385
139.0000 3.9097
140.0000 4.1096
141.0000 3.9884
142.0000 4.0269
143.0000 3.8825
144.0000 3.8666
145.0000 3.7486
146.0000 3.5538
147.0000 3.7465
148.0000 3.9385
149.0000 3.7413
150.0000 3.9385
151.0000 3.8082
