0.0000 834.6623
3.3360 834.6617
6.6720 834.6659
10.0080 834.6659
13.3440 834.6659
16.6800 834.8511
20.0160 834.8771
23.3520 834.6937
26.6880 834.7719
30.0240 835.0636
33.3600 835.5606
36.6960 835.8505
40.0310 836.3753
43.3670 836.6351
46.7030 836.3195
50.0390 836.2960
53.3750 836.4548
56.7110 837.0919
60.0470 837.8723
63.3830 837.8374
66.7190 838.0417
70.0550 838.2964
73.3910 838.2977
76.7270 839.3461
80.0630 839.7740
83.3990 840.0952
86.7350 840.5736
90.0710 840.5792
93.4070 840.5561
96.7430 840.9504
100.0790 840.9511
103.4150 841.1675
106.7510 841.2016
110.0870 841.4706
113.4230 842.2985
116.7590 842.3829
120.0940 842.1639
123.4300 841.8540
126.7660 841.7656
130.1020 841.5889
133.4380 841.5397
136.7740 841.4357
140.1100 841.3371
143.4460 841.3548
146.7820 841.3583
150.1180 841.3226
153.4540 840.3403
156.7900 839.6285
160.1260 839.6285
163.4620 839.6025
166.7980 839.4235
170.1340 839.4235
173.4700 839.4273
176.8060 838.5488
180.1420 838.2900
183.4780 838.1611
186.8140 838.0091
190.1500 838.3141
193.4860 838.3420
196.8210 839.0982
200.1570 839.1761
203.4930 839.1502
206.8290 838.9154
210.1650 838.6585
213.5010 838.9060
216.8370 838.8177
220.1730 838.6405
223.5090 838.7954
226.8450 838.7222
230.1810 838.7601
233.5170 839.0106
236.8530 839.0051
240.1890 838.9558
243.5250 838.6794
246.8610 838.4484
250.1970 838.2926
253.5330 838.2425
256.8690 837.8985
260.2050 837.6848
263.5410 837.6062
266.8770 837.5101
270.2130 836.7766
273.5490 836.3261
276.8840 836.0042
280.2200 835.6904
283.5560 835.1978
286.8920 835.1978
290.2280 835.1749
293.5640 834.9980
296.9000 834.9832
300.2360 835.0611
303.5720 834.9633
306.9080 834.9633
310.2440 834.9654
313.5800 834.8365
316.9160 834.7699
320.2520 835.1097
323.5880 836.1928
326.9240 836.7103
330.2600 836.9774
333.5960 837.2040
336.9320 837.2155
340.2680 838.3089
343.6040 838.8036
346.9400 839.4137
350.2760 839.9210
353.6110 840.6632
356.9470 841.2088
360.2830 841.5155
363.6190 841.7992
366.9550 842.0112
370.2910 842.4244
373.6270 842.3708
376.9630 842.3052
380.2990 842.5380
383.6350 842.9581
386.9710 842.9852
390.3070 843.0287
393.6430 843.0151
396.9790 842.8813
400.3150 843.1617
403.6510 843.1647
406.9870 843.1170
410.3230 842.9787
413.6590 842.7626
416.9950 842.4136
420.3310 842.6338
423.6670 842.9122
427.0030 843.1533
430.3390 843.2201
433.6740 843.2892
437.0100 843.7698
440.3460 844.4176
443.6820 844.7012
447.0180 844.8920
450.3540 845.2681
453.6900 845.3461
457.0260 845.1574
460.3620 845.1552
463.6980 844.9677
467.0340 844.9677
470.3700 844.6570
473.7060 844.5868
477.0420 844.3800
480.3780 843.9653
483.7140 843.9653
487.0500 843.4399
490.3860 843.4919
493.7220 843.7789
497.0580 844.1926
500.3940 844.0408
503.7300 844.1833
507.0660 844.1833
510.4010 844.1900
513.7370 844.1256
517.0730 843.0248
520.4090 842.8667
523.7450 842.7466
527.0810 842.6686
530.4170 842.8235
533.7530 843.0578
537.0890 843.1314
540.4250 842.8737
543.7610 842.8350
547.0970 842.8555
550.4330 843.0534
553.7690 843.0059
557.1050 842.8848
560.4410 843.3051
563.7770 843.3617
567.1130 842.9520
570.4490 842.6992
573.7850 842.4109
577.1210 842.2006
580.4570 842.2856
583.7930 842.3551
587.1290 842.3032
590.4640 842.3032
593.8000 842.2996
597.1360 842.1850
600.4720 842.0634
603.8080 842.7853
607.1440 842.6176
610.4800 842.5300
613.8160 842.6614
617.1520 843.0658
620.4880 843.8625
623.8240 844.4742
627.1600 844.4118
630.4960 844.5578
633.8320 844.9189
637.1680 845.0361
640.5040 845.2479
643.8400 845.7404
647.1760 846.2906
650.5120 846.7944
653.8480 847.6928
657.1840 847.8900
660.5200 848.7165
663.8560 848.7082
667.1910 849.0583
670.5270 849.1871
673.8630 849.1871
677.1990 849.9113
680.5350 850.2593
683.8710 850.6069
687.2070 850.9880
690.5430 851.2899
693.8790 851.4987
697.2150 851.7418
700.5510 851.8832
703.8870 851.8832
707.2230 852.3282
710.5590 852.3907
713.8950 852.4368
717.2310 852.4368
720.5670 852.4470
723.9030 852.4382
727.2390 852.4123
730.5750 852.3469
733.9110 852.3365
737.2470 852.4164
740.5830 852.3173
743.9180 852.3527
747.2540 852.1998
750.5900 852.3160
753.9260 852.2281
757.2620 852.0464
760.5980 852.0723
763.9340 852.9924
767.2700 853.0841
770.6060 852.9204
773.9420 853.0767
777.2780 853.1026
780.6140 853.5248
783.9500 854.1238
787.2860 854.6080
790.6220 855.0732
793.9580 854.9953
797.2940 854.4577
800.6300 853.8607
803.9660 853.5228
807.3020 853.4854
810.6380 853.8237
813.9740 854.0303
817.3100 854.5795
820.6460 854.6070
823.9810 854.6197
827.3170 854.5963
830.6530 854.4726
833.9890 854.7175
837.3250 855.1110
840.6610 855.1494
843.9970 855.2656
847.3330 855.3274
850.6690 855.5709
854.0050 855.6905
857.3410 855.8043
860.6770 856.1942
864.0130 856.2201
867.3490 856.2980
870.6850 856.1173
874.0210 856.2556
877.3570 857.1288
880.6930 857.6165
884.0290 858.3504
887.3650 859.6631
890.7010 860.5158
894.0370 861.3652
897.3730 862.2902
900.7080 862.7992
904.0440 863.3337
907.3800 863.4940
910.7160 864.0364
914.0520 863.7490
917.3880 863.4816
920.7240 863.4703
924.0600 863.4652
927.3960 861.6580
930.7320 861.9907
934.0680 861.9499
937.4040 861.8838
940.7400 861.5739
944.0760 861.4701
947.4120 860.2917
950.7480 860.0332
954.0840 859.8487
957.4200 859.8820
960.7560 859.5891
964.0920 859.5062
967.4280 859.2177
970.7640 858.9316
974.1000 858.9316
977.4360 859.8156
980.7710 861.6688
984.1070 861.9816
987.4430 862.3313
990.7790 863.3827
994.1150 864.4754
997.4510 865.0410
1000.7870 865.2597
1004.1230 865.8499
1007.4590 866.0374
1010.7950 866.0409
1014.1310 866.0409
1017.4670 866.4499
1020.8030 866.7627
1024.1390 867.1291
1027.4750 867.5422
1030.8110 867.6252
1034.1470 867.8283
1037.4830 867.8283
1040.8190 867.9829
1044.1550 868.3700
1047.4910 869.0415
1050.8270 869.7898
1054.1630 868.9093
1057.4980 869.0795
1060.8340 869.6316
1064.1700 869.9824
1067.5060 870.1055
1070.8420 870.4141
1074.1780 870.9015
1077.5140 870.6926
1080.8500 871.1895
1084.1860 871.4712
1087.5220 871.8958
1090.8580 872.0766
1094.1940 872.7658
1097.5300 872.9629
1100.8660 873.8494
1104.2020 874.4034
1107.5380 874.5270
1110.8740 874.9773
1114.2100 875.2969
1117.5460 875.8450
1120.8820 876.1898
1124.2180 876.2192
1127.5540 876.8428
1130.8900 876.9249
1134.2260 876.9362
1137.5610 877.0282
1140.8970 877.1399
1144.2330 877.3135
1147.5690 877.4724
1150.9050 877.5121
1154.2410 877.4918
1157.5770 877.4624
1160.9130 877.4505
1164.2490 877.5908
1167.5850 877.4670
1170.9210 877.3619
1174.2570 877.4829
1177.5930 876.7971
1180.9290 876.1561
1184.2650 876.0317
1187.6010 876.0293
1190.9370 876.2965
1194.2730 876.7867
1197.6090 876.9416
1200.9450 877.2123
1204.2810 877.4336
1207.6170 877.6056
1210.9530 877.6167
1214.2880 877.6303
1217.6240 877.3022
1220.9600 877.5089
1224.2960 877.5089
1227.6320 877.5077
1230.9680 877.6106
1234.3040 877.7729
1237.6400 877.7766
1240.9760 877.7716
1244.3120 877.5127
1247.6480 877.3829
1250.9840 876.2114
1254.3200 875.2610
1257.6560 874.8763
1260.9920 873.6282
1264.3280 873.5709
1267.6640 873.1314
1271.0000 871.3430
1274.3360 870.4875
1277.6720 870.1717
1281.0080 869.1146
1284.3440 868.9313
1287.6800 868.5425
1291.0160 868.1030
1294.3510 867.6857
1297.6870 867.4314
1301.0230 866.9965
1304.3590 865.5848
1307.6950 864.8233
1311.0310 864.8755
1314.3670 864.7294
1317.7030 864.5387
1321.0390 864.2960
1324.3750 863.9518
1327.7110 864.3307
1331.0470 864.2836
