0.0000 309.4270
3.3360 309.3515
6.6720 309.2524
10.0080 308.9826
13.3440 309.1808
16.6800 309.9756
20.0160 310.1980
23.3520 310.6819
26.6880 310.7915
30.0240 310.8283
33.3600 311.1267
36.6960 311.7112
40.0310 311.9262
43.3670 311.9475
46.7030 311.9559
50.0390 312.0993
53.3750 312.2086
56.7110 312.3779
60.0470 312.1827
63.3830 312.1194
66.7190 312.2127
70.0550 312.2306
73.3910 312.2306
76.7270 312.2306
80.0630 312.3788
83.3990 312.3015
86.7350 312.3015
90.0710 312.3704
93.4070 312.4081
96.7430 312.2731
100.0790 312.1129
103.4150 312.3440
106.7510 312.2562
110.0870 312.5791
113.4230 312.8759
116.7590 313.1086
120.0940 312.6865
123.4300 312.8510
126.7660 313.1754
130.1020 313.4280
133.4380 313.4639
136.7740 313.6642
140.1100 313.5000
143.4460 312.7053
146.7820 312.5780
150.1180 312.9040
153.4540 312.9931
156.7900 313.1925
160.1260 313.3356
163.4620 313.8974
166.7980 314.0955
170.1340 314.0047
173.4700 314.0993
176.8060 314.2245
180.1420 314.3694
183.4780 314.6389
186.8140 314.6757
190.1500 314.6757
193.4860 314.6757
196.8210 314.9136
200.1570 314.4445
203.4930 314.3935
206.8290 314.4556
210.1650 314.8808
213.5010 314.8808
216.8370 314.9184
220.1730 314.8646
223.5090 315.1161
226.8450 315.0820
230.1810 315.1897
233.5170 315.6209
236.8530 316.0933
240.1890 316.8669
243.5250 317.6961
246.8610 318.2757
250.1970 318.7097
253.5330 319.5032
256.8690 319.7780
260.2050 320.7009
263.5410 320.9066
266.8770 321.2693
270.2130 321.6156
273.5490 321.8462
276.8840 321.9082
280.2200 322.0219
283.5560 321.6077
286.8920 321.4739
290.2280 321.5297
293.5640 321.5297
296.9000 321.7146
300.2360 321.6189
303.5720 321.5809
306.9080 321.2883
310.2440 320.4388
313.5800 319.9141
316.9160 320.5617
320.2520 320.0124
323.5880 320.3128
326.9240 320.8074
330.2600 320.7422
333.5960 321.0185
336.9320 321.1139
340.2680 321.1330
343.6040 321.0850
346.9400 321.4017
350.2760 321.5454
353.6110 320.8362
356.9470 320.9705
360.2830 320.8822
363.6190 320.9513
366.9550 320.7154
370.2910 320.7154
373.6270 320.9351
376.9630 321.4650
380.2990 321.4650
383.6350 321.7358
386.9710 322.0052
390.3070 322.3481
393.6430 322.4685
396.9790 322.3275
400.3150 322.6338
403.6510 322.8734
406.9870 322.6702
410.3230 322.8130
413.6590 322.9031
416.9950 323.3552
420.3310 323.5224
423.6670 323.5921
427.0030 323.5692
430.3390 323.4652
433.6740 323.0739
437.0100 322.9744
440.3460 323.0047
443.6820 323.0927
447.0180 323.1242
450.3540 322.9669
453.6900 323.0550
457.0260 323.3391
460.3620 323.2310
463.6980 323.2766
467.0340 323.2766
470.3700 323.3184
473.7060 323.7109
477.0420 324.0922
480.3780 324.7077
483.7140 325.1669
487.0500 325.6759
490.3860 325.3888
493.7220 324.7101
497.0580 324.3845
500.3940 324.2939
503.7300 324.5081
507.0660 324.2333
510.4010 324.2333
513.7370 324.2156
517.0730 324.2156
520.4090 324.2156
523.7450 324.1225
527.0810 324.3304
530.4170 323.9373
533.7530 322.9704
537.0890 322.7884
540.4250 322.8241
543.7610 322.6655
547.0970 322.5954
550.4330 321.8957
553.7690 321.9555
557.1050 322.9955
560.4410 323.0368
563.7770 322.5311
567.1130 322.7071
570.4490 323.1628
573.7850 322.6521
577.1210 322.1197
580.4570 322.4922
583.7930 322.5261
587.1290 322.8048
590.4640 322.8048
593.8000 323.0439
597.1360 323.1367
600.4720 323.3253
603.8080 323.2124
607.1440 323.0643
610.4800 323.1211
613.8160 323.1211
617.1520 323.1211
620.4880 323.1211
623.8240 323.4839
627.1600 323.2923
630.4960 322.9861
633.8320 323.0018
637.1680 323.0546
640.5040 322.8471
643.8400 322.6627
647.1760 321.7312
650.5120 320.5030
653.8480 320.8355
657.1840 320.7252
660.5200 321.2415
663.8560 321.9422
667.1910 321.4795
670.5270 320.7128
673.8630 320.3022
677.1990 319.2238
680.5350 318.6093
683.8710 318.4631
687.2070 318.1420
690.5430 317.8989
693.8790 317.7015
697.2150 317.4771
700.5510 317.1351
703.8870 316.8715
707.2230 316.4278
710.5590 315.8073
713.8950 315.3781
717.2310 315.2297
720.5670 315.0045
723.9030 315.2044
727.2390 315.1304
730.5750 315.2067
733.9110 315.2614
737.2470 315.4077
740.5830 315.4450
743.9180 315.4450
747.2540 315.3712
750.5900 315.3712
753.9260 315.2428
757.2620 315.1504
760.5980 315.1504
763.9340 313.8632
767.2700 313.2929
770.6060 312.3395
773.9420 311.6972
777.2780 311.7863
780.6140 311.7493
783.9500 311.0873
787.2860 310.9562
790.6220 310.7355
793.9580 309.9849
797.2940 310.0046
800.6300 310.0808
803.9660 310.1443
807.3020 310.6377
810.6380 310.7415
813.9740 310.6899
817.3100 310.5772
820.6460 310.6663
823.9810 310.8675
827.3170 310.8317
830.6530 310.9743
833.9890 311.4118
837.3250 311.4628
840.6610 311.4377
843.9970 311.7026
847.3330 311.5180
850.6690 311.0191
854.0050 310.7288
857.3410 310.7774
860.6770 310.7070
864.0130 310.8547
867.3490 310.8410
870.6850 310.7403
874.0210 310.7401
877.3570 310.6477
880.6930 310.5536
884.0290 310.5424
887.3650 310.6714
890.7010 310.6090
894.0370 310.8219
897.3730 310.7765
900.7080 310.7305
904.0440 309.8532
907.3800 309.8532
910.7160 309.8532
914.0520 309.9308
917.3880 309.8900
920.7240 310.0118
924.0600 310.0874
927.3960 310.3518
930.7320 311.1539
934.0680 311.4875
937.4040 311.6699
940.7400 311.8944
944.0760 311.9944
947.4120 311.9526
950.7480 311.9329
954.0840 311.9329
957.4200 312.1338
960.7560 312.9122
964.0920 313.5182
967.4280 314.6818
970.7640 315.0486
974.1000 315.5870
977.4360 315.9612
980.7710 316.4127
984.1070 316.5156
987.4430 316.7219
990.7790 317.1017
994.1150 317.2210
997.4510 317.4069
1000.7870 317.5632
1004.1230 317.6002
1007.4590 317.9069
1010.7950 317.9898
1014.1310 318.0736
1017.4670 318.3802
1020.8030 318.4917
1024.1390 318.9073
1027.4750 319.0619
1030.8110 319.1819
1034.1470 318.9324
1037.4830 318.9335
1040.8190 318.9449
1044.1550 319.0538
1047.4910 319.2539
1050.8270 319.4791
1054.1630 319.9394
1057.4980 320.3391
1060.8340 320.7185
1064.1700 321.0991
1067.5060 321.5801
1070.8420 322.0214
1074.1780 322.2881
1077.5140 322.7627
1080.8500 323.1892
1084.1860 323.7575
1087.5220 324.4090
1090.8580 324.0293
1094.1940 324.2965
1097.5300 325.1445
1100.8660 325.7464
1104.2020 326.4209
1107.5380 327.0818
1110.8740 327.9060
1114.2100 328.2691
1117.5460 328.0096
1120.8820 328.5453
1124.2180 329.4629
1127.5540 330.4029
1130.8900 331.2304
1134.2260 332.0529
1137.5610 332.1361
1140.8970 332.8778
1144.2330 333.1655
1147.5690 333.6181
1150.9050 333.9301
1154.2410 334.2235
1157.5770 334.7314
1160.9130 335.3175
1164.2490 336.0556
1167.5850 336.8275
1170.9210 337.3304
1174.2570 337.9291
1177.5930 338.4734
1180.9290 337.9881
1184.2650 338.6580
1187.6010 338.9772
1190.9370 339.3143
1194.2730 339.6802
1197.6090 339.3178
1200.9450 339.7776
1204.2810 340.6300
1207.6170 341.0406
1210.9530 341.4490
1214.2880 341.8994
1217.6240 342.1076
1220.9600 342.3740
1224.2960 342.8561
1227.6320 343.5621
1230.9680 343.9109
1234.3040 344.6125
1237.6400 344.8313
1240.9760 344.9794
1244.3120 345.3220
1247.6480 345.3245
1250.9840 345.5377
1254.3200 346.0083
1257.6560 345.9861
1260.9920 346.5544
1264.3280 346.9422
1267.6640 346.9929
1271.0000 347.1456
1274.3360 347.4080
1277.6720 347.7193
1281.0080 346.0291
1284.3440 346.5177
1287.6800 346.6468
1291.0160 346.8490
1294.3510 347.0022
1297.6870 347.3073
1301.0230 346.9031
1304.3590 345.8622
1307.6950 346.5521
1311.0310 346.9541
1314.3670 347.5436
1317.7030 348.0815
1321.0390 348.7782
1324.3750 349.2060
1327.7110 349.8545
1331.0470 350.2792
