0.0000 66.3358
3.3360 66.0167
6.6720 65.8219
10.0080 65.5102
13.3440 65.3977
16.6800 65.6701
20.0160 65.9375
23.3520 66.2013
26.6880 66.1154
30.0240 66.1154
33.3600 65.8274
36.6960 65.9542
40.0310 65.6708
43.3670 65.6973
46.7030 65.4535
50.0390 65.2524
53.3750 65.2005
56.7110 65.0058
60.0470 65.2389
63.3830 65.0982
66.7190 64.7921
70.0550 64.1974
73.3910 63.9562
76.7270 63.1200
80.0630 63.0482
83.3990 63.0445
86.7350 62.4572
90.0710 62.3249
93.4070 61.8642
96.7430 61.6341
100.0790 61.5577
103.4150 61.4074
106.7510 61.3345
110.0870 60.8499
113.4230 60.5854
116.7590 60.6571
120.0940 60.5634
123.4300 60.6170
126.7660 61.0108
130.1020 60.8947
133.4380 61.1521
136.7740 61.2737
140.1100 61.0912
143.4460 60.9463
146.7820 61.0035
150.1180 60.7444
153.4540 60.9555
156.7900 60.9978
160.1260 61.3497
163.4620 61.8069
166.7980 61.6774
170.1340 61.9054
173.4700 62.5085
176.8060 62.8119
180.1420 62.8994
183.4780 63.1127
186.8140 63.0715
190.1500 63.1321
193.4860 63.3202
196.8210 63.3263
200.1570 63.3263
203.4930 63.3133
206.8290 63.3133
210.1650 63.2732
213.5010 63.1736
216.8370 63.1736
220.1730 63.2627
223.5090 63.2426
226.8450 63.1991
230.1810 62.8005
233.5170 62.5849
236.8530 62.1400
240.1890 61.7423
243.5250 61.3887
246.8610 60.9628
250.1970 60.1941
253.5330 59.9931
256.8690 59.5602
260.2050 59.0934
263.5410 58.9676
266.8770 58.2166
270.2130 57.2498
273.5490 57.0972
276.8840 57.0700
280.2200 56.7171
283.5560 56.0966
286.8920 55.1738
290.2280 54.6080
293.5640 53.5957
296.9000 52.7559
300.2360 52.1372
303.5720 51.5495
306.9080 50.9532
310.2440 51.4918
313.5800 51.4553
316.9160 51.9017
320.2520 51.6009
323.5880 50.8351
326.9240 50.4377
330.2600 49.7344
333.5960 49.2511
336.9320 49.3928
340.2680 48.0853
343.6040 47.9596
346.9400 47.8304
350.2760 47.5524
353.6110 47.3844
356.9470 46.9182
360.2830 46.0446
363.6190 45.0889
366.9550 44.8518
370.2910 44.1322
373.6270 43.4139
376.9630 43.3315
380.2990 43.2959
383.6350 43.3524
386.9710 43.3524
390.3070 43.1968
393.6430 43.0986
396.9790 42.6198
400.3150 42.3612
403.6510 42.2466
406.9870 41.9315
410.3230 41.6681
413.6590 41.5429
416.9950 41.1897
420.3310 41.1533
423.6670 40.7610
427.0030 40.6262
430.3390 40.5024
433.6740 40.5024
437.0100 40.7345
440.3460 40.8239
443.6820 40.8239
447.0180 40.6695
450.3540 40.9816
453.6900 40.8822
457.0260 40.5690
460.3620 40.2616
463.6980 40.0245
467.0340 39.5746
470.3700 39.3539
473.7060 39.2823
477.0420 39.2823
480.3780 38.7769
483.7140 38.3033
487.0500 38.1950
490.3860 37.6775
493.7220 37.4701
497.0580 37.2691
500.3940 37.0297
503.7300 36.6657
507.0660 36.4170
510.4010 35.9373
513.7370 35.2377
517.0730 34.7885
520.4090 34.2006
523.7450 33.9764
527.0810 33.6550
530.4170 33.1154
533.7530 32.6665
537.0890 32.5034
540.4250 32.2859
543.7610 31.7524
547.0970 30.9826
550.4330 30.8175
553.7690 30.1713
557.1050 29.6833
560.4410 29.2176
563.7770 28.8312
567.1130 28.5250
570.4490 28.0167
573.7850 27.6347
577.1210 27.5563
580.4570 27.1180
583.7930 27.0762
587.1290 26.9415
590.4640 26.8177
593.8000 26.3369
597.1360 25.9175
600.4720 25.5677
603.8080 25.6200
607.1440 25.3650
610.4800 25.2740
613.8160 25.3236
617.1520 25.3028
620.4880 25.2572
623.8240 25.2763
627.1600 25.2413
630.4960 25.3869
633.8320 25.2715
637.1680 25.2724
640.5040 25.4728
643.8400 25.9962
647.1760 25.8213
650.5120 25.7898
653.8480 25.4116
657.1840 25.2323
660.5200 25.3326
663.8560 25.6702
667.1910 25.3712
670.5270 25.1395
673.8630 24.8193
677.1990 24.9259
680.5350 25.0345
683.8710 24.0889
687.2070 24.7025
690.5430 24.4620
693.8790 24.7422
697.2150 24.3866
700.5510 24.1771
703.8870 24.0039
707.2230 23.8884
710.5590 23.5272
713.8950 23.4564
717.2310 22.9443
720.5670 23.2433
723.9030 23.4764
727.2390 23.9081
730.5750 24.2457
733.9110 24.9320
737.2470 25.5252
740.5830 25.7469
743.9180 25.9642
747.2540 26.1558
750.5900 26.4010
753.9260 26.4291
757.2620 26.5409
760.5980 26.9012
763.9340 27.0604
767.2700 27.2380
770.6060 27.3125
773.9420 27.3112
777.2780 27.5166
780.6140 27.6822
783.9500 27.7149
787.2860 27.7468
790.6220 27.9330
793.9580 27.6665
797.2940 27.9524
800.6300 27.6926
803.9660 27.6926
807.3020 27.6606
810.6380 27.6606
813.9740 27.6606
817.3100 27.6606
820.6460 27.3616
823.9810 27.5102
827.3170 27.8223
830.6530 28.2569
833.9890 29.0911
837.3250 29.1395
840.6610 28.9437
843.9970 29.0429
847.3330 29.5731
850.6690 30.0053
854.0050 29.3820
857.3410 28.7396
860.6770 27.9264
864.0130 27.4995
867.3490 27.4673
870.6850 27.3483
874.0210 27.1414
877.3570 26.7233
880.6930 26.4894
884.0290 26.8693
887.3650 26.8442
890.7010 27.1420
894.0370 27.0711
897.3730 26.7701
900.7080 26.3359
904.0440 26.0398
907.3800 25.7786
910.7160 25.7817
914.0520 25.4593
917.3880 24.3542
920.7240 24.3526
924.0600 24.4282
927.3960 25.0169
930.7320 24.9626
934.0680 25.7164
937.4040 25.9993
940.7400 25.5115
944.0760 25.4484
947.4120 25.5495
950.7480 24.3768
954.0840 24.6417
957.4200 24.6324
960.7560 24.4568
964.0920 23.4983
967.4280 23.5638
970.7640 23.2026
974.1000 22.5108
977.4360 22.4018
980.7710 22.0189
984.1070 21.2961
987.4430 21.2298
990.7790 20.7469
994.1150 20.3441
997.4510 20.1403
1000.7870 18.9576
1004.1230 18.7635
1007.4590 18.0547
1010.7950 17.3580
1014.1310 17.0720
1017.4670 16.9698
1020.8030 16.8474
1024.1390 16.3404
1027.4750 14.8091
1030.8110 12.7833
1034.1470 11.7564
1037.4830 11.6799
1040.8190 10.8366
1044.1550 10.3033
1047.4910 8.9290
1050.8270 8.5218
1054.1630 8.0178
1057.4980 7.0889
1060.8340 6.8052
1064.1700 6.7726
1067.5060 6.7192
1070.8420 6.9092
1074.1780 6.5162
1077.5140 5.9060
1080.8500 5.1686
1084.1860 4.6372
1087.5220 4.3707
1090.8580 3.4493
1094.1940 3.1230
1097.5300 3.1230
1100.8660 3.3276
1104.2020 3.3276
1107.5380 3.2340
1110.8740 3.1876
1114.2100 3.1876
1117.5460 3.0892
1120.8820 2.5556
1124.2180 2.6483
1127.5540 2.7742
1130.8900 2.7742
1134.2260 2.5005
1137.5610 2.3159
1140.8970 1.9103
1144.2330 1.2466
1147.5690 0.7315
1150.9050 0.6671
1154.2410 1.4409
1157.5770 1.5608
1160.9130 1.6226
1164.2490 2.0341
1167.5850 2.4068
1170.9210 3.3001
1174.2570 3.8037
1177.5930 4.5819
1180.9290 5.2877
1184.2650 5.8125
1187.6010 6.0177
1190.9370 6.0177
1194.2730 6.3754
1197.6090 6.3754
1200.9450 6.0134
1204.2810 6.4103
1207.6170 6.8536
1210.9530 6.4381
1214.2880 6.0054
1217.6240 5.8376
1220.9600 5.4294
1224.2960 4.5097
1227.6320 4.4423
1230.9680 4.5652
1234.3040 4.3868
1237.6400 4.2960
1240.9760 4.2408
1244.3120 4.3905
1247.6480 4.3473
1250.9840 4.5267
1254.3200 4.5815
1257.6560 4.5233
1260.9920 4.5207
1264.3280 3.9620
1267.6640 4.1329
1271.0000 4.1224
1274.3360 4.1224
1277.6720 4.1224
1281.0080 3.8906
1284.3440 3.9323
1287.6800 4.1389
1291.0160 4.2663
1294.3510 4.4149
1297.6870 4.3983
1301.0230 4.8023
1304.3590 4.9897
1307.6950 5.2787
1311.0310 5.4422
1314.3670 5.6392
1317.7030 6.0555
1321.0390 6.0391
1324.3750 6.1135
1327.7110 6.3227
1331.0470 6.6446
