0.0000 146.4634
3.3360 146.4646
6.6720 146.1136
10.0080 145.5792
13.3440 145.5292
16.6800 145.3388
20.0160 145.1098
23.3520 145.0034
26.6880 145.0656
30.0240 144.9112
33.3600 144.5960
36.6960 144.6394
40.0310 144.6977
43.3670 144.9271
46.7030 144.9256
50.0390 144.7880
53.3750 144.8952
56.7110 145.1128
60.0470 144.8209
63.3830 144.4140
66.7190 143.9851
70.0550 143.9414
73.3910 143.8860
76.7270 143.9669
80.0630 144.2329
83.3990 143.9343
86.7350 143.9172
90.0710 143.9172
93.4070 143.9172
96.7430 143.8565
100.0790 143.4766
103.4150 143.6692
106.7510 143.8926
110.0870 144.0144
113.4230 144.0544
116.7590 144.1333
120.0940 144.1333
123.4300 144.1333
126.7660 144.1333
130.1020 144.1350
133.4380 143.9566
136.7740 144.2138
140.1100 144.2520
143.4460 144.3455
146.7820 144.7636
150.1180 144.7832
153.4540 145.1951
156.7900 146.8316
160.1260 147.4365
163.4620 147.8693
166.7980 148.1958
170.1340 148.8688
173.4700 148.5539
176.8060 149.1037
180.1420 150.4223
183.4780 150.7512
186.8140 150.9923
190.1500 150.9842
193.4860 150.9752
196.8210 151.1009
200.1570 150.9413
203.4930 151.0440
206.8290 151.2472
210.1650 151.8803
213.5010 153.2497
216.8370 153.6708
220.1730 154.1522
223.5090 154.5414
226.8450 154.6789
230.1810 154.7460
233.5170 155.2272
236.8530 155.5710
240.1890 155.7860
243.5250 155.6426
246.8610 155.8578
250.1970 155.8459
253.5330 156.8684
256.8690 156.8860
260.2050 157.1435
263.5410 157.6033
266.8770 157.6033
270.2130 157.3666
273.5490 157.3351
276.8840 157.4484
280.2200 157.2895
283.5560 157.2996
286.8920 157.2996
290.2280 157.5505
293.5640 157.5505
296.9000 157.4132
300.2360 157.2208
303.5720 157.1977
306.9080 156.9818
310.2440 157.3964
313.5800 157.6091
316.9160 157.6091
320.2520 157.8838
323.5880 157.6744
326.9240 157.3177
330.2600 157.3177
333.5960 157.4336
336.9320 157.7083
340.2680 157.9964
343.6040 158.0999
346.9400 158.0999
350.2760 158.0999
353.6110 157.9277
356.9470 158.3228
360.2830 158.6935
363.6190 158.9133
366.9550 159.1983
370.2910 159.9030
373.6270 159.9717
376.9630 160.0823
380.2990 160.4014
383.6350 160.8203
386.9710 161.2502
390.3070 161.6427
393.6430 161.2073
396.9790 160.3118
400.3150 160.1473
403.6510 159.9569
406.9870 159.4237
410.3230 159.5040
413.6590 159.8541
416.9950 160.1896
420.3310 160.3155
423.6670 160.8661
427.0030 161.3585
430.3390 161.8701
433.6740 162.0583
437.0100 162.3457
440.3460 162.3970
443.6820 162.7065
447.0180 163.0116
450.3540 163.2286
453.6900 163.6058
457.0260 163.6058
460.3620 163.5135
463.6980 163.5541
467.0340 163.6513
470.3700 163.6307
473.7060 163.4833
477.0420 163.4812
480.3780 163.2751
483.7140 163.2399
487.0500 163.2273
490.3860 163.3278
493.7220 163.2010
497.0580 163.1396
500.3940 163.4377
503.7300 163.6356
507.0660 164.3704
510.4010 164.8421
513.7370 165.0252
517.0730 165.2291
520.4090 165.5484
523.7450 166.3084
527.0810 166.6194
530.4170 166.8366
533.7530 167.0103
537.0890 166.9168
540.4250 166.8679
543.7610 167.1547
547.0970 166.9987
550.4330 166.9242
553.7690 166.9439
557.1050 167.2139
560.4410 167.5075
563.7770 167.5075
567.1130 167.5075
570.4490 167.2347
573.7850 166.6857
577.1210 166.7501
580.4570 166.1971
583.7930 166.1621
587.1290 166.1621
590.4640 166.3346
593.8000 166.7805
597.1360 166.4736
600.4720 166.3362
603.8080 165.7533
607.1440 165.3084
610.4800 165.1047
613.8160 164.6267
617.1520 163.6942
620.4880 163.6942
623.8240 163.7292
627.1600 163.7292
630.4960 163.8983
633.8320 163.7953
637.1680 163.9333
640.5040 163.9673
643.8400 164.0713
647.1760 164.0023
650.5120 164.0016
653.8480 163.9659
657.1840 163.8280
660.5200 163.8280
663.8560 163.7590
667.1910 163.6914
670.5270 163.6942
673.8630 163.7967
677.1990 163.7223
680.5350 163.4518
683.8710 163.4511
687.2070 163.5432
690.5430 164.0218
693.8790 164.4277
697.2150 164.8033
700.5510 165.0050
703.8870 165.4533
707.2230 165.3183
710.5590 165.4336
713.8950 165.4365
717.2310 165.2690
720.5670 165.2438
723.9030 165.4293
727.2390 165.2265
730.5750 165.1925
733.9110 164.9174
737.2470 164.7096
740.5830 164.7096
743.9180 164.5375
747.2540 164.3996
750.5900 163.8429
753.9260 163.6744
757.2620 163.6755
760.5980 163.5105
763.9340 163.0215
767.2700 162.6188
770.6060 162.4248
773.9420 162.1210
777.2780 161.4801
780.6140 161.0375
783.9500 161.0548
787.2860 162.6323
790.6220 162.4399
793.9580 162.1736
797.2940 161.6373
800.6300 160.9614
803.9660 160.7703
807.3020 160.2017
810.6380 159.6397
813.9740 159.4922
817.3100 159.3303
820.6460 159.0697
823.9810 158.8367
827.3170 158.4308
830.6530 158.2520
833.9890 157.7420
837.3250 157.5666
840.6610 157.0283
843.9970 156.8287
847.3330 156.5064
850.6690 156.1437
854.0050 156.1815
857.3410 155.9972
860.6770 155.9016
864.0130 155.9422
867.3490 155.8501
870.6850 155.8646
874.0210 155.9330
877.3570 156.1221
880.6930 156.0276
884.0290 156.2362
887.3650 156.5809
890.7010 156.9970
894.0370 157.4949
897.3730 157.8179
900.7080 158.1724
904.0440 158.4182
907.3800 158.6638
910.7160 158.7949
914.0520 158.7262
917.3880 158.7896
920.7240 158.6696
924.0600 158.5624
927.3960 158.5772
930.7320 158.5838
934.0680 158.5210
937.4040 158.5078
940.7400 158.5865
944.0760 158.5511
947.4120 158.5790
950.7480 158.6329
954.0840 158.5262
957.4200 158.2939
960.7560 158.2939
964.0920 158.2002
967.4280 157.9473
970.7640 157.8740
974.1000 157.6845
977.4360 157.7738
980.7710 157.8419
984.1070 157.8530
987.4430 157.7170
990.7790 157.7011
994.1150 157.3897
997.4510 156.9961
1000.7870 157.0285
1004.1230 156.8558
1007.4590 156.7139
1010.7950 156.4314
1014.1310 155.9076
1017.4670 155.7691
1020.8030 155.1889
1024.1390 155.1403
1027.4750 155.0298
1030.8110 155.1823
1034.1470 155.3288
1037.4830 155.7472
1040.8190 156.1012
1044.1550 156.2487
1047.4910 156.7777
1050.8270 156.9184
1054.1630 156.9617
1057.4980 157.4040
1060.8340 157.6129
1064.1700 157.5823
1067.5060 157.9170
1070.8420 158.3285
1074.1780 158.5714
1077.5140 158.6408
1080.8500 158.5686
1084.1860 158.8002
1087.5220 159.1383
1090.8580 159.4274
1094.1940 159.7972
1097.5300 159.8449
1100.8660 160.4765
1104.2020 160.8360
1107.5380 161.4548
1110.8740 162.2008
1114.2100 162.8920
1117.5460 163.0369
1120.8820 163.4128
1124.2180 163.6051
1127.5540 163.7203
1130.8900 163.7667
1134.2260 163.6247
1137.5610 163.5659
1140.8970 163.6746
1144.2330 163.4860
1147.5690 163.5175
1150.9050 163.8747
1154.2410 164.5491
1157.5770 164.9234
1160.9130 165.5890
1164.2490 165.7959
1167.5850 165.8810
1170.9210 165.8493
1174.2570 165.9143
1177.5930 166.0784
1180.9290 165.9110
1184.2650 166.1253
1187.6010 166.2397
1190.9370 166.3483
1194.2730 166.4180
1197.6090 166.5656
1200.9450 166.5036
1204.2810 166.5751
1207.6170 166.4838
1210.9530 166.3608
1214.2880 166.4159
1217.6240 166.3267
1220.9600 166.2307
1224.2960 165.8259
1227.6320 165.7966
1230.9680 165.5459
1234.3040 165.5264
1237.6400 165.4745
1240.9760 165.2653
1244.3120 165.3368
1247.6480 164.8390
1250.9840 164.9178
1254.3200 164.9539
1257.6560 165.0110
1260.9920 165.4741
1264.3280 165.4656
1267.6640 165.3766
1271.0000 165.4257
1274.3360 165.3183
1277.6720 165.3183
1281.0080 165.2310
1284.3440 165.0583
1287.6800 164.9521
1291.0160 165.1635
1294.3510 165.1828
1297.6870 165.2522
1301.0230 165.5740
1304.3590 165.9668
1307.6950 166.3866
1311.0310 166.6083
1314.3670 166.8954
1317.7030 166.8785
1321.0390 167.0039
1324.3750 166.9228
1327.7110 166.8247
1331.0470 166.6465
