-0.00324
-0.01057
0.00058
-0.00522
0.01064
-0.00226
-0.01217
-0.00497
-0.00698
-0.00123
-0.00282
-0.00328
0.00097
0.00118
-0.00950
-0.00734
-0.00495
-0.01034
0.00141
-0.00176
0.00343
-0.00915
-0.00009
-0.00785
-0.01063
-0.00801
-0.00647
-0.00935
-0.00579
-0.01427
-0.00327
0.00524
0.00856
-0.00400
-0.00182
-0.00655
0.00536
0.00327
0.00620
-0.00970
-0.00167
-0.00669
-0.01178
0.01162
-0.00314
-0.00521
-0.00231
-0.01382
-0.00802
0.00216
0.00478
-0.00070
-0.00428
-0.00603
-0.00431
-0.00585
-0.00786
-0.00229
-0.00161
-0.00300
-0.01092
0.00083
-0.00549
-0.00218
-0.00227
0.00686
-0.00562
-0.00282
-0.00711
0.00716
-0.00971
-0.00397
0.00876
-0.00483
0.00095
-0.01375
-0.00195
-0.00507
-0.00528
-0.01018
0.00355
-0.00765
-0.00965
-0.01401
-0.00356
0.00381
-0.00685
-0.00889
-0.00532
0.00277
-0.00198
0.00247
-0.00892
-0.00194
-0.00238
-0.00027
-0.00401
-0.00804
-0.00766
0.00206
