0.0 0.0
3.336 0.02500899999999605
6.672 0.010933000000001804
10.008 0.061164999999994016
13.344 0.12162599999999796
16.68 0.12162599999999796
20.016 0.30730499999999045
23.352 0.8929599999999793
26.688 0.8929599999999793
30.024 1.095560999999995
33.36 1.6668289999999655
36.696 1.5098890000000063
40.031 1.6168730000000118
43.367 1.6168730000000118
46.703 1.6168730000000118
50.039 1.788337999999982
53.375 1.8504899999999436
56.711 1.5076980000000038
60.047 1.5076980000000038
63.383 1.5076980000000038
66.719 1.3644019999999655
70.055 1.3052519999999734
73.391 0.14304999999999957
76.727 0.0002889999999998609
80.063 0.17399700000001173
83.399 0.24068500000000126
86.735 0.5001250000000365
90.071 1.1570740000000388
93.407 2.734570000000029
96.743 5.634760000000013
100.079 3.0825540000000773
103.415 3.4485130000000095
106.751 3.4485130000000095
110.087 3.577697999999997
113.423 3.1181060000000516
116.759 3.8837650000000665
120.094 2.860288000000061
123.43 6.604866000000082
126.766 8.161040000000016
130.102 6.221381000000022
133.438 11.021625000000103
136.774 11.795650000000027
140.11 11.743210000000019
143.446 8.701690000000013
146.782 5.505747999999981
150.118 3.096991999999978
153.454 1.843244999999956
156.79 1.8656529999999876
160.126 1.1104649999999816
163.462 0.4251399999999901
166.798 0.39936799999999695
170.134 0.31910399999998595
173.47 0.7474730000000014
176.806 0.5431810000000044
180.142 0.39519399999999744
183.478 0.35213799999999024
186.814 0.1177449999999957
190.15 0.1418599999999931
193.486 0.16763199999998626
196.821 0.3249169999999882
200.157 0.8154899999999927
203.493 1.6431619999999718
206.829 2.2928490000000092
210.165 4.115173000000012
213.501 5.978897999999962
216.837 6.424551999999915
220.173 7.352307999999994
223.509 7.741312999999935
226.845 8.498449999999954
230.181 9.572417999999942
233.517 9.842983999999912
236.853 12.011912999999922
240.189 14.789904999999926
243.525 15.63192899999996
246.861 18.140562000000045
250.197 18.41488899999995
253.533 20.037129999999944
256.869 27.46394499999993
260.205 32.41759299999994
263.541 36.49173299999977
266.877 44.13934799999986
270.213 44.13934799999986
273.549 46.10227699999993
276.884 52.75077199999998
280.22 53.73864499999981
283.556 63.495503999999826
286.892 63.59049999999981
290.228 71.77881599999965
293.564 74.36308999999967
296.9 72.59072199999993
300.236 70.40556099999982
303.572 67.56928099999986
306.908 66.66691600000009
310.244 63.047952999999815
313.58 63.047952999999815
316.916 63.047952999999815
320.252 62.51544499999994
323.588 55.5646089999997
326.924 51.76113999999984
330.26 56.13111699999998
333.596 58.73321000000001
336.932 62.52425999999978
340.268 66.62822499999994
343.604 72.06735699999992
346.94 73.88196999999965
350.276 79.33671399999966
353.611 91.56860199999977
356.947 105.2085219999997
360.283 105.3180249999997
363.619 110.83971600000001
366.955 114.49226500000005
370.291 129.83753799999977
373.627 137.64704399999977
376.963 138.99266499999948
380.299 143.912848
383.635 153.85245299999968
386.971 166.9276249999997
390.307 175.97104099999964
393.643 191.2141929999994
396.979 201.36685299999934
400.315 216.770362
403.651 214.4620009999998
406.987 222.99371300000013
410.323 236.5215249999997
413.659 233.80829
416.995 230.3758849999999
420.331 230.3758849999999
423.667 239.59324999999933
427.003 240.34695399999933
430.339 240.83138599999938
433.674 214.18567299999927
437.01 225.32561999999982
440.346 226.0240209999998
443.682 259.1474019999997
447.018 261.3492609999994
450.354 261.0254439999993
453.69 265.45772799999946
457.026 269.7674849999997
460.362 274.2759449999998
463.698 291.6994279999998
467.034 297.0921059999991
470.37 298.28508099999993
473.706 304.75384899999995
477.042 317.9629329999998
480.378 318.16822499999995
483.714 317.61361999999986
487.05 326.8554279999991
490.386 338.78765000000004
493.722 348.7181129999992
497.058 361.331864999999
500.394 386.15756500000003
503.73 406.5142209999998
507.066 431.03433699999954
510.401 427.9784129999995
513.737 423.79994499999975
517.073 442.25375399999945
520.409 442.27912899999944
523.745 448.0334009999996
527.081 455.3114689999997
530.417 487.1174849999993
533.753 501.41788999999955
537.089 510.85639999999927
540.425 512.6118119999995
543.761 524.3966499999993
547.097 543.4711299999998
550.433 559.4406799999997
553.769 572.3391779999998
557.105 587.9550849999993
560.441 608.1295299999996
563.777 620.8287209999999
567.113 653.9503769999999
570.449 655.04125
573.785 655.9869459999994
577.121 645.752194
580.457 639.9969209999994
583.793 629.8976839999996
587.129 623.4369209999995
590.464 624.5747999999993
593.8 626.443285
597.136 610.8586180000002
600.472 589.7673699999995
603.808 584.5981319999997
607.144 571.7824339999999
610.48 536.3822600000001
613.816 529.029241
617.152 523.6617129999998
620.488 491.90867200000037
623.824 471.2462769999994
627.16 446.43470499999984
630.496 397.4490179999994
633.832 409.41051299999936
637.168 406.0018439999995
640.504 406.0018439999995
643.84 403.12980500000003
647.176 403.12980500000003
650.512 400.9677939999999
653.848 403.12980500000003
657.184 404.30511699999977
660.52 404.30511699999977
663.856 400.3088090000001
667.191 394.16460100000035
670.527 393.7742500000006
673.863 389.1108679999994
677.199 413.1681319999999
680.535 413.38392999999985
683.871 421.88296999999943
687.207 423.3302449999998
690.543 425.060644
693.879 422.8899560000003
697.215 419.84198500000014
700.551 419.84198500000014
703.887 419.52018600000025
707.223 418.1061690000005
710.559 418.1061690000005
713.895 419.52018600000025
717.231 429.0440490000001
720.567 429.0440490000001
723.903 424.098112
727.239 424.098112
730.575 423.61806100000024
733.911 423.08643400000017
737.247 423.08643400000017
740.583 412.93216900000004
743.918 404.1151250000001
747.254 416.05316000000005
750.59 403.6550850000001
753.926 400.9368129999998
757.262 380.5249570000002
760.598 381.65031200000004
763.934 381.65031200000004
767.27 381.65031200000004
770.606 380.4752249999996
773.942 389.46570099999957
777.278 391.7294530000005
780.614 395.15977
783.95 396.08568100000014
787.286 404.23364999999967
790.622 418.216138
793.958 417.7805410000001
797.294 418.80174100000033
800.63 416.99168099999997
803.966 428.2788040000002
807.302 440.26122400000014
810.638 475.53188500000033
813.974 488.17903300000046
817.31 521.7454799999998
820.646 573.5920970000001
823.981 615.6838569999996
827.317 678.505666
830.653 702.5304129999998
833.989 759.2428929999998
837.325 796.9377999999997
840.661 811.8395919999995
843.997 849.0186899999994
847.333 890.0398969999998
850.669 940.2269089999992
854.005 1005.5189699999993
857.341 1095.7353489999991
860.677 1141.4491599999997
864.013 1168.7014169999998
867.349 1236.9847139999995
870.685 1296.1556639999997
874.021 1320.6435569999999
877.357 1367.7004359999994
880.693 1409.3342769999995
884.029 1434.836176
887.365 1442.1136409999997
890.701 1493.634181
894.037 1536.460049
897.373 1539.9577799999995
900.708 1523.4426639999995
904.044 1514.465832999999
907.38 1561.6970919999999
910.716 1652.7226689999995
914.052 1715.7242049999993
917.388 1743.1328339999995
920.724 1748.0845840000002
924.06 1792.5236199999997
927.396 1818.9894850000003
930.732 1867.7743649999995
934.068 1936.0238689999994
937.404 1964.544897999999
940.74 1995.552204999999
944.076 2035.8138599999993
947.412 2063.570868999999
950.748 2114.8547399999998
954.084 2156.261416
957.42 2190.668161999999
960.756 2246.987496999999
964.092 2268.699744999999
967.428 2337.7761449999994
970.764 2382.1530119999993
974.1 2424.1731839999998
977.436 2465.153784999999
980.771 2495.780676999999
984.107 2500.5725369999996
987.443 2514.7432569999996
990.779 2542.7472339999995
994.115 2536.6291599999995
997.451 2539.838004999999
1000.787 2533.0701049999993
1004.123 2550.2434289999987
1007.459 2523.6720979999996
1010.795 2512.838425
1014.131 2402.7824249999994
1017.467 2427.1488089999993
1020.803 2458.91929
1024.139 2509.706204999999
1027.475 2517.4737250000003
1030.811 2550.2434289999987
1034.147 2578.5924579999996
1037.483 2611.616186
1040.819 2646.7447759999995
1044.155 2665.676788999999
1047.491 2587.9025250000004
1050.827 2583.076717
1054.163 2610.0244420000004
1057.498 2655.4749839999995
1060.834 2768.4056450000007
1064.17 2825.999842000001
1067.506 2869.1563399999995
1070.842 2895.4206899999995
1074.178 2947.771489999999
1077.514 3028.9534919999996
1080.85 3087.770265
1084.186 3120.093712
1087.522 3156.5754089999996
1090.858 3203.8361649999993
