0.0 0.0
3.336 0.03434499999999934
6.672 0.10086100000000177
10.008 0.3445519999999977
13.344 0.08093699999999829
16.68 0.40724999999999556
20.016 0.8140009999999912
23.352 2.382354000000007
26.688 2.6672290000000167
30.024 2.833539999999976
33.36 4.376103999999976
36.696 9.19039299999995
40.031 12.957452999999955
43.367 13.541345999999976
46.703 15.450548000000008
50.039 20.15670599999998
53.375 20.472554000000038
56.711 22.613124999999943
60.047 18.457575999999957
63.383 16.17396999999996
66.719 17.004513999999954
70.055 16.99130599999996
73.391 16.99130599999996
76.727 16.99130599999996
80.063 18.268620999999964
83.399 16.952268999999955
86.735 16.952268999999955
90.071 16.299304999999936
93.407 16.72185699999999
96.743 18.59251599999993
100.079 18.81922499999993
103.415 18.526904999999932
106.751 18.85776800000002
110.087 19.352357000000005
113.423 18.136093000000034
116.759 18.81614500000001
120.094 15.512148999999937
123.43 16.677944999999966
126.766 18.056257000000002
130.102 19.432036999999983
133.438 19.584605000000003
136.774 21.035175999999986
140.11 19.877187999999943
143.446 15.714689000000018
146.782 15.15496099999997
150.118 16.640608999999994
153.454 16.882226000000006
156.79 17.967233000000018
160.126 18.510194000000038
163.462 22.39187199999997
166.798 23.811497999999943
170.134 23.030936999999977
173.47 24.280396999999958
176.806 25.078425999999947
180.142 26.27950900000001
183.478 28.500712000000025
186.814 28.88374399999997
190.15 28.88374399999997
193.486 28.88374399999997
196.821 31.387745000000095
200.157 27.331199999999946
203.493 27.332460999999967
206.829 29.19187999999999
210.165 34.44344499999997
213.501 34.44344499999997
216.837 35.01128500000004
220.173 34.67151700000009
223.509 36.51272
226.845 36.740637
230.181 37.49692500000003
233.517 44.51422900000007
236.853 50.01530500000003
240.189 66.03975200000001
243.525 80.53145600000003
246.861 93.70094800000011
250.197 105.22894500000005
253.533 127.95603999999996
256.869 133.68805000000006
260.205 156.06325799999993
263.541 162.0577250000001
266.877 175.55644999999993
270.213 189.52703999999994
273.549 198.89018499999997
276.884 203.09300799999988
280.22 207.39255299999994
283.556 186.62884999999991
286.892 181.45462099999997
290.228 183.00224499999993
293.564 183.00224499999993
296.9 188.33294500000005
300.236 184.50021199999998
303.572 183.15465999999998
306.908 176.21643400000002
310.244 160.34070599999993
313.58 151.28683299999997
316.916 167.6436249999999
320.252 162.07782099999997
323.588 164.67358500000006
326.924 175.74394399999989
330.26 177.26616999999993
333.596 184.2533199999999
336.932 187.72145999999995
340.268 188.41914400000005
343.604 183.27516999999992
346.94 180.17900900000004
350.276 182.73574800000003
353.611 180.1297059999999
356.947 185.47439299999994
360.283 191.56533299999998
363.619 191.47148500000003
366.955 187.01436999999999
370.291 187.01436999999999
373.627 191.917269
376.963 203.899114
380.299 203.899114
383.635 216.02224999999993
386.971 234.94761799999995
390.307 241.95614499999988
393.643 256.29026899999985
396.979 261.93902499999996
400.315 275.437081
403.651 290.50061199999993
406.987 299.57583399999993
410.323 309.33533600000004
413.659 319.141085
416.995 321.28199999999987
420.331 319.45842
423.667 319.801204
427.003 317.2416259999998
430.339 316.7228409999998
433.674 310.92036099999996
437.01 304.70665999999983
440.346 295.09403199999997
443.682 288.56689699999987
447.018 287.23850499999986
450.354 278.8089209999999
453.69 272.27301300000005
457.026 276.62374099999994
460.362 266.969258
463.698 264.79700500000007
467.034 264.79700500000007
470.37 260.8249329999999
473.706 261.244898
477.042 264.30487199999993
480.378 280.525941
483.714 288.92187199999995
487.05 304.12141599999984
490.386 290.35598500000003
493.722 262.8410569999998
497.058 254.25834099999992
500.394 251.77281999999994
503.73 256.5735119999999
507.066 248.2377460000001
510.401 248.2377460000001
513.737 247.91056200000014
517.073 247.91056200000014
520.409 247.91056200000014
523.745 244.60474099999988
527.081 247.01204800000005
530.417 232.930856
533.753 201.504202
537.089 196.944505
540.425 197.5841049999999
543.761 195.109298
547.097 188.90563699999998
550.433 169.98096100000006
553.769 172.7173450000001
557.105 198.97888399999988
560.441 201.50932499999993
563.777 189.57604999999995
567.113 192.41800200000012
570.449 204.21457300000012
573.785 190.82100500000007
577.121 176.692298
580.457 187.96093000000002
583.793 188.2542849999999
587.129 196.62058
590.464 196.62058
593.8 203.48664999999988
597.136 206.46044499999988
600.472 213.20247399999988
603.808 209.15154899999987
607.144 204.80544100000012
610.48 206.817685
613.816 206.817685
617.152 206.817685
620.488 206.817685
623.824 215.879617
627.16 208.20133799999982
630.496 201.16848999999985
633.832 200.8503539999999
637.168 201.8472729999999
640.504 194.45393300000015
643.84 189.0270169999999
647.176 165.795869
650.512 136.60148900000004
653.848 144.84246100000004
657.184 142.35722499999997
660.52 150.48680000000002
663.856 168.903745
667.191 156.25325799999996
670.527 138.71027600000005
673.863 127.80776000000006
677.199 101.86388499999997
680.535 88.12250000000006
683.871 85.61256399999992
687.207 81.33688900000001
690.543 76.14636100000004
693.879 70.55492200000005
697.215 66.32190099999997
700.551 59.7190760000001
703.887 55.445568999999956
707.223 49.03708500000006
710.559 40.70776400000005
713.895 35.77191999999998
717.231 34.21838500000003
720.567 32.39708200000009
723.903 34.97847699999995
727.239 34.21995299999997
730.575 34.580125000000066
733.911 35.17626399999993
737.247 36.91138099999999
740.583 37.282764999999934
743.918 37.282764999999934
747.254 36.552391999999976
750.59 36.552391999999976
753.926 34.99795599999996
757.262 34.13326899999993
760.598 34.13326899999993
763.934 22.696009999999983
767.27 19.100680000000022
770.606 13.356932000000029
773.942 11.273345000000061
777.278 13.114820000000032
780.614 13.141652000000034
783.95 14.04986500000002
787.286 17.456309000000097
790.622 21.368328999999996
793.958 29.025450000000028
797.294 36.31843400000008
800.63 46.21992500000012
803.966 62.637629000000004
807.302 89.4829160000001
810.638 105.81853300000026
813.974 109.06776400000007
817.31 126.52216900000019
820.646 144.48669800000005
823.981 163.93684100000007
827.317 164.7737290000002
830.653 179.91653000000025
833.989 214.93040399999995
837.325 229.1319530000003
840.661 256.65358500000036
843.997 265.8831370000002
847.333 278.8578500000002
850.669 305.114153
854.005 306.9289600000002
857.341 317.3336899999999
860.677 334.9546850000002
864.013 352.165024
867.349 371.52008000000046
870.685 393.39462600000024
874.021 433.9094499999999
877.357 457.37378000000024
880.693 489.515666
884.029 500.33088100000043
887.365 505.9950740000005
890.701 484.76960099999997
894.037 489.9617860000001
897.373 482.9119219999999
900.708 484.96860499999997
904.044 503.71437800000024
907.38 503.71437800000024
910.716 503.71437800000024
914.052 507.02261800000025
917.388 503.71396200000027
920.724 513.6482650000005
924.06 543.9317
927.396 580.491493
930.732 608.4040770000005
934.068 642.0337360000003
937.404 684.7762850000006
940.74 730.9820250000005
944.076 738.2293220000004
947.412 734.1147700000004
950.748 733.0556340000005
954.084 733.0556340000005
957.42 747.6725810000005
960.756 829.6308100000003
964.092 863.6384980000003
967.428 923.9046770000004
970.764 955.7524810000004
974.1 995.5515650000007
977.436 1033.5017290000003
980.771 1075.4978770000002
984.107 1113.0503850000002
987.443 1119.104225
990.779 1148.8696200000006
994.115 1184.1562120000003
997.451 1215.9536890000004
1000.787 1239.12113
1004.123 1253.2835600000003
1007.459 1295.2646260000001
1010.795 1304.0476810000005
1014.131 1312.9257970000006
1017.467 1341.7905250000001
1020.803 1331.9381000000005
1024.139 1388.7497000000003
1027.475 1410.9088330000002
1030.811 1447.2296500000004
1034.147 1499.6046820000006
1037.483 1539.3116930000008
1040.819 1547.6982250000005
1044.155 1561.9271930000004
1047.491 1591.6071250000005
1050.827 1626.1926980000007
1054.163 1676.6128360000005
1057.498 1696.6044610000004
1060.834 1741.1199700000004
1064.17 1786.2601280000006
1067.506 1801.6914890000005
1070.842 1840.4058600000005
1074.178 1854.9411280000008
1077.514 1892.2251560000004
1080.85 1947.0580690000002
1084.186 2003.0594690000005
1087.522 2107.174004000001
1090.858 2099.2082500000006
1094.194 2140.337117
1097.53 2248.138618000001
1100.866 2317.8020020000004
1104.202 2402.336965000001
1107.538 2478.1870090000007
1110.874 2585.9374930000004
1114.21 2648.5823450000003
1117.546 2648.9217250000006
1120.882 2710.939348000001
1124.218 2812.9446920000005
1127.554 2907.641106000001
1130.89 2984.2840810000002
1134.226 3083.9176400000006
1137.561 3119.760514000001
1140.897 3224.0720200000005
1144.233 3322.7899560000005
1147.569 3378.8967200000006
1150.905 3420.162848000001
1154.241 3410.0929
1157.577 3458.360314000001
1160.913 3514.5097000000005
1164.249 3595.461280000001
1167.585 3702.4564680000008
1170.921 3749.7023780000004
1174.257 3905.573185000001
1177.593 3984.0295060000003
1180.929 3924.1495850000006
1184.265 4021.0173050000008
1187.601 4095.164834
1190.937 4158.723977000001
1194.273 4230.390608
1197.609 4235.913268
1200.945 4414.403509000001
1204.281 4623.665877000001
1207.617 4742.068733000001
1210.953 4846.602905000001
1214.288 5007.385385
1217.624 5112.3930260000025
1220.96 5235.313508000001
1224.296 5321.457761000001
1227.632 5414.311786
1230.968 5475.803981
1234.304 5628.161533
1237.64 5692.500292000001
1240.976 5741.308081000001
1244.312 5799.597625000001
1247.648 5887.339930000002
1250.984 5971.866242
1254.32 6150.244964000001
1257.656 6207.579666000001
1260.992 6348.205810000001
1264.328 6429.295341000001
1267.664 6454.764049000002
1271.0 6519.310345
1274.336 6641.443178000002
1277.672 6726.924880000001
1281.008 6495.947225000001
1284.344 6565.997689000001
1287.68 6563.752641000002
1291.016 6604.050986000001
1294.351 6669.320369000001
1297.687 6749.49109
1301.023 6681.005186
1304.359 6579.777269000001
1307.695 6664.615400000001
1311.031 6694.403714000002
1314.367 6766.860148
1317.703 6911.336629
1321.039 6979.317725
1324.375 7066.867805000002
1327.711 7076.337146000002
1331.047 7040.98093
