0.0 0.0
3.336 0.0
6.672 0.01060900000000178
10.008 0.021748000000000663
13.344 0.11498000000000169
16.68 0.4144400000000064
20.016 0.6362450000000098
23.352 0.6362450000000098
26.688 0.5579599999999852
30.024 0.031421000000000095
33.36 0.050244999999997104
36.696 0.07219999999999827
40.031 0.13894899999999877
43.367 0.5522759999999948
46.703 1.4688160000000297
50.039 2.2692159999999864
53.375 3.1518170000000154
56.711 8.159401000000011
60.047 14.143908999999937
63.383 17.112026000000057
66.719 18.437197000000037
70.055 18.85678599999997
73.391 20.76122900000002
76.727 21.75804199999993
80.063 19.549644999999938
83.399 18.90744500000003
86.735 18.90744500000003
90.071 18.813315999999972
93.407 17.70305000000008
96.743 17.557351999999952
100.079 17.224552000000003
103.415 17.128611999999997
106.751 17.7778759999999
110.087 17.7778759999999
113.423 17.255584999999968
116.759 17.255584999999968
120.094 16.983833000000004
123.43 15.631984999999956
126.766 12.95219300000011
130.102 11.444353000000092
133.438 11.092849999999938
136.774 11.73116899999998
140.11 9.548669000000082
143.446 9.44770000000007
146.782 14.720472999999966
150.118 14.324895999999967
153.454 15.151378000000072
156.79 15.307370000000034
160.126 15.939410000000057
163.462 14.300163999999953
166.798 14.300163999999953
170.134 14.87988500000002
173.47 17.13960000000005
176.806 17.252497000000027
180.142 17.65682000000003
183.478 18.839824999999905
186.814 19.074425000000044
190.15 19.074425000000044
193.486 19.23576400000011
196.821 19.328125000000085
200.157 19.591924999999932
203.493 22.0526890000001
206.829 21.296185999999928
210.165 22.363961000000053
213.501 24.981890000000078
216.837 26.230100000000075
220.173 25.321809999999918
223.509 26.00568200000002
226.845 27.75141199999995
230.181 29.04210000000014
233.517 31.121932999999956
236.853 32.96252499999988
240.189 33.69581800000003
243.525 33.99256999999996
246.861 34.30046499999993
250.197 28.1376740000001
253.533 25.37811400000004
256.869 25.057898000000087
260.205 26.288236999999988
263.541 26.509191999999967
266.877 24.923309000000117
270.213 26.841992000000012
273.549 27.542384999999967
276.884 31.121932999999956
280.22 31.867784000000107
283.556 31.13226100000005
286.892 27.117409999999907
290.228 26.456281999999966
293.564 25.228712000000037
296.9 25.425517000000017
300.236 25.425517000000017
303.572 25.576105000000023
306.908 25.52709799999993
310.244 25.736224000000135
313.58 24.42475399999989
316.916 24.73395999999999
320.252 23.885937000000002
323.588 23.798458000000075
326.924 23.366738000000083
330.26 22.996729999999914
333.596 23.62097300000009
336.932 23.62097300000009
340.268 24.265433000000076
343.604 23.725908999999916
346.94 23.28232099999992
350.276 22.683249999999877
353.611 22.683249999999877
356.947 23.46608500000001
360.283 22.10672899999988
363.619 21.954721999999954
366.955 22.411596999999993
370.291 21.650211999999957
373.627 21.35451700000004
376.963 21.885139999999947
380.299 21.698649999999965
383.635 21.982529000000138
386.971 22.1229140000001
390.307 24.28608099999997
393.643 26.605253000000157
396.979 28.46125800000018
400.315 29.2361540000001
403.651 34.23268999999989
406.987 39.886153000000014
410.323 43.00838600000011
413.659 44.506996999999984
416.995 46.96250400000015
420.331 53.66035999999998
423.667 56.17208500000023
427.003 58.436514000000145
430.339 61.93584900000016
433.674 63.527704999999955
437.01 66.33014900000018
440.346 67.55862500000015
443.682 68.82523600000009
447.018 72.98136900000014
450.354 74.32548500000001
453.69 73.80684200000022
457.026 74.97342500000013
460.362 77.88102500000008
463.698 79.95980499999993
467.034 82.02225800000016
470.37 83.3686250000002
473.706 86.044738
477.042 87.24677
480.378 89.15305000000015
483.714 92.99312900000025
487.05 95.37186500000033
490.386 100.39499600000002
493.722 103.34760499999989
497.058 103.34760499999989
500.394 106.08117799999991
503.73 113.66785299999997
507.066 118.86753799999995
510.401 129.710888
513.737 132.41393300000004
517.073 132.26736800000012
520.409 132.26736800000012
523.745 133.8997700000001
527.081 136.42320799999993
530.417 136.42320799999993
533.753 131.95587600000002
537.089 134.46870100000004
540.425 135.07981699999988
543.761 136.20187300000012
547.097 134.39488399999988
550.433 138.16355600000003
553.769 140.998736
557.105 151.4666050000003
560.441 152.3160770000003
563.777 159.07728800000012
567.113 169.87574900000004
570.449 175.65546499999994
573.785 194.0186120000002
577.121 210.5150800000004
580.457 217.83125800000036
583.793 227.29622500000048
587.129 247.18174900000034
590.464 254.72586399999983
593.8 264.37551400000024
597.136 269.5965200000001
600.472 291.073257
603.808 296.90982500000007
607.144 299.36052800000056
610.48 300.8041850000002
613.816 304.1487529999998
617.152 307.1231530000002
620.488 307.1231530000002
623.824 312.76608100000004
627.16 313.2613759999999
630.496 316.0171969999998
633.832 318.5376850000002
637.168 296.0961250000005
640.504 287.494637
643.84 290.6696330000003
647.176 300.0981250000006
650.512 301.4286650000004
653.848 299.4142490000006
657.184 301.3638440000003
660.52 301.3638440000003
663.856 304.91824499999996
667.191 308.5197649999997
670.527 318.30127400000026
673.863 321.82660900000053
677.199 323.976485
680.535 328.56185000000005
683.871 326.01177800000056
687.207 323.3506250000003
690.543 320.30800099999993
693.879 317.6693330000004
697.215 317.01140500000054
700.551 307.0438719999998
703.887 287.2967059999999
707.223 286.2380650000002
710.559 286.2380650000002
713.895 282.08050000000014
717.231 296.72925200000014
720.567 291.65125300000017
723.903 302.37153700000016
727.239 304.997906
730.575 304.997906
733.911 305.2281370000001
737.247 306.6893369999999
740.583 308.8865000000004
743.918 309.2422250000005
747.254 302.2035049999998
750.59 303.56832500000036
753.926 304.1472650000001
757.262 306.0873380000006
760.598 306.0873380000006
763.934 303.43608199999983
767.27 297.5785600000001
770.606 308.1559450000005
773.942 308.1559450000005
777.278 307.2937040000004
780.614 308.41046900000026
783.95 309.8860210000001
787.286 315.323441
790.622 303.2975860000004
793.958 303.64843399999984
797.294 304.14926599999984
800.63 304.14926599999984
803.966 302.10711199999986
807.302 302.10711199999986
810.638 302.10711199999986
813.974 302.10711199999986
817.31 305.95869200000004
820.646 306.4357969999999
823.981 306.4357969999999
827.317 304.12688000000026
830.653 309.11780500000026
833.989 301.259257
837.325 303.65212100000036
840.661 307.5557140000004
843.997 310.99344499999984
847.333 311.9646890000004
850.669 308.70446499999986
854.005 303.7245410000005
857.341 292.2331039999998
860.677 302.8259840000005
864.013 304.2696410000001
867.349 310.8950209999999
870.685 310.8950209999999
874.021 309.5715880000002
877.357 317.22393800000026
880.693 316.2386180000005
884.029 304.34964199999985
887.365 301.14406600000007
890.701 301.14406600000007
894.037 304.7040000000001
897.373 310.4005840000004
900.708 311.7883810000003
904.044 311.7883810000003
907.38 311.7883810000003
910.716 311.7883810000003
914.052 311.7883810000003
917.388 307.95363700000007
920.724 304.59002500000037
924.06 301.2454569999999
927.396 301.2454569999999
930.732 306.07992900000016
934.068 307.26976100000013
937.404 307.61141000000003
940.74 301.7054930000002
944.076 301.7054930000002
947.412 306.11973800000027
950.748 309.492872
954.084 309.492872
957.42 298.635157
960.756 294.2347249999999
964.092 294.2347249999999
967.428 294.2347249999999
970.764 289.57525000000044
974.1 289.57525000000044
977.436 289.57525000000044
980.771 295.22961
984.107 297.3859249999999
987.443 297.3859249999999
990.779 292.0209679999998
994.115 287.4886339999999
997.451 282.28039299999983
1000.787 280.28232999999994
1004.123 280.06036999999986
1007.459 280.06036999999986
1010.795 280.06036999999986
1014.131 280.06036999999986
1017.467 280.06036999999986
1020.803 281.4125330000003
1024.139 280.75832199999996
1027.475 276.88764199999986
1030.811 275.51432200000005
1034.147 275.51432200000005
1037.483 281.23964900000044
1040.819 281.0203280000005
1044.155 279.6881540000003
1047.491 279.31012000000027
1050.827 279.31012000000027
1054.163 276.67428099999995
1057.498 276.2950569999998
1060.834 265.27084100000053
1064.17 266.2333610000005
1067.506 269.35138000000006
1070.842 269.35138000000006
1074.178 267.03264800000045
1077.514 265.7773699999999
1080.85 265.321957
1084.186 265.321957
1087.522 265.321957
1090.858 267.17398600000047
1094.194 267.17398600000047
1097.53 267.17398600000047
1100.866 267.17398600000047
1104.202 267.17398600000047
1107.538 267.17398600000047
1110.874 264.8671220000001
1114.21 264.8671220000001
1117.546 266.71680500000053
1120.882 266.71680500000053
1124.218 268.4595250000004
1127.554 268.4595250000004
1130.89 268.4595250000004
1134.226 268.4595250000004
1137.561 268.4595250000004
1140.897 268.4595250000004
1144.233 268.00234400000045
1147.569 269.03934500000014
1150.905 269.98480000000006
1154.241 265.4581490000005
1157.577 265.029482
1160.913 265.029482
1164.249 265.029482
1167.585 265.029482
1170.921 265.029482
1174.257 267.80482600000033
1177.593 267.80482600000033
1180.929 267.80482600000033
1184.265 266.8485250000003
1187.601 268.4752010000005
1190.937 266.41445000000056
1194.273 266.41445000000056
1197.609 266.41445000000056
1200.945 271.98130100000037
1204.281 273.66698499999984
1207.617 271.2773770000001
1210.953 267.80482600000033
1214.288 269.8735850000003
1217.624 274.02989299999984
1220.96 268.7741810000004
1224.296 268.7741810000004
1227.632 268.7741810000004
1230.968 273.2446210000003
1234.304 272.74162500000034
1237.64 278.53022899999985
1240.976 294.306472
1244.312 294.306472
1247.648 298.7832040000003
1250.984 298.7832040000003
1254.32 303.0289810000003
1257.656 303.0289810000003
1260.992 291.3940900000004
1264.328 292.8140020000002
1267.664 295.8492419999999
1271.0 305.76258100000007
1274.336 304.7530580000001
1277.672 304.7530580000001
1281.008 311.3696720000001
1284.344 322.6008740000006
1287.68 323.76161800000057
1291.016 307.39396499999987
1294.351 325.3851619999998
1297.687 342.0368900000002
1301.023 348.6828049999999
1304.359 355.59381800000006
1307.695 371.7736250000005
1311.031 391.8280480000001
1314.367 401.5199249999997
1317.703 402.31449999999995
1321.039 418.82432500000056
1324.375 423.93987700000076
1327.711 435.95912500000054
1331.047 441.1542600000006
