0 0.000837837
0.01 0.00107851
0.02 0.00299867
0.03 0.00311221
0.04 0.00366897
0.05 0.00444089
0.06 0.00691629
0.07 0.00770395
0.08 0.00887415
0.09 0.00989192
0.1 0.0125583
0.11 0.0129699
0.12 0.0144632
0.13 0.0148383
0.14 0.0153759
0.15 0.0165267
0.16 0.0171197
0.17 0.0174263
0.18 0.0185645
0.19 0.0214412
0.2 0.0213987
0.21 0.0218334
0.22 0.0225824
0.23 0.0247228
0.24 0.0276558
0.25 0.0304008
0.26 0.0338285
0.27 0.033837
0.28 0.0373773
0.29 0.0374061
0.3 0.038426
0.31 0.0400698
0.32 0.0407036
0.33 0.0440311
0.34 0.0453327
0.35 0.0457768
0.36 0.0482409
0.37 0.0504377
0.38 0.0560451
0.39 0.0576274
0.4 0.058093
0.41 0.0597242
0.42 0.0617531
0.43 0.0642701
0.44 0.0678257
0.45 0.0679901
0.46 0.073515
0.47 0.0755631
0.48 0.0766126
0.49 0.0788544
0.5 0.0814332
0.51 0.0810167
0.52 0.0851249
0.53 0.0899065
0.54 0.0931303
0.55 0.0927543
0.56 0.0957806
0.57 0.100748
0.58 0.103729
0.59 0.105554
0.6 0.10789
0.61 0.112239
0.62 0.114513
0.63 0.117189
0.64 0.129038
0.65 0.139162
0.66 0.140367
0.67 0.148749
0.68 0.14974
0.69 0.157932
0.7 0.157076
0.71 0.166216
0.72 0.170259
0.73 0.172581
0.74 0.172831
0.75 0.172097
0.76 0.174529
0.77 0.180866
0.78 0.185515
0.79 0.1949
0.8 0.201845
0.81 0.204585
0.82 0.20547
0.83 0.213462
0.84 0.214956
0.85 0.21766
0.86 0.223941
0.87 0.227705
0.88 0.231608
0.89 0.234173
0.9 0.237744
0.91 0.243046
0.92 0.245313
0.93 0.248436
0.94 0.252417
0.95 0.256437
0.96 0.260951
0.97 0.260714
0.98 0.260431
0.99 0.261925
1 0.262328
1.01 0.262863
1.02 0.268151
1.03 0.273741
1.04 0.274727
1.05 0.276149
1.06 0.282332
1.07 0.287658
1.08 0.299525
1.09 0.298361
1.1 0.305529
1.11 0.308957
1.12 0.310296
1.13 0.317468
1.14 0.319512
1.15 0.320338
1.16 0.318627
1.17 0.321093
1.18 0.324554
1.19 0.332039
1.2 0.333887
1.21 0.333655
1.22 0.334843
1.23 0.34114
1.24 0.354529
1.25 0.360519
1.26 0.370536
1.27 0.373267
1.28 0.381131
1.29 0.384416
1.3 0.387065
1.31 0.400172
1.32 0.404497
1.33 0.416794
1.34 0.420996
1.35 0.422467
1.36 0.427392
1.37 0.434456
1.38 0.441036
1.39 0.444125
1.4 0.458723
1.41 0.475356
1.42 0.481183
1.43 0.483713
1.44 0.487284
1.45 0.497791
1.46 0.499591
1.47 0.507883
1.48 0.517236
1.49 0.521169
1.5 0.530486
1.51 0.5401
1.52 0.541755
1.53 0.541636
1.54 0.541109
1.55 0.552013
1.56 0.55101
1.57 0.555078
1.58 0.555887
1.59 0.552858
1.6 0.554322
1.61 0.562849
1.62 0.565017
1.63 0.568972
1.64 0.567335
1.65 0.568181
1.66 0.57978
1.67 0.578794
1.68 0.582763
1.69 0.592234
1.7 0.612154
1.71 0.627209
1.72 0.634052
1.73 0.650446
1.74 0.652581
1.75 0.65087
1.76 0.661728
1.77 0.663811
1.78 0.669707
1.79 0.682047
1.8 0.684034
1.81 0.700121
1.82 0.719506
1.83 0.719288
1.84 0.727828
1.85 0.741098
1.86 0.74495
1.87 0.752018
1.88 0.755927
1.89 0.760787
1.9 0.767921
1.91 0.777141
1.92 0.788572
1.93 0.790885
1.94 0.797588
1.95 0.806219
1.96 0.825669
1.97 0.831434
1.98 0.842322
1.99 0.843615
2 0.854483
2.01 0.854483
2.02 0.855276
2.03 0.866559
2.04 0.864077
2.05 0.874668
2.06 0.887247
2.07 0.890822
2.08 0.891166
2.09 0.896256
2.1 0.892931
2.11 0.897493
2.12 0.904734
2.13 0.899248
2.14 0.903363
2.15 0.917965
2.16 0.920054
2.17 0.923266
2.18 0.931186
2.19 0.93233
2.2 0.93625
2.21 0.954826
2.22 0.965668
2.23 0.968597
2.24 0.976455
2.25 0.990189
2.26 0.993198
2.27 0.99853
2.28 0.999144
2.29 1.00669
2.3 1.01678
2.31 1.02999
2.32 1.05113
2.33 1.05512
2.34 1.06032
2.35 1.06189
2.36 1.07798
2.37 1.07996
2.38 1.10273
2.39 1.11577
2.4 1.11671
2.41 1.11048
2.42 1.13794
2.43 1.15697
2.44 1.17268
2.45 1.18098
2.46 1.18114
2.47 1.19565
2.48 1.21331
2.49 1.22862
2.5 1.22928
2.51 1.23905
2.52 1.23996
2.53 1.24637
2.54 1.25379
2.55 1.27347
2.56 1.28221
2.57 1.30879
2.58 1.32221
2.59 1.33209
2.6 1.33142
2.61 1.35374
2.62 1.35479
2.63 1.36633
2.64 1.3859
2.65 1.38871
2.66 1.3918
2.67 1.40485
2.68 1.4095
2.69 1.40986
2.7 1.4161
2.71 1.4389
2.72 1.46331
2.73 1.48347
2.74 1.49322
2.75 1.49702
2.76 1.49546
2.77 1.50626
2.78 1.51401
2.79 1.5215
2.8 1.52691
2.81 1.52357
2.82 1.54373
2.83 1.55333
2.84 1.56333
2.85 1.59128
2.86 1.60223
2.87 1.61117
2.88 1.61682
2.89 1.66203
2.9 1.66215
2.91 1.6757
2.92 1.68104
2.93 1.68177
2.94 1.69137
2.95 1.7036
2.96 1.70776
2.97 1.71755
2.98 1.72366
2.99 1.72947
3 1.73113
3.01 1.73643
3.02 1.76292
3.03 1.78452
3.04 1.80209
3.05 1.82464
3.06 1.83369
3.07 1.84847
3.08 1.85212
3.09 1.86517
3.1 1.86187
3.11 1.8648
3.12 1.87035
3.13 1.88502
3.14 1.89402
3.15 1.89256
3.16 1.90266
3.17 1.90735
3.18 1.88706
3.19 1.88131
3.2 1.89379
3.21 1.89525
3.22 1.91654
3.23 1.92541
3.24 1.93575
3.25 1.94637
3.26 1.95621
3.27 1.97235
3.28 1.98093
3.29 1.99292
3.3 2.02106
3.31 2.02348
3.32 2.05568
3.33 2.06324
3.34 2.06208
3.35 2.06408
3.36 2.06928
3.37 2.07256
3.38 2.07941
3.39 2.08514
3.4 2.11455
3.41 2.11948
3.42 2.13519
3.43 2.13713
3.44 2.1514
3.45 2.16817
3.46 2.1702
3.47 2.16823
3.48 2.16425
3.49 2.17541
3.5 2.1991
3.51 2.21588
3.52 2.23415
3.53 2.23426
3.54 2.24126
3.55 2.24498
3.56 2.25358
3.57 2.25973
3.58 2.26702
3.59 2.28901
3.6 2.34308
3.61 2.33987
3.62 2.33994
3.63 2.35539
3.64 2.35321
3.65 2.37589
3.66 2.38115
3.67 2.41083
3.68 2.4125
3.69 2.43305
3.7 2.46426
3.71 2.4769
3.72 2.49563
3.73 2.50579
3.74 2.52514
3.75 2.5637
3.76 2.56747
3.77 2.59794
3.78 2.62219
3.79 2.64016
3.8 2.64911
3.81 2.66004
3.82 2.67887
3.83 2.69353
3.84 2.70191
3.85 2.71064
3.86 2.71962
3.87 2.71967
3.88 2.72661
3.89 2.73523
3.9 2.74563
3.91 2.74569
3.92 2.75054
3.93 2.78383
3.94 2.78869
3.95 2.80456
3.96 2.80397
3.97 2.84474
3.98 2.85052
3.99 2.85603
4 2.86531
4.01 2.864
4.02 2.87855
4.03 2.88349
4.04 2.8917
4.05 2.88904
4.06 2.91607
4.07 2.94206
4.08 2.96167
4.09 2.95864
4.1 2.96894
4.11 2.96868
4.12 2.98059
4.13 2.99865
4.14 3.01311
4.15 3.02332
4.16 3.02238
4.17 3.0455
4.18 3.0451
4.19 3.05711
4.2 3.0947
4.21 3.10234
4.22 3.11559
4.23 3.11738
4.24 3.13932
4.25 3.14734
4.26 3.16698
4.27 3.19192
4.28 3.2149
4.29 3.23301
4.3 3.24216
4.31 3.25462
4.32 3.26274
4.33 3.26411
4.34 3.29047
4.35 3.30736
4.36 3.31248
4.37 3.33744
4.38 3.37161
4.39 3.38097
4.4 3.39697
4.41 3.40936
4.42 3.43496
4.43 3.4727
4.44 3.47379
4.45 3.47289
4.46 3.47903
4.47 3.52183
4.48 3.52915
4.49 3.56348
4.5 3.58136
4.51 3.58291
4.52 3.59667
4.53 3.63831
4.54 3.63586
4.55 3.6558
4.56 3.67067
4.57 3.67319
4.58 3.67111
4.59 3.67187
4.6 3.69077
4.61 3.67766
4.62 3.68498
4.63 3.73705
4.64 3.74987
4.65 3.7578
4.66 3.75347
4.67 3.76951
4.68 3.77501
4.69 3.79572
4.7 3.80825
4.71 3.82908
4.72 3.82775
4.73 3.8315
4.74 3.82994
4.75 3.84874
4.76 3.87073
4.77 3.8662
4.78 3.87273
4.79 3.88315
4.8 3.89137
4.81 3.90215
4.82 3.89678
4.83 3.91494
4.84 3.92205
4.85 3.97066
4.86 4.00377
4.87 4.02146
4.88 4.01315
4.89 4.01688
4.9 4.01805
4.91 4.03779
4.92 4.03388
4.93 4.05725
4.94 4.07123
4.95 4.09177
4.96 4.10007
4.97 4.11399
4.98 4.13032
4.99 4.17305
5 4.17069
5.01 4.1594
5.02 4.19104
5.03 4.20045
5.04 4.20753
5.05 4.22317
5.06 4.24842
5.07 4.26781
5.08 4.2693
5.09 4.28403
5.1 4.30779
5.11 4.32605
5.12 4.33298
5.13 4.32594
5.14 4.3659
5.15 4.37644
5.16 4.38402
5.17 4.38294
5.18 4.3776
5.19 4.40377
5.2 4.41917
5.21 4.43016
5.22 4.48318
5.23 4.4743
5.24 4.4743
5.25 4.48586
5.26 4.51987
5.27 4.53816
5.28 4.53483
5.29 4.54556
5.3 4.54605
5.31 4.57554
5.32 4.58805
5.33 4.61839
5.34 4.63426
5.35 4.665
5.36 4.65532
5.37 4.68588
5.38 4.68093
5.39 4.70265
5.4 4.71044
5.41 4.71179
5.42 4.73103
5.43 4.75267
5.44 4.76919
5.45 4.79019
5.46 4.80256
5.47 4.7965
5.48 4.80264
5.49 4.80523
5.5 4.83819
5.51 4.86984
5.52 4.88695
5.53 4.88877
5.54 4.89932
5.55 4.90697
5.56 4.92659
5.57 4.94752
5.58 4.97394
5.59 4.9701
5.6 4.99259
5.61 4.998
5.62 5.00933
5.63 5.03084
5.64 5.02926
5.65 5.03987
5.66 5.06235
5.67 5.08648
5.68 5.09654
5.69 5.13842
5.7 5.15541
5.71 5.16473
5.72 5.19338
5.73 5.20804
5.74 5.21858
5.75 5.22502
5.76 5.2475
5.77 5.25528
5.78 5.26984
5.79 5.30543
5.8 5.35025
5.81 5.38841
5.82 5.39305
5.83 5.42964
5.84 5.44541
5.85 5.45573
5.86 5.47849
5.87 5.49399
5.88 5.51765
5.89 5.5711
5.9 5.59518
5.91 5.66457
5.92 5.68305
5.93 5.68494
5.94 5.68662
5.95 5.69946
5.96 5.71411
5.97 5.74252
5.98 5.76402
5.99 5.79693
6 5.80895
6.01 5.84889
6.02 5.87709
6.03 5.90438
6.04 5.91636
6.05 5.93348
6.06 5.9875
6.07 6.04019
6.08 6.04326
6.09 6.05992
6.1 6.07425
6.11 6.09968
6.12 6.11814
6.13 6.13442
6.14 6.14536
6.15 6.1753
6.16 6.17524
6.17 6.19974
6.18 6.2321
6.19 6.24246
6.2 6.30073
6.21 6.34352
6.22 6.34615
6.23 6.37838
6.24 6.38546
6.25 6.41393
6.26 6.43378
6.27 6.43578
6.28 6.45486
6.29 6.46698
6.3 6.49915
6.31 6.54379
6.32 6.55391
6.33 6.55529
6.34 6.55853
6.35 6.57584
6.36 6.58486
6.37 6.62217
6.38 6.63215
6.39 6.64217
6.4 6.65661
6.41 6.69798
6.42 6.71863
6.43 6.7642
6.44 6.77454
6.45 6.80062
6.46 6.7866
6.47 6.8179
6.48 6.85911
6.49 6.8703
6.5 6.87987
6.51 6.90916
6.52 6.93827
6.53 6.93169
6.54 6.97212
6.55 6.9884
6.56 7.03838
6.57 7.04467
6.58 7.04467
6.59 7.05141
6.6 7.06536
6.61 7.08809
6.62 7.0754
6.63 7.11644
6.64 7.11888
6.65 7.16309
6.66 7.15042
6.67 7.15163
6.68 7.18699
6.69 7.22454
6.7 7.23731
6.71 7.26712
6.72 7.31078
6.73 7.319
6.74 7.32225
6.75 7.35953
6.76 7.37251
6.77 7.39159
6.78 7.4175
6.79 7.47547
6.8 7.48064
6.81 7.50882
6.82 7.53829
6.83 7.57888
6.84 7.62042
6.85 7.62923
6.86 7.62538
6.87 7.66165
6.88 7.66503
6.89 7.69305
6.9 7.69905
6.91 7.71213
6.92 7.72123
6.93 7.7374
6.94 7.76965
6.95 7.79892
6.96 7.82126
6.97 7.81471
6.98 7.82474
6.99 7.84353
7 7.85302
7.01 7.93404
7.02 7.93584
7.03 7.96356
7.04 7.95682
7.05 7.97783
7.06 8.00894
7.07 8.04467
7.08 8.06206
7.09 8.11603
7.1 8.12731
7.11 8.13444
7.12 8.14573
7.13 8.15321
7.14 8.20073
7.15 8.20301
7.16 8.22026
7.17 8.23155
7.18 8.26047
7.19 8.26065
7.2 8.25179
7.21 8.27444
7.22 8.25923
7.23 8.29003
7.24 8.28205
7.25 8.32831
7.26 8.31315
7.27 8.35851
7.28 8.36307
7.29 8.38439
7.3 8.43767
7.31 8.47233
7.32 8.51521
7.33 8.52877
7.34 8.55703
7.35 8.57003
7.36 8.57426
7.37 8.61618
7.38 8.64525
7.39 8.69131
7.4 8.72383
7.41 8.73308
7.42 8.79065
7.43 8.81104
7.44 8.83758
7.45 8.86589
7.46 8.91532
7.47 8.9464
7.48 8.94259
7.49 8.99691
7.5 9.03763
7.51 9.04391
7.52 9.09853
7.53 9.11857
7.54 9.11743
7.55 9.1201
7.56 9.15788
7.57 9.16612
7.58 9.21675
7.59 9.2109
7.6 9.26308
7.61 9.25569
7.62 9.25358
7.63 9.29197
7.64 9.28924
7.65 9.31765
7.66 9.36977
7.67 9.39374
7.68 9.44386
7.69 9.45871
7.7 9.49389
7.71 9.49565
7.72 9.52215
7.73 9.54185
7.74 9.60519
7.75 9.61747
7.76 9.60839
7.77 9.62919
7.78 9.6516
7.79 9.69953
7.8 9.76371
7.81 9.81902
7.82 9.83822
7.83 9.85872
7.84 9.88689
7.85 9.89463
7.86 9.90448
7.87 9.91914
7.88 9.94683
7.89 9.98053
7.9 10.0198
7.91 10.0708
7.92 10.0937
7.93 10.1366
7.94 10.134
7.95 10.1578
7.96 10.194
7.97 10.2321
7.98 10.2635
7.99 10.255
8 10.2852
8.01 10.3252
8.02 10.3629
8.03 10.3922
8.04 10.4005
8.05 10.4182
8.06 10.4052
8.07 10.4607
8.08 10.4555
8.09 10.4582
8.1 10.4559
8.11 10.4784
8.12 10.4958
8.13 10.5297
8.14 10.5722
8.15 10.6092
8.16 10.648
8.17 10.6838
8.18 10.7041
8.19 10.754
8.2 10.7941
8.21 10.8378
8.22 10.8162
8.23 10.8386
8.24 10.8785
8.25 10.9187
8.26 10.9296
8.27 10.947
8.28 10.9345
8.29 10.9436
8.3 10.98
8.31 10.9935
8.32 11.0414
8.33 11.0759
8.34 11.0588
8.35 11.0702
8.36 11.115
8.37 11.1112
8.38 11.1215
8.39 11.1205
8.4 11.123
8.41 11.1619
8.42 11.1883
8.43 11.2542
8.44 11.2955
8.45 11.3115
8.46 11.3349
8.47 11.3399
8.48 11.3588
8.49 11.3761
8.5 11.3907
8.51 11.4127
8.52 11.4989
8.53 11.4923
8.54 11.52
8.55 11.6001
8.56 11.5989
8.57 11.5928
8.58 11.6258
8.59 11.6147
8.6 11.6106
8.61 11.7616
8.62 11.8044
8.63 11.8657
8.64 11.9062
8.65 11.9358
8.66 11.9523
8.67 11.9855
8.68 11.9902
8.69 12.0097
8.7 12.0982
8.71 12.1324
8.72 12.1701
8.73 12.2012
8.74 12.2087
8.75 12.2579
8.76 12.2657
8.77 12.3129
8.78 12.338
8.79 12.3648
8.8 12.3848
8.81 12.4518
8.82 12.5254
8.83 12.5664
8.84 12.622
8.85 12.6496
8.86 12.6845
8.87 12.7088
8.88 12.7171
8.89 12.7575
8.9 12.7567
8.91 12.8488
8.92 12.896
8.93 12.8825
8.94 12.8952
8.95 12.8726
8.96 12.862
8.97 12.8661
8.98 12.8814
8.99 12.8856
9 12.927
9.01 12.9601
9.02 13.005
9.03 13.0203
9.04 13.069
9.05 13.0871
9.06 13.1334
9.07 13.1385
9.08 13.1702
9.09 13.2195
9.1 13.2941
9.11 13.3221
9.12 13.3708
9.13 13.3806
9.14 13.3863
9.15 13.3904
9.16 13.4328
9.17 13.4672
9.18 13.4746
9.19 13.4875
9.2 13.5267
9.21 13.5715
9.22 13.5863
9.23 13.6211
9.24 13.6689
9.25 13.6864
9.26 13.7088
9.27 13.7498
9.28 13.7472
9.29 13.7395
9.3 13.7585
9.31 13.768
9.32 13.7958
9.33 13.8279
9.34 13.8866
9.35 13.9342
9.36 13.9868
9.37 14.0007
9.38 14.0011
9.39 14.0011
9.4 14.0005
9.41 14.0497
9.42 14.0793
9.43 14.0858
9.44 14.11
9.45 14.182
9.46 14.22
9.47 14.2832
9.48 14.3593
9.49 14.3636
9.5 14.4013
9.51 14.4638
9.52 14.4693
9.53 14.4993
9.54 14.5018
9.55 14.5059
9.56 14.5403
9.57 14.5753
9.58 14.5748
9.59 14.5776
9.6 14.582
9.61 14.6138
9.62 14.6287
9.63 14.6123
9.64 14.6725
9.65 14.7581
9.66 14.8108
9.67 14.8607
9.68 14.8968
9.69 14.9598
9.7 14.9832
9.71 15.0266
9.72 15.0212
9.73 15.0566
9.74 15.098
9.75 15.1193
9.76 15.1103
9.77 15.1675
9.78 15.1722
9.79 15.1746
9.8 15.2077
9.81 15.2256
9.82 15.2748
9.83 15.3611
9.84 15.4253
9.85 15.4456
9.86 15.475
9.87 15.5207
9.88 15.553
9.89 15.5784
9.9 15.6204
9.91 15.6533
9.92 15.7493
9.93 15.7911
9.94 15.8161
9.95 15.8322
9.96 15.8521
9.97 15.8835
9.98 15.9298
9.99 15.9267
10 15.93
10.01 15.9168
10.02 15.9238
10.03 15.9491
10.04 16.0166
10.05 16.0713
10.06 16.0771
10.07 16.1461
10.08 16.181
10.09 16.2003
10.1 16.246
10.11 16.2783
10.12 16.333
10.13 16.4155
10.14 16.4576
10.15 16.4942
10.16 16.5107
10.17 16.5413
10.18 16.5713
10.19 16.5548
10.2 16.5773
10.21 16.7131
10.22 16.7373
10.23 16.8115
10.24 16.8035
10.25 16.8415
10.26 16.8893
10.27 16.9118
10.28 17.0065
10.29 17.0193
10.3 17.026
10.31 17.0219
10.32 17.0614
10.33 17.0927
10.34 17.1171
10.35 17.1187
10.36 17.1396
10.37 17.159
10.38 17.1776
10.39 17.2258
10.4 17.2598
10.41 17.2993
10.42 17.3145
10.43 17.3301
10.44 17.3264
10.45 17.3333
10.46 17.3269
10.47 17.3545
10.48 17.3797
10.49 17.4084
10.5 17.4267
10.51 17.4605
10.52 17.4741
10.53 17.48
10.54 17.4744
10.55 17.4853
10.56 17.51
10.57 17.5626
10.58 17.593
10.59 17.6871
10.6 17.7797
10.61 17.8089
10.62 17.8286
10.63 17.8575
10.64 17.8919
10.65 17.9051
10.66 17.9214
10.67 17.9157
10.68 18.0044
10.69 18.024
10.7 18.0063
10.71 18.0488
10.72 18.1052
10.73 18.1129
10.74 18.2012
10.75 18.2484
10.76 18.255
10.77 18.2959
10.78 18.3601
10.79 18.3864
10.8 18.4275
10.81 18.4784
10.82 18.5392
10.83 18.6064
10.84 18.6127
10.85 18.6547
10.86 18.7487
10.87 18.7923
10.88 18.8213
10.89 18.8607
10.9 18.9646
10.91 19.0116
10.92 19.0073
10.93 19.062
10.94 19.0389
10.95 19.0788
10.96 19.0797
10.97 19.1284
10.98 19.1701
10.99 19.3205
11 19.3799
11.01 19.3638
11.02 19.4233
11.03 19.4538
11.04 19.5552
11.05 19.5835
11.06 19.6043
11.07 19.6079
11.08 19.6355
11.09 19.7059
11.1 19.6921
11.11 19.7134
11.12 19.7486
11.13 19.7768
11.14 19.8164
11.15 19.8437
11.16 19.8745
11.17 19.8562
11.18 19.9115
11.19 19.9216
11.2 19.9684
11.21 20.0047
11.22 20.0193
11.23 20.0489
11.24 20.0723
11.25 20.0611
11.26 20.1079
11.27 20.143
11.28 20.1396
11.29 20.2055
11.3 20.2688
11.31 20.2666
11.32 20.2624
11.33 20.3147
11.34 20.3084
11.35 20.3157
11.36 20.3665
11.37 20.4332
11.38 20.4461
11.39 20.5019
11.4 20.5613
11.41 20.5907
11.42 20.6493
11.43 20.6233
11.44 20.6892
11.45 20.7997
11.46 20.8812
11.47 20.9287
11.48 20.981
11.49 21.0194
11.5 21.095
11.51 21.156
11.52 21.163
11.53 21.2216
11.54 21.3377
11.55 21.3763
11.56 21.3856
11.57 21.3921
11.58 21.4337
11.59 21.5056
11.6 21.5561
11.61 21.5858
11.62 21.6812
11.63 21.7008
11.64 21.6579
11.65 21.6449
11.66 21.6659
11.67 21.7371
11.68 21.7644
11.69 21.8078
11.7 21.8715
11.71 21.8845
11.72 21.8802
11.73 21.9493
11.74 21.977
11.75 21.9873
11.76 22.0233
11.77 22.0647
11.78 22.0473
11.79 22.0581
11.8 22.073
11.81 22.1047
11.82 22.104
11.83 22.1822
11.84 22.177
11.85 22.2183
11.86 22.255
11.87 22.3176
11.88 22.3319
11.89 22.353
11.9 22.3641
11.91 22.4057
11.92 22.4332
11.93 22.4313
11.94 22.4808
11.95 22.5898
11.96 22.5973
11.97 22.671
11.98 22.682
11.99 22.7294
12 22.7802
12.01 22.799
12.02 22.843
12.03 22.9154
12.04 22.9086
12.05 23.0104
12.06 23.0289
12.07 23.1323
12.08 23.1757
12.09 23.1894
12.1 23.1917
12.11 23.2165
12.12 23.2767
12.13 23.3211
12.14 23.3863
12.15 23.4134
12.16 23.4531
12.17 23.4725
12.18 23.539
12.19 23.5974
12.2 23.6161
12.21 23.6778
12.22 23.67
12.23 23.741
12.24 23.85
12.25 23.8921
12.26 24.0025
12.27 24.0376
12.28 24.0552
12.29 24.1458
12.3 24.1625
12.31 24.1634
12.32 24.2
12.33 24.2354
12.34 24.255
12.35 24.2614
12.36 24.3023
12.37 24.3219
12.38 24.3841
12.39 24.3952
12.4 24.4378
12.41 24.4772
12.42 24.5202
12.43 24.5035
12.44 24.5511
12.45 24.6031
12.46 24.6354
12.47 24.6292
12.48 24.6399
12.49 24.6741
12.5 24.687
12.51 24.725
12.52 24.8466
12.53 24.9129
12.54 24.9112
12.55 24.9191
12.56 25.0145
12.57 25.0072
12.58 25.0433
12.59 25.1666
12.6 25.2901
12.61 25.3093
12.62 25.3843
12.63 25.4535
12.64 25.4518
12.65 25.509
12.66 25.5789
12.67 25.6424
12.68 25.6558
12.69 25.7211
12.7 25.7193
12.71 25.7381
12.72 25.7546
12.73 25.7777
12.74 25.8453
12.75 25.8553
12.76 25.8383
12.77 25.8343
12.78 25.83
12.79 25.8498
12.8 25.866
12.81 25.9321
12.82 25.9448
12.83 25.9671
12.84 26.0331
12.85 26.064
12.86 26.1091
12.87 26.1176
12.88 26.1724
12.89 26.1663
12.9 26.186
12.91 26.2093
12.92 26.3215
12.93 26.3538
12.94 26.4437
12.95 26.4577
12.96 26.4213
12.97 26.4687
12.98 26.5274
12.99 26.5543
13 26.5754
13.01 26.6612
13.02 26.7144
13.03 26.7331
13.04 26.7829
13.05 26.8971
13.06 26.9462
13.07 27.0284
13.08 27.21
13.09 27.2269
13.1 27.2276
13.11 27.2819
13.12 27.3069
13.13 27.2774
13.14 27.3746
13.15 27.4135
13.16 27.4258
13.17 27.42
13.18 27.4234
13.19 27.471
13.2 27.4953
13.21 27.5611
13.22 27.6041
13.23 27.6862
13.24 27.7193
13.25 27.7349
13.26 27.7801
13.27 27.794
13.28 27.794
13.29 27.8423
13.3 27.9148
13.31 27.984
13.32 28.0373
13.33 28.0537
13.34 28.0926
13.35 28.1541
13.36 28.1725
13.37 28.2514
13.38 28.3586
13.39 28.437
13.4 28.4394
13.41 28.5191
13.42 28.552
13.43 28.653
13.44 28.7199
13.45 28.7559
13.46 28.8421
13.47 28.8462
13.48 28.8258
13.49 28.8584
13.5 28.8871
13.51 28.9017
13.52 28.9736
13.53 29.0397
13.54 29.0113
13.55 29.0216
13.56 29.0304
13.57 29.0528
13.58 29.077
13.59 29.0589
13.6 29.1138
13.61 29.1634
13.62 29.2342
13.63 29.27
13.64 29.3277
13.65 29.332
13.66 29.357
13.67 29.4272
13.68 29.4589
13.69 29.5637
13.7 29.5979
13.71 29.5987
13.72 29.6071
13.73 29.6135
13.74 29.6716
13.75 29.7016
13.76 29.7276
13.77 29.7531
13.78 29.816
13.79 29.8356
13.8 29.8779
13.81 29.9328
13.82 29.9878
13.83 30.0208
13.84 30.0381
13.85 30.0652
13.86 30.0742
13.87 30.1008
13.88 30.145
13.89 30.2099
13.9 30.241
13.91 30.2717
13.92 30.2988
13.93 30.4139
13.94 30.4442
13.95 30.4561
13.96 30.4617
13.97 30.572
13.98 30.6546
13.99 30.6786
14 30.8154
14.01 30.912
14.02 30.9688
14.03 30.9841
14.04 31.0568
14.05 31.0639
14.06 31.0968
14.07 31.0812
14.08 31.1799
14.09 31.2749
14.1 31.3555
14.11 31.378
14.12 31.4409
14.13 31.4778
14.14 31.472
14.15 31.4585
14.16 31.4827
14.17 31.4761
14.18 31.5787
14.19 31.6811
14.2 31.7926
14.21 31.8438
14.22 31.9287
14.23 31.9257
14.24 31.9514
14.25 32.036
14.26 32.0975
14.27 32.1089
14.28 32.1248
14.29 32.1898
14.3 32.2026
14.31 32.2167
14.32 32.2445
14.33 32.3396
14.34 32.4315
14.35 32.4741
14.36 32.5243
14.37 32.601
14.38 32.6453
14.39 32.6674
14.4 32.6728
14.41 32.6922
14.42 32.6951
14.43 32.7449
14.44 32.7979
14.45 32.9097
14.46 32.9825
14.47 33.1136
14.48 33.156
14.49 33.1886
14.5 33.2842
14.51 33.3864
14.52 33.3794
14.53 33.5514
14.54 33.5414
14.55 33.5812
14.56 33.5657
14.57 33.611
14.58 33.7168
14.59 33.7181
14.6 33.8186
14.61 33.8392
14.62 33.9003
14.63 33.932
14.64 33.9185
14.65 33.9771
14.66 33.9614
14.67 33.9917
14.68 33.9829
14.69 33.9692
14.7 33.9778
14.71 33.9859
14.72 34.0217
14.73 34.0098
14.74 34.0245
14.75 34.1535
14.76 34.2143
14.77 34.1993
14.78 34.1668
14.79 34.2442
14.8 34.2653
14.81 34.3025
14.82 34.3258
14.83 34.3953
14.84 34.385
14.85 34.4068
14.86 34.4809
14.87 34.575
14.88 34.6476
14.89 34.6842
14.9 34.7052
14.91 34.7811
14.92 34.8042
14.93 34.8519
14.94 34.8482
14.95 34.8883
14.96 34.9051
14.97 34.9418
14.98 34.9686
14.99 35.0873
15 35.162
15.01 35.162
15.02 35.2115
15.03 35.1624
15.04 35.2387
15.05 35.2844
15.06 35.3221
15.07 35.3813
15.08 35.4115
15.09 35.4459
15.1 35.4742
15.11 35.4923
15.12 35.5284
15.13 35.5839
15.14 35.6143
15.15 35.6485
15.16 35.6934
15.17 35.7628
15.18 35.7993
15.19 35.8334
15.2 35.8832
15.21 35.9419
15.22 35.9569
15.23 36.0662
15.24 36.1044
15.25 36.1472
15.26 36.236
15.27 36.2482
15.28 36.2452
15.29 36.2658
15.3 36.3513
15.31 36.441
15.32 36.4962
15.33 36.5627
15.34 36.697
15.35 36.7927
15.36 36.8473
15.37 36.8382
15.38 36.9871
15.39 37.0945
15.4 37.1682
15.41 37.2203
15.42 37.2449
15.43 37.3356
15.44 37.4001
15.45 37.3956
15.46 37.4317
15.47 37.5319
15.48 37.5493
15.49 37.6241
15.5 37.7275
15.51 37.8144
15.52 37.8922
15.53 37.8739
15.54 37.9715
15.55 38.0272
15.56 38.0824
15.57 38.1182
15.58 38.128
15.59 38.2225
15.6 38.2187
15.61 38.2258
15.62 38.252
15.63 38.3595
15.64 38.3447
15.65 38.432
15.66 38.4342
15.67 38.4826
15.68 38.5377
15.69 38.5669
15.7 38.6578
15.71 38.669
15.72 38.7058
15.73 38.7155
15.74 38.7581
15.75 38.8831
15.76 39.0015
15.77 39.0609
15.78 39.0951
15.79 39.0917
15.8 39.1052
15.81 39.2357
15.82 39.2798
15.83 39.2772
15.84 39.267
15.85 39.4153
15.86 39.3981
15.87 39.413
15.88 39.4753
15.89 39.5862
15.9 39.6471
15.91 39.7411
15.92 39.8297
15.93 39.8895
15.94 40.0099
15.95 40.0515
15.96 40.059
15.97 40.0885
15.98 40.1426
15.99 40.1504
16 40.1654
16.01 40.1937
16.02 40.3046
16.03 40.3257
16.04 40.3853
16.05 40.4292
16.06 40.5536
16.07 40.6116
16.08 40.6203
16.09 40.6947
16.1 40.6656
16.11 40.7709
16.12 40.8018
16.13 40.8619
16.14 40.9313
16.15 40.9619
16.16 40.9702
16.17 41.0163
16.18 41.0559
16.19 41.1403
16.2 41.2402
16.21 41.3575
16.22 41.3932
16.23 41.4473
16.24 41.5072
16.25 41.5546
16.26 41.6202
16.27 41.6321
16.28 41.7382
16.29 41.8478
16.3 41.9245
16.31 41.9128
16.32 41.9123
16.33 41.8937
16.34 41.8793
16.35 41.8961
16.36 41.9557
16.37 41.9462
16.38 41.9126
16.39 41.9496
16.4 42.0793
16.41 42.0949
16.42 42.1079
16.43 42.1553
16.44 42.2251
16.45 42.287
16.46 42.3549
16.47 42.4109
16.48 42.3958
16.49 42.3903
16.5 42.4794
16.51 42.4586
16.52 42.5034
16.53 42.5055
16.54 42.5223
16.55 42.6174
16.56 42.6236
16.57 42.6401
16.58 42.6649
16.59 42.6777
16.6 42.704
16.61 42.7478
16.62 42.7984
16.63 42.8529
16.64 42.8736
16.65 42.9724
16.66 43.0175
16.67 43.0349
16.68 43.0972
16.69 43.1276
16.7 43.1781
16.71 43.2344
16.72 43.2836
16.73 43.3459
16.74 43.3611
16.75 43.4078
16.76 43.479
16.77 43.6171
16.78 43.7405
16.79 43.7794
16.8 43.8068
16.81 43.914
16.82 43.9619
16.83 43.9541
16.84 44.0675
16.85 44.0741
16.86 44.1715
16.87 44.2447
16.88 44.2583
16.89 44.3868
16.9 44.4528
16.91 44.5685
16.92 44.6023
16.93 44.7183
16.94 44.6644
16.95 44.6717
16.96 44.7206
16.97 44.7197
16.98 44.7443
16.99 44.8107
17 44.8457
17.01 44.8717
17.02 44.8899
17.03 45.0307
17.04 45.1351
17.05 45.1732
17.06 45.244
17.07 45.3057
17.08 45.3076
17.09 45.4563
17.1 45.5201
17.11 45.5921
17.12 45.7016
17.13 45.8106
17.14 45.7789
17.15 45.7851
17.16 45.8451
17.17 45.8934
17.18 45.9426
17.19 46.076
17.2 46.1525
17.21 46.2634
17.22 46.3478
17.23 46.3285
17.24 46.4076
17.25 46.4625
17.26 46.5
17.27 46.573
17.28 46.6562
17.29 46.6422
17.3 46.7041
17.31 46.7075
17.32 46.7278
17.33 46.7874
17.34 46.7817
17.35 46.8004
17.36 46.8664
17.37 46.8765
17.38 46.9404
17.39 46.9743
17.4 46.994
17.41 47.0723
17.42 47.1284
17.43 47.1818
17.44 47.3547
17.45 47.3769
17.46 47.431
17.47 47.5609
17.48 47.5818
17.49 47.6838
17.5 47.6838
17.51 47.7384
17.52 47.8136
17.53 47.9386
17.54 47.9481
17.55 48.0315
17.56 48.0611
17.57 48.042
17.58 48.0795
17.59 48.1227
17.6 48.1495
17.61 48.252
17.62 48.3519
17.63 48.4173
17.64 48.5182
17.65 48.7001
17.66 48.7385
17.67 48.7795
17.68 48.7947
17.69 48.8802
17.7 48.96
17.71 49.1044
17.72 49.152
17.73 49.1852
17.74 49.2476
17.75 49.3448
17.76 49.4393
17.77 49.4757
17.78 49.5018
17.79 49.5076
17.8 49.5438
17.81 49.59
17.82 49.7532
17.83 49.8036
17.84 49.8024
17.85 49.8666
17.86 50.0812
17.87 50.0983
17.88 50.1779
17.89 50.2978
17.9 50.3295
17.91 50.3709
17.92 50.4464
17.93 50.5005
17.94 50.5821
17.95 50.6679
17.96 50.7043
17.97 50.7043
17.98 50.8637
17.99 50.9432
18 50.9746
18.01 50.9638
18.02 51.039
18.03 51.0867
18.04 51.1438
18.05 51.1627
18.06 51.1786
18.07 51.1485
18.08 51.1732
18.09 51.2069
18.1 51.2029
18.11 51.2541
18.12 51.2981
18.13 51.3536
18.14 51.3413
18.15 51.4021
18.16 51.4989
18.17 51.5022
18.18 51.5647
18.19 51.6351
18.2 51.696
18.21 51.7213
18.22 51.7677
18.23 51.79
18.24 51.808
18.25 51.8666
18.26 51.9081
18.27 51.9162
18.28 51.9714
18.29 51.9884
18.3 52.0991
18.31 52.1675
18.32 52.3254
18.33 52.3318
18.34 52.3101
18.35 52.3031
18.36 52.3577
18.37 52.4651
18.38 52.5012
18.39 52.5357
18.4 52.634
18.41 52.7105
18.42 52.8021
18.43 52.9144
18.44 53.0211
18.45 53.0491
18.46 53.1038
18.47 53.1066
18.48 53.1896
18.49 53.2585
18.5 53.2827
18.51 53.2695
18.52 53.3166
18.53 53.364
18.54 53.378
18.55 53.4826
18.56 53.5566
18.57 53.5566
18.58 53.5889
18.59 53.6422
18.6 53.7349
18.61 53.7481
18.62 53.8253
18.63 53.9615
18.64 53.9846
18.65 54.0711
18.66 54.1618
18.67 54.1236
18.68 54.1744
18.69 54.2612
18.7 54.3117
18.71 54.3665
18.72 54.389
18.73 54.5333
18.74 54.6185
18.75 54.692
18.76 54.849
18.77 55.0054
18.78 55.1265
18.79 55.2099
18.8 55.3513
18.81 55.3916
18.82 55.4304
18.83 55.5836
18.84 55.6502
18.85 55.7569
18.86 55.7859
18.87 55.7821
18.88 55.9286
18.89 55.9044
18.9 55.951
18.91 55.9121
18.92 55.9804
18.93 55.9615
18.94 56.062
18.95 56.1621
18.96 56.1525
18.97 56.2637
18.98 56.2999
18.99 56.3288
19 56.2721
19.01 56.2898
19.02 56.3272
19.03 56.307
19.04 56.3883
19.05 56.3701
19.06 56.3664
19.07 56.3636
19.08 56.4827
19.09 56.5613
19.1 56.6453
19.11 56.6993
19.12 56.7364
19.13 56.7805
19.14 56.806
19.15 56.8084
19.16 56.8372
19.17 56.857
19.18 56.9217
19.19 56.9214
19.2 56.952
19.21 57.0703
19.22 57.0899
19.23 57.1255
19.24 57.1581
19.25 57.2417
19.26 57.3466
19.27 57.3586
19.28 57.3603
19.29 57.4047
19.3 57.4134
19.31 57.5616
19.32 57.617
19.33 57.6321
19.34 57.7202
19.35 57.8081
19.36 57.8947
19.37 57.9185
19.38 58.0127
19.39 57.9874
19.4 58.0315
19.41 58.0693
19.42 58.185
19.43 58.2807
19.44 58.3645
19.45 58.3919
19.46 58.5448
19.47 58.5213
19.48 58.5661
19.49 58.6356
19.5 58.7425
19.51 58.8397
19.52 58.896
19.53 58.931
19.54 58.9257
19.55 59.0643
19.56 59.1444
19.57 59.3244
19.58 59.3805
19.59 59.4738
19.6 59.5363
19.61 59.6126
19.62 59.6989
19.63 59.7262
19.64 59.7229
19.65 59.743
19.66 59.7612
19.67 59.8417
19.68 60.0008
19.69 60.0891
19.7 60.2149
19.71 60.2262
19.72 60.4189
19.73 60.5611
19.74 60.6173
19.75 60.6594
19.76 60.6825
19.77 60.7267
19.78 60.8364
19.79 60.8698
19.8 60.9951
19.81 61.1396
19.82 61.1626
19.83 61.189
19.84 61.2051
19.85 61.4139
19.86 61.6341
19.87 61.7848
19.88 61.8943
19.89 61.9613
19.9 62.0876
19.91 62.1586
19.92 62.1863
19.93 62.23
19.94 62.243
19.95 62.3014
19.96 62.3779
19.97 62.3685
19.98 62.4245
19.99 62.5064
