0 0.00238667
0.01 0.00769608
0.02 0.014352
0.03 0.020594
0.04 0.025254
0.05 0.0318506
0.06 0.0401288
0.07 0.048979
0.08 0.0589419
0.09 0.0687811
0.1 0.0831192
0.11 0.0954892
0.12 0.108298
0.13 0.117701
0.14 0.127186
0.15 0.136655
0.16 0.150599
0.17 0.171622
0.18 0.188639
0.19 0.199462
0.2 0.215308
0.21 0.240547
0.22 0.265786
0.23 0.284113
0.24 0.296453
0.25 0.31683
0.26 0.328678
0.27 0.339218
0.28 0.35472
0.29 0.36432
0.3 0.386267
0.31 0.40953
0.32 0.4349
0.33 0.458674
0.34 0.482148
0.35 0.500177
0.36 0.518103
0.37 0.53597
0.38 0.551229
0.39 0.572607
0.4 0.592059
0.41 0.616048
0.42 0.635762
0.43 0.655863
0.44 0.681396
0.45 0.704735
0.46 0.736826
0.47 0.75475
0.48 0.778418
0.49 0.799536
0.5 0.82168
0.51 0.85562
0.52 0.879132
0.53 0.909507
0.54 0.925374
0.55 0.947882
0.56 0.965524
0.57 0.998886
0.58 1.02547
0.59 1.04101
0.6 1.08122
0.61 1.11306
0.62 1.14309
0.63 1.17508
0.64 1.2107
0.65 1.24966
0.66 1.28378
0.67 1.31013
0.68 1.32574
0.69 1.35367
0.7 1.39027
0.71 1.41362
0.72 1.44186
0.73 1.47813
0.74 1.49675
0.75 1.53999
0.76 1.57881
0.77 1.62199
0.78 1.65384
0.79 1.7012
0.8 1.7323
0.81 1.7677
0.82 1.79348
0.83 1.84668
0.84 1.89629
0.85 1.94241
0.86 1.98434
0.87 2.0188
0.88 2.0529
0.89 2.08164
0.9 2.10941
0.91 2.15296
0.92 2.18717
0.93 2.21274
0.94 2.26732
0.95 2.31056
0.96 2.33557
0.97 2.38036
0.98 2.42631
0.99 2.46796
1 2.52126
1.01 2.56634
1.02 2.60105
1.03 2.63381
1.04 2.6735
1.05 2.72726
1.06 2.74758
1.07 2.80537
1.08 2.83991
1.09 2.89379
1.1 2.95291
1.11 3.0085
1.12 3.06692
1.13 3.12683
1.14 3.17723
1.15 3.22796
1.16 3.28296
1.17 3.33118
1.18 3.39901
1.19 3.43271
1.2 3.46294
1.21 3.50428
1.22 3.58227
1.23 3.64902
1.24 3.72256
1.25 3.79242
1.26 3.8574
1.27 3.91901
1.28 3.99248
1.29 4.05762
1.3 4.10195
1.31 4.16198
1.32 4.24583
1.33 4.28746
1.34 4.36262
1.35 4.42486
1.36 4.48251
1.37 4.54976
1.38 4.62871
1.39 4.72443
1.4 4.78777
1.41 4.81421
1.42 4.87333
1.43 4.94644
1.44 4.99693
1.45 5.09519
1.46 5.16896
1.47 5.2614
1.48 5.33555
1.49 5.40425
1.5 5.4414
1.51 5.49877
1.52 5.574
1.53 5.67622
1.54 5.73652
1.55 5.81444
1.56 5.90341
1.57 5.98653
1.58 6.03753
1.59 6.08711
1.6 6.14745
1.61 6.22061
1.62 6.32737
1.63 6.41104
1.64 6.49317
1.65 6.60554
1.66 6.71161
1.67 6.79664
1.68 6.86616
1.69 6.91285
1.7 6.99157
1.71 7.04343
1.72 7.10287
1.73 7.16265
1.74 7.24111
1.75 7.31793
1.76 7.42184
1.77 7.5477
1.78 7.65384
1.79 7.76474
1.8 7.86184
1.81 7.97665
1.82 8.03852
1.83 8.06425
1.84 8.13465
1.85 8.24656
1.86 8.32917
1.87 8.37942
1.88 8.46846
1.89 8.57772
1.9 8.65691
1.91 8.72485
1.92 8.81162
1.93 8.87284
1.94 8.94076
1.95 9.00079
1.96 9.05697
1.97 9.12112
1.98 9.20226
1.99 9.28076
2 9.33949
2.01 9.4426
2.02 9.51704
2.03 9.59268
2.04 9.64607
2.05 9.76208
2.06 9.85633
2.07 9.9694
2.08 10.0902
2.09 10.2171
2.1 10.3356
2.11 10.4377
2.12 10.5214
2.13 10.5903
2.14 10.6937
2.15 10.81
2.16 10.8964
2.17 10.9768
2.18 11.0034
2.19 11.0861
2.2 11.1697
2.21 11.2492
2.22 11.3227
2.23 11.409
2.24 11.5021
2.25 11.6534
2.26 11.7578
2.27 11.8517
2.28 11.9601
2.29 12.0689
2.3 12.1596
2.31 12.265
2.32 12.3779
2.33 12.4848
2.34 12.5688
2.35 12.6577
2.36 12.8047
2.37 12.9351
2.38 13.0665
2.39 13.23
2.4 13.3909
2.41 13.5383
2.42 13.6767
2.43 13.7707
2.44 13.8252
2.45 13.9128
2.46 13.9849
2.47 14.0837
2.48 14.146
2.49 14.2192
2.5 14.2341
2.51 14.287
2.52 14.3639
2.53 14.4518
2.54 14.5485
2.55 14.6627
2.56 14.7718
2.57 14.9298
2.58 15.0194
2.59 15.1615
2.6 15.3063
2.61 15.4279
2.62 15.5063
2.63 15.604
2.64 15.6777
2.65 15.7738
2.66 15.8874
2.67 16.0107
2.68 16.1181
2.69 16.2115
2.7 16.3207
2.71 16.4356
2.72 16.5476
2.73 16.6668
2.74 16.8051
2.75 16.9592
2.76 17.0667
2.77 17.187
2.78 17.2719
2.79 17.3775
2.8 17.4685
2.81 17.5495
2.82 17.703
2.83 17.8599
2.84 17.9913
2.85 18.1067
2.86 18.2274
2.87 18.3203
2.88 18.4843
2.89 18.5952
2.9 18.6947
2.91 18.8366
2.92 18.9689
2.93 19.0678
2.94 19.1335
2.95 19.2318
2.96 19.2944
2.97 19.3953
2.98 19.4858
2.99 19.5604
3 19.6939
3.01 19.8116
3.02 19.9094
3.03 20.0091
3.04 20.1223
3.05 20.2582
3.06 20.4001
3.07 20.5479
3.08 20.6563
3.09 20.7568
3.1 20.8943
3.11 21.0247
3.12 21.1678
3.13 21.2917
3.14 21.4199
3.15 21.5574
3.16 21.6535
3.17 21.8307
3.18 21.9991
3.19 22.1465
3.2 22.2141
3.21 22.2666
3.22 22.3981
3.23 22.5656
3.24 22.7213
3.25 22.8464
3.26 22.9924
3.27 23.1282
3.28 23.2822
3.29 23.3807
3.3 23.5555
3.31 23.7542
3.32 23.9431
3.33 24.133
3.34 24.2966
3.35 24.4371
3.36 24.5711
3.37 24.647
3.38 24.7681
3.39 24.9453
3.4 25.0289
3.41 25.196
3.42 25.3498
3.43 25.547
3.44 25.6908
3.45 25.7988
3.46 25.9345
3.47 26.1027
3.48 26.2344
3.49 26.4654
3.5 26.6985
3.51 26.8491
3.52 27.0408
3.53 27.1573
3.54 27.3057
3.55 27.3944
3.56 27.5481
3.57 27.7469
3.58 27.9161
3.59 28.0346
3.6 28.1797
3.61 28.3791
3.62 28.5536
3.63 28.7339
3.64 28.8765
3.65 29.0731
3.66 29.2379
3.67 29.3946
3.68 29.5173
3.69 29.6113
3.7 29.7267
3.71 29.9015
3.72 30.0413
3.73 30.1698
3.74 30.2773
3.75 30.3978
3.76 30.4537
3.77 30.6241
3.78 30.7252
3.79 30.9135
3.8 31.0185
3.81 31.1715
3.82 31.334
3.83 31.5288
3.84 31.6718
3.85 31.8409
3.86 32.0331
3.87 32.2018
3.88 32.3356
3.89 32.4523
3.9 32.6259
3.91 32.7234
3.92 32.8551
3.93 32.9495
3.94 33.0632
3.95 33.2243
3.96 33.3345
3.97 33.5104
3.98 33.6817
3.99 33.8721
4 34.0636
4.01 34.2185
4.02 34.3667
4.03 34.5092
4.04 34.6838
4.05 34.8203
4.06 34.9455
4.07 35.0641
4.08 35.1452
4.09 35.2854
4.1 35.443
4.11 35.5541
4.12 35.7042
4.13 35.823
4.14 35.9767
4.15 36.1089
4.16 36.2413
4.17 36.4013
4.18 36.5465
4.19 36.7249
4.2 36.9394
4.21 37.0699
4.22 37.2155
4.23 37.262
4.24 37.3003
4.25 37.381
4.26 37.5254
4.27 37.7384
4.28 37.9246
4.29 38.0683
4.3 38.3003
4.31 38.4886
4.32 38.6843
4.33 38.8687
4.34 39.1101
4.35 39.2801
4.36 39.555
4.37 39.8087
4.38 40.0517
4.39 40.2535
4.4 40.3766
4.41 40.4907
4.42 40.6713
4.43 40.8048
4.44 40.9805
4.45 41.1116
4.46 41.2821
4.47 41.4317
4.48 41.6218
4.49 41.8038
4.5 41.9611
4.51 42.169
4.52 42.3417
4.53 42.5067
4.54 42.6055
4.55 42.6648
4.56 42.8595
4.57 43.0467
4.58 43.2411
4.59 43.4462
4.6 43.5926
4.61 43.7682
4.62 43.9728
4.63 44.1492
4.64 44.4013
4.65 44.5369
4.66 44.6876
4.67 44.8703
4.68 44.974
4.69 45.1993
4.7 45.3961
4.71 45.5746
4.72 45.7728
4.73 46.0267
4.74 46.1858
4.75 46.4512
4.76 46.6545
4.77 46.7697
4.78 46.907
4.79 47.0491
4.8 47.2272
4.81 47.4598
4.82 47.6531
4.83 47.8523
4.84 48.0724
4.85 48.2358
4.86 48.3777
4.87 48.5584
4.88 48.7235
4.89 48.8987
4.9 49.0525
4.91 49.3282
4.92 49.4952
4.93 49.7109
4.94 50.0337
4.95 50.2367
4.96 50.3634
4.97 50.5351
4.98 50.8231
4.99 51.0172
5 51.2378
5.01 51.4445
5.02 51.6181
5.03 51.8777
5.04 52.0404
5.05 52.3126
5.06 52.5839
5.07 52.8089
5.08 53.0106
5.09 53.2264
5.1 53.4918
5.11 53.6558
5.12 53.9113
5.13 54.0741
5.14 54.3012
5.15 54.4393
5.16 54.6676
5.17 54.7967
5.18 55.0007
5.19 55.2158
5.2 55.3183
5.21 55.4285
5.22 55.5446
5.23 55.7178
5.24 55.8602
5.25 55.9306
5.26 56.0983
5.27 56.3083
5.28 56.5175
5.29 56.8092
5.3 57.0812
5.31 57.3693
5.32 57.5794
5.33 57.7826
5.34 57.8858
5.35 58.0174
5.36 58.1359
5.37 58.2376
5.38 58.4091
5.39 58.5752
5.4 58.8699
5.41 59.0961
5.42 59.2945
5.43 59.4748
5.44 59.7072
5.45 59.9031
5.46 60.0714
5.47 60.3242
5.48 60.6418
5.49 60.8832
5.5 61.008
5.51 61.1375
5.52 61.3199
5.53 61.5428
5.54 61.7282
5.55 61.8111
5.56 61.9393
5.57 62.1282
5.58 62.3804
5.59 62.6032
5.6 62.8241
5.61 63.0137
5.62 63.1885
5.63 63.4234
5.64 63.634
5.65 63.7843
5.66 63.941
5.67 64.2111
5.68 64.4405
5.69 64.6991
5.7 64.9253
5.71 65.1249
5.72 65.3149
5.73 65.4732
5.74 65.678
5.75 65.8534
5.76 65.9888
5.77 66.1296
5.78 66.2938
5.79 66.4499
5.8 66.6254
5.81 66.86
5.82 67.2089
5.83 67.3667
5.84 67.6343
5.85 67.8037
5.86 68.025
5.87 68.2044
5.88 68.4975
5.89 68.8121
5.9 69.0858
5.91 69.241
5.92 69.3351
5.93 69.6145
5.94 69.9815
5.95 70.3197
5.96 70.4981
5.97 70.6272
5.98 70.8773
5.99 71.0375
6 71.2732
6.01 71.4863
6.02 71.7979
6.03 72.0528
6.04 72.2939
6.05 72.577
6.06 72.8089
6.07 73.0441
6.08 73.3
6.09 73.5466
6.1 73.8522
6.11 74.1077
6.12 74.4534
6.13 74.7613
6.14 74.9812
6.15 75.2051
6.16 75.4458
6.17 75.6147
6.18 75.8005
6.19 76.0217
6.2 76.1855
6.21 76.4422
6.22 76.8125
6.23 77.0127
6.24 77.2062
6.25 77.4413
6.26 77.58
6.27 77.8593
6.28 78.1069
6.29 78.4193
6.3 78.6555
6.31 78.8743
6.32 79.1316
6.33 79.4149
6.34 79.5823
6.35 79.784
6.36 80.0564
6.37 80.3062
6.38 80.6494
6.39 80.8704
6.4 81.1312
6.41 81.3942
6.42 81.591
6.43 81.7412
6.44 82.0093
6.45 82.327
6.46 82.6775
6.47 83.0078
6.48 83.211
6.49 83.517
6.5 83.7875
6.51 84.1664
6.52 84.4226
6.53 84.607
6.54 84.9126
6.55 85.1774
6.56 85.3951
6.57 85.6778
6.58 85.8436
6.59 86.0553
6.6 86.3556
6.61 86.5923
6.62 86.7705
6.63 86.9564
6.64 87.1126
6.65 87.3713
6.66 87.6686
6.67 87.9353
6.68 88.2398
6.69 88.5565
6.7 88.8505
6.71 89.0499
6.72 89.4013
6.73 89.6462
6.74 89.8799
6.75 90.1286
6.76 90.3709
6.77 90.5009
6.78 90.6245
6.79 90.8864
6.8 91.2397
6.81 91.4456
6.82 91.5918
6.83 91.7748
6.84 91.961
6.85 92.2135
6.86 92.4472
6.87 92.7979
6.88 93.2009
6.89 93.5149
6.9 93.7153
6.91 94.0432
6.92 94.4142
6.93 94.6505
6.94 94.9371
6.95 95.208
6.96 95.3917
6.97 95.5928
6.98 95.8252
6.99 96.0612
7 96.356
7.01 96.6584
7.02 97.0601
7.03 97.504
7.04 97.8289
7.05 98.1089
7.06 98.3315
7.07 98.6226
7.08 98.9181
7.09 99.1478
7.1 99.4629
7.11 99.7656
7.12 99.9991
7.13 100.289
7.14 100.619
7.15 101.117
7.16 101.459
7.17 101.785
7.18 101.994
7.19 102.27
7.2 102.568
7.21 102.876
7.22 103.127
7.23 103.38
7.24 103.655
7.25 104.142
7.26 104.474
7.27 104.885
7.28 105.173
7.29 105.428
7.3 105.652
7.31 105.95
7.32 106.22
7.33 106.507
7.34 106.824
7.35 106.996
7.36 107.214
7.37 107.307
7.38 107.5
7.39 107.858
7.4 108.089
7.41 108.287
7.42 108.563
7.43 108.869
7.44 109.165
7.45 109.293
7.46 109.59
7.47 110.022
7.48 110.431
7.49 110.805
7.5 110.997
7.51 111.369
7.52 111.709
7.53 111.877
7.54 112.211
7.55 112.499
7.56 112.878
7.57 113.203
7.58 113.379
7.59 113.664
7.6 113.842
7.61 114.17
7.62 114.515
7.63 114.742
7.64 115.022
7.65 115.316
7.66 115.701
7.67 116.073
7.68 116.249
7.69 116.496
7.7 116.752
7.71 116.953
7.72 117.043
7.73 117.257
7.74 117.477
7.75 117.787
7.76 118.015
7.77 118.266
7.78 118.614
7.79 118.86
7.8 119.051
7.81 119.399
7.82 119.667
7.83 119.83
7.84 120.101
7.85 120.441
7.86 120.609
7.87 120.82
7.88 121.14
7.89 121.466
7.9 121.654
7.91 121.896
7.92 122.137
7.93 122.421
7.94 122.639
7.95 122.872
7.96 123.028
7.97 123.149
7.98 123.389
7.99 123.665
8 124.021
8.01 124.379
8.02 124.642
8.03 125.015
8.04 125.301
8.05 125.651
8.06 125.94
8.07 126.157
8.08 126.491
8.09 126.811
8.1 127.112
8.11 127.378
8.12 127.635
8.13 128.004
8.14 128.346
8.15 128.625
8.16 128.806
8.17 129.154
8.18 129.434
8.19 129.746
8.2 130.108
8.21 130.42
8.22 130.766
8.23 131.085
8.24 131.329
8.25 131.581
8.26 131.775
8.27 131.932
8.28 132.178
8.29 132.555
8.3 132.829
8.31 133.166
8.32 133.406
8.33 133.768
8.34 134.01
8.35 134.285
8.36 134.425
8.37 134.743
8.38 135.181
8.39 135.431
8.4 135.703
8.41 136.017
8.42 136.208
8.43 136.437
8.44 136.632
8.45 136.861
8.46 137.149
8.47 137.314
8.48 137.595
8.49 137.939
8.5 138.11
8.51 138.354
8.52 138.732
8.53 139.028
8.54 139.302
8.55 139.649
8.56 139.99
8.57 140.335
8.58 140.619
8.59 140.966
8.6 141.276
8.61 141.551
8.62 141.863
8.63 142.188
8.64 142.433
8.65 142.738
8.66 143.137
8.67 143.345
8.68 143.558
8.69 143.79
8.7 144.027
8.71 144.237
8.72 144.542
8.73 144.908
8.74 145.175
8.75 145.399
8.76 145.745
8.77 146.126
8.78 146.533
8.79 146.859
8.8 147.146
8.81 147.426
8.82 147.733
8.83 148.11
8.84 148.526
8.85 148.797
8.86 148.994
8.87 149.204
8.88 149.355
8.89 149.775
8.9 150.117
8.91 150.464
8.92 150.776
8.93 151.075
8.94 151.486
8.95 151.787
8.96 151.996
8.97 152.309
8.98 152.538
8.99 152.766
9 153.095
9.01 153.378
9.02 153.581
9.03 153.94
9.04 154.344
9.05 154.662
9.06 154.882
9.07 155.118
9.08 155.393
9.09 155.8
9.1 156.106
9.11 156.366
9.12 156.708
9.13 156.921
9.14 157.343
9.15 157.837
9.16 158.096
9.17 158.478
9.18 158.747
9.19 159.049
9.2 159.316
9.21 159.735
9.22 160.186
9.23 160.518
9.24 160.82
9.25 161.115
9.26 161.393
9.27 161.807
9.28 162.167
9.29 162.472
9.3 162.71
9.31 162.929
9.32 163.219
9.33 163.517
9.34 163.86
9.35 164.013
9.36 164.301
9.37 164.641
9.38 164.97
9.39 165.357
9.4 165.605
9.41 165.866
9.42 166.348
9.43 166.896
9.44 167.369
9.45 167.732
9.46 168.018
9.47 168.355
9.48 168.644
9.49 168.93
9.5 169.331
9.51 169.628
9.52 169.963
9.53 170.326
9.54 170.73
9.55 171.011
9.56 171.394
9.57 171.681
9.58 171.888
9.59 172.04
9.6 172.249
9.61 172.476
9.62 172.658
9.63 173.001
9.64 173.268
9.65 173.631
9.66 173.983
9.67 174.301
9.68 174.572
9.69 174.871
9.7 175.265
9.71 175.681
9.72 176.113
9.73 176.318
9.74 176.619
9.75 176.864
9.76 177.316
9.77 177.619
9.78 177.76
9.79 178.034
9.8 178.433
9.81 178.823
9.82 179.204
9.83 179.609
9.84 179.967
9.85 180.259
9.86 180.527
9.87 180.871
9.88 181.166
9.89 181.566
9.9 182.017
9.91 182.427
9.92 182.787
9.93 183.175
9.94 183.51
9.95 183.732
9.96 184.013
9.97 184.267
9.98 184.622
9.99 184.943
10 185.342
10.01 185.584
10.02 185.774
10.03 186.221
10.04 186.593
10.05 186.798
10.06 187.087
10.07 187.329
10.08 187.753
10.09 187.999
10.1 188.195
10.11 188.463
10.12 188.677
10.13 189.037
10.14 189.519
10.15 189.784
10.16 189.957
10.17 190.294
10.18 190.594
10.19 190.882
10.2 191.262
10.21 191.619
10.22 192.106
10.23 192.383
10.24 192.784
10.25 193.01
10.26 193.455
10.27 193.637
10.28 193.933
10.29 194.287
10.3 194.736
10.31 195.003
10.32 195.529
10.33 196.017
10.34 196.484
10.35 197.023
10.36 197.445
10.37 197.779
10.38 198.156
10.39 198.559
10.4 198.75
10.41 198.992
10.42 199.546
10.43 200.066
10.44 200.318
10.45 200.637
10.46 200.951
10.47 201.071
10.48 201.486
10.49 201.91
10.5 202.174
10.51 202.49
10.52 202.985
10.53 203.302
10.54 203.515
10.55 203.893
10.56 204.163
10.57 204.572
10.58 204.852
10.59 205.039
10.6 205.255
10.61 205.448
10.62 205.773
10.63 206.041
10.64 206.195
10.65 206.483
10.66 206.856
10.67 207.224
10.68 207.458
10.69 207.741
10.7 208.085
10.71 208.515
10.72 208.888
10.73 209.202
10.74 209.657
10.75 209.938
10.76 210.287
10.77 210.61
10.78 210.871
10.79 211.201
10.8 211.684
10.81 212.047
10.82 212.51
10.83 212.85
10.84 213.302
10.85 213.777
10.86 214.122
10.87 214.333
10.88 214.624
10.89 214.819
10.9 214.979
10.91 215.157
10.92 215.502
10.93 215.884
10.94 216.096
10.95 216.276
10.96 216.635
10.97 216.999
10.98 217.136
10.99 217.479
11 217.752
11.01 218.17
11.02 218.5
11.03 218.867
11.04 219.247
11.05 219.7
11.06 220.196
11.07 220.521
11.08 220.783
11.09 221.131
11.1 221.506
11.11 221.876
11.12 222.426
11.13 222.729
11.14 222.985
11.15 223.255
11.16 223.633
11.17 223.91
11.18 224.273
11.19 224.62
11.2 224.989
11.21 225.478
11.22 225.99
11.23 226.329
11.24 226.437
11.25 226.836
11.26 227.19
11.27 227.584
11.28 227.979
11.29 228.391
11.3 228.724
11.31 229.118
11.32 229.56
11.33 230.064
11.34 230.392
11.35 230.542
11.36 230.861
11.37 231.363
11.38 231.72
11.39 231.938
11.4 232.337
11.41 232.793
11.42 233.177
11.43 233.489
11.44 233.872
11.45 234.306
11.46 234.619
11.47 234.984
11.48 235.324
11.49 235.733
11.5 236.142
11.51 236.608
11.52 236.99
11.53 237.217
11.54 237.561
11.55 237.93
11.56 238.418
11.57 238.905
11.58 239.409
11.59 239.915
11.6 240.461
11.61 240.964
11.62 241.334
11.63 241.788
11.64 242.269
11.65 242.478
11.66 242.871
11.67 243.117
11.68 243.461
11.69 243.68
11.7 243.971
11.71 244.126
11.72 244.42
11.73 244.637
11.74 245.017
11.75 245.345
11.76 245.753
11.77 246.237
11.78 246.644
11.79 246.916
11.8 247.548
11.81 247.959
11.82 248.383
11.83 248.777
11.84 249.178
11.85 249.61
11.86 249.995
11.87 250.394
11.88 250.854
11.89 251.16
11.9 251.571
11.91 251.999
11.92 252.613
11.93 252.979
11.94 253.416
11.95 253.741
11.96 254.015
11.97 254.494
11.98 254.707
11.99 255.012
12 255.211
12.01 255.513
12.02 255.886
12.03 256.185
12.04 256.4
12.05 256.774
12.06 257.165
12.07 257.743
12.08 258.045
12.09 258.365
12.1 258.824
12.11 259.103
12.12 259.434
12.13 259.898
12.14 260.21
12.15 260.526
12.16 261.074
12.17 261.49
12.18 261.628
12.19 261.951
12.2 262.354
12.21 262.799
12.22 263.157
12.23 263.536
12.24 263.772
12.25 264.211
12.26 264.799
12.27 264.99
12.28 265.247
12.29 265.634
12.3 266.174
12.31 266.69
12.32 266.981
12.33 267.398
12.34 267.901
12.35 268.311
12.36 268.854
12.37 269.234
12.38 269.557
12.39 269.91
12.4 270.197
12.41 270.422
12.42 270.89
12.43 271.368
12.44 271.901
12.45 272.427
12.46 272.602
12.47 272.835
12.48 273.228
12.49 273.603
12.5 274.176
12.51 274.77
12.52 275.337
12.53 275.943
12.54 276.382
12.55 276.754
12.56 277.267
12.57 277.692
12.58 277.945
12.59 278.216
12.6 278.568
12.61 279.033
12.62 279.588
12.63 279.962
12.64 280.371
12.65 280.632
12.66 280.997
12.67 281.255
12.68 281.719
12.69 282.18
12.7 282.53
12.71 282.96
12.72 283.239
12.73 283.381
12.74 283.757
12.75 284.143
12.76 284.355
12.77 284.826
12.78 285.244
12.79 285.694
12.8 285.944
12.81 286.254
12.82 286.733
12.83 287.072
12.84 287.568
12.85 288.103
12.86 288.557
12.87 288.779
12.88 289.128
12.89 289.629
12.9 290.273
12.91 290.622
12.92 291.071
12.93 291.562
12.94 291.909
12.95 292.473
12.96 292.98
12.97 293.307
12.98 293.753
12.99 294.257
13 294.901
13.01 295.3
13.02 295.74
13.03 296.043
13.04 296.499
13.05 296.883
13.06 297.311
13.07 297.562
13.08 297.792
13.09 298.168
13.1 298.687
13.11 299.087
13.12 299.541
13.13 300.166
13.14 300.51
13.15 300.965
13.16 301.259
13.17 301.643
13.18 302.114
13.19 302.649
13.2 303.127
13.21 303.592
13.22 303.923
13.23 304.358
13.24 304.92
13.25 305.296
13.26 305.706
13.27 306.056
13.28 306.535
13.29 306.982
13.3 307.403
13.31 307.654
13.32 308.065
13.33 308.189
13.34 308.689
13.35 309.292
13.36 309.76
13.37 310.114
13.38 310.451
13.39 310.772
13.4 311.074
13.41 311.264
13.42 311.521
13.43 311.972
13.44 312.546
13.45 312.895
13.46 313.085
13.47 313.384
13.48 313.83
13.49 314.238
13.5 314.711
13.51 315.079
13.52 315.434
13.53 315.597
13.54 315.853
13.55 316.285
13.56 316.613
13.57 316.992
13.58 317.296
13.59 317.612
13.6 317.891
13.61 318.305
13.62 318.592
13.63 319.004
13.64 319.45
13.65 319.736
13.66 320.268
13.67 320.699
13.68 321.143
13.69 321.589
13.7 321.866
13.71 322.103
13.72 322.523
13.73 322.837
13.74 323.234
13.75 323.636
13.76 324.157
13.77 324.486
13.78 324.873
13.79 325.397
13.8 325.739
13.81 326.099
13.82 326.523
13.83 326.968
13.84 327.478
13.85 327.903
13.86 328.23
13.87 328.61
13.88 329.204
13.89 329.567
13.9 330.139
13.91 330.547
13.92 331.044
13.93 331.317
13.94 331.701
13.95 332.072
13.96 332.395
13.97 332.677
13.98 332.883
13.99 333.41
14 333.817
14.01 334.355
14.02 334.881
14.03 335.29
14.04 335.484
14.05 336.002
14.06 336.515
14.07 337.024
14.08 337.458
14.09 337.82
14.1 338.128
14.11 338.311
14.12 338.815
14.13 339.173
14.14 339.442
14.15 339.905
14.16 340.144
14.17 340.468
14.18 341.076
14.19 341.419
14.2 341.869
14.21 342.507
14.22 342.927
14.23 343.26
14.24 343.884
14.25 344.457
14.26 344.827
14.27 345.332
14.28 345.569
14.29 345.97
14.3 346.445
14.31 346.759
14.32 347.255
14.33 347.838
14.34 348.372
14.35 348.914
14.36 349.617
14.37 350.103
14.38 350.512
14.39 350.902
14.4 351.264
14.41 351.676
14.42 352.048
14.43 352.485
14.44 353.015
14.45 353.74
14.46 354.194
14.47 354.465
14.48 354.961
14.49 355.26
14.5 355.689
14.51 356.035
14.52 356.414
14.53 356.812
14.54 357.363
14.55 357.909
14.56 358.628
14.57 359.087
14.58 359.598
14.59 360.144
14.6 360.48
14.61 360.845
14.62 361.292
14.63 361.706
14.64 362.133
14.65 362.488
14.66 363.026
14.67 363.441
14.68 363.945
14.69 364.309
14.7 364.603
14.71 364.891
14.72 365.276
14.73 365.79
14.74 366.552
14.75 367.176
14.76 367.796
14.77 368.245
14.78 368.752
14.79 369.172
14.8 369.536
14.81 369.857
14.82 370.221
14.83 370.918
14.84 371.086
14.85 371.638
14.86 372.052
14.87 372.529
14.88 373.048
14.89 373.555
14.9 374.077
14.91 374.495
14.92 374.907
14.93 375.43
14.94 375.932
14.95 376.539
14.96 376.916
14.97 377.392
14.98 377.724
14.99 378.288
15 378.873
15.01 379.372
15.02 379.81
15.03 380.404
15.04 380.729
15.05 381.26
15.06 381.638
15.07 381.904
15.08 382.191
15.09 382.51
15.1 382.621
15.11 382.903
15.12 383.512
15.13 383.967
15.14 384.631
15.15 385.321
15.16 385.881
15.17 386.377
15.18 386.847
15.19 387.295
15.2 388.08
15.21 388.676
15.22 389.238
15.23 389.768
15.24 390.016
15.25 390.208
15.26 390.415
15.27 390.921
15.28 391.427
15.29 391.88
15.3 392.301
15.31 392.743
15.32 393.213
15.33 393.609
15.34 394.044
15.35 394.568
15.36 395.135
15.37 395.832
15.38 396.332
15.39 396.683
15.4 397.284
15.41 397.708
15.42 398.2
15.43 398.622
15.44 399.136
15.45 399.533
15.46 400.044
15.47 400.691
15.48 400.908
15.49 400.918
15.5 401.152
15.51 401.441
15.52 401.801
15.53 402.434
15.54 402.91
15.55 403.33
15.56 403.937
15.57 404.611
15.58 405.064
15.59 405.452
15.6 405.883
15.61 406.28
15.62 406.649
15.63 407.253
15.64 407.783
15.65 408.171
15.66 408.692
15.67 409.111
15.68 409.463
15.69 410.006
15.7 410.507
15.71 411.304
15.72 411.834
15.73 412.13
15.74 412.67
15.75 413.203
15.76 413.616
15.77 414.017
15.78 414.341
15.79 415.094
15.8 415.679
15.81 416.218
15.82 416.659
15.83 417.095
15.84 417.452
15.85 417.87
15.86 418.147
15.87 418.823
15.88 419.239
15.89 419.63
15.9 420.136
15.91 420.627
15.92 421.185
15.93 421.649
15.94 422.065
15.95 422.42
15.96 422.978
15.97 423.543
15.98 424.237
15.99 424.719
16 425.114
16.01 425.558
16.02 426.253
16.03 426.904
16.04 427.171
16.05 427.538
16.06 428.227
16.07 428.757
16.08 429.442
16.09 429.891
16.1 430.266
16.11 430.664
16.12 431.182
16.13 431.635
16.14 431.941
16.15 432.608
16.16 433.238
16.17 433.799
16.18 434.515
16.19 435.157
16.2 435.707
16.21 436.243
16.22 436.864
16.23 437.378
16.24 438.059
16.25 438.776
16.26 439.258
16.27 439.736
16.28 440.162
16.29 440.73
16.3 440.906
16.31 441.322
16.32 441.605
16.33 441.99
16.34 442.372
16.35 442.7
16.36 443.403
16.37 444.124
16.38 444.418
16.39 444.74
16.4 445.057
16.41 445.662
16.42 445.962
16.43 446.219
16.44 446.551
16.45 446.727
16.46 446.939
16.47 447.163
16.48 447.591
16.49 448.006
16.5 448.769
16.51 449.216
16.52 449.666
16.53 450.278
16.54 450.84
16.55 451.502
16.56 451.946
16.57 452.319
16.58 452.602
16.59 453.233
16.6 453.863
16.61 454.343
16.62 454.851
16.63 455.144
16.64 455.507
16.65 455.992
16.66 456.175
16.67 456.517
16.68 457.161
16.69 457.621
16.7 458.054
16.71 458.604
16.72 459.107
16.73 459.581
16.74 460.098
16.75 460.696
16.76 461.142
16.77 461.601
16.78 461.809
16.79 462.206
16.8 462.677
16.81 463.237
16.82 463.746
16.83 464.327
16.84 465.025
16.85 465.455
16.86 465.886
16.87 466.402
16.88 466.772
16.89 467.344
16.9 467.741
16.91 468.264
16.92 468.661
16.93 468.944
16.94 469.534
16.95 470.077
16.96 470.777
16.97 471.201
16.98 471.705
16.99 472.337
17 472.808
17.01 473.325
17.02 473.956
17.03 474.383
17.04 475.098
17.05 475.542
17.06 475.924
17.07 476.67
17.08 477.092
17.09 477.76
17.1 478.287
17.11 478.978
17.12 479.562
17.13 480.167
17.14 480.629
17.15 481.062
17.16 481.471
17.17 481.927
17.18 482.562
17.19 483.043
17.2 483.599
17.21 484.202
17.22 484.723
17.23 485.314
17.24 486.04
17.25 486.682
17.26 487.208
17.27 487.84
17.28 488.402
17.29 488.927
17.3 489.378
17.31 489.715
17.32 490.341
17.33 491.192
17.34 492.019
17.35 492.717
17.36 493.512
17.37 494.204
17.38 494.794
17.39 495.354
17.4 496.086
17.41 496.592
17.42 497.023
17.43 497.486
17.44 497.986
17.45 498.544
17.46 498.832
17.47 499.114
17.48 499.595
17.49 500.008
17.5 500.64
17.51 501.35
17.52 501.756
17.53 502.37
17.54 502.846
17.55 503.409
17.56 504.117
17.57 504.663
17.58 505.132
17.59 505.395
17.6 505.665
17.61 505.936
17.62 506.393
17.63 506.872
17.64 507.454
17.65 508.09
17.66 508.596
17.67 509.239
17.68 509.93
17.69 510.5
17.7 510.971
17.71 511.419
17.72 511.699
17.73 512.252
17.74 512.802
17.75 513.123
17.76 513.498
17.77 513.988
17.78 514.449
17.79 514.816
17.8 515.251
17.81 515.865
17.82 516.742
17.83 517.502
17.84 518.09
17.85 518.697
17.86 519.507
17.87 519.711
17.88 520.815
17.89 521.139
17.9 521.631
17.91 522.013
17.92 522.551
17.93 523.048
17.94 523.637
17.95 524.547
17.96 525.172
17.97 525.738
17.98 526.316
17.99 526.744
18 527.176
18.01 527.497
18.02 527.995
18.03 528.255
18.04 528.943
18.05 529.573
18.06 530.145
18.07 530.476
18.08 530.781
18.09 531.348
18.1 532.105
18.11 532.821
18.12 533.261
18.13 533.691
18.14 534.31
18.15 534.884
18.16 535.15
18.17 535.687
18.18 536.422
18.19 537.113
18.2 537.767
18.21 538.518
18.22 539.181
18.23 539.769
18.24 540.319
18.25 540.858
18.26 541.407
18.27 541.843
18.28 542.365
18.29 542.884
18.3 543.231
18.31 543.483
18.32 543.821
18.33 543.98
18.34 544.512
18.35 544.923
18.36 545.534
18.37 545.802
18.38 546.189
18.39 546.595
18.4 547.126
18.41 547.709
18.42 548.081
18.43 548.566
18.44 549.196
18.45 549.839
18.46 550.273
18.47 550.769
18.48 551.306
18.49 551.775
18.5 552.371
18.51 552.754
18.52 553.338
18.53 553.697
18.54 554.167
18.55 554.693
18.56 555.233
18.57 555.792
18.58 555.966
18.59 556.298
18.6 556.871
18.61 557.617
18.62 558.256
18.63 558.943
18.64 559.269
18.65 559.613
18.66 559.821
18.67 560.272
18.68 560.688
18.69 561.098
18.7 561.8
18.71 562.151
18.72 562.463
18.73 562.943
18.74 563.287
18.75 564.036
18.76 564.686
18.77 565.24
18.78 565.764
18.79 566.256
18.8 566.848
18.81 567.474
18.82 568.261
18.83 569.056
18.84 569.554
18.85 570.111
18.86 570.527
18.87 571.016
18.88 571.509
18.89 571.894
18.9 572.32
18.91 572.544
18.92 572.97
18.93 573.373
18.94 574.135
18.95 574.751
18.96 575.289
18.97 575.815
18.98 576.275
18.99 576.835
19 577.533
19.01 578.104
19.02 578.835
19.03 579.76
19.04 580.51
19.05 580.942
19.06 581.739
19.07 582.276
19.08 582.753
19.09 583.227
19.1 583.571
19.11 584.283
19.12 584.614
19.13 585.051
19.14 585.569
19.15 586.03
19.16 586.565
19.17 587.198
19.18 587.811
19.19 588.3
19.2 588.86
19.21 589.507
19.22 590.16
19.23 590.687
19.24 591.473
19.25 591.926
19.26 592.336
19.27 592.901
19.28 593.29
19.29 593.817
19.3 594.389
19.31 595.103
19.32 595.544
19.33 596.291
19.34 596.9
19.35 597.632
19.36 598.331
19.37 599.277
19.38 599.93
19.39 600.657
19.4 601.125
19.41 601.719
19.42 601.926
19.43 602.098
19.44 602.54
19.45 603.125
19.46 603.715
19.47 604.069
19.48 604.618
19.49 605.068
19.5 605.563
19.51 606.36
19.52 606.987
19.53 607.503
19.54 607.906
19.55 608.342
19.56 608.914
19.57 609.613
19.58 610.019
19.59 610.419
19.6 610.931
19.61 611.44
19.62 612.2
19.63 612.893
19.64 613.206
19.65 613.547
19.66 614.357
19.67 615
19.68 615.687
19.69 616.408
19.7 616.897
19.71 617.681
19.72 618.414
19.73 618.819
19.74 619.442
19.75 620.112
19.76 620.48
19.77 621.198
19.78 621.662
19.79 622.373
19.8 622.867
19.81 623.336
19.82 623.777
19.83 624.149
19.84 624.688
19.85 625.221
19.86 625.609
19.87 625.873
19.88 626.175
19.89 626.421
19.9 626.566
19.91 626.906
19.92 627.384
19.93 627.983
19.94 628.464
19.95 629.01
19.96 629.664
19.97 630.299
19.98 630.889
19.99 631.545
