3.343 0.9694482 
6.686 0.0762228 
10.029 0.5452982 
13.372 0.5083278 
16.715 0.3051682 
20.058 0.3488247 
23.401 -0.4189397 
26.744 0.0219408 
30.087 0.0140825 
33.430 0.0132965 
36.773 -0.0132965 
40.116 -0.0132965 
43.459 -0.3810607 
46.802 -0.0046310 
50.145 0.2319344 
53.488 0.0046383 
56.831 -0.0046383 
60.174 0.4499592 
63.517 0.6240268 
66.860 0.3829207 
70.203 0.2154136 
73.546 0.9996106 
76.889 0.9391937 
80.232 0.0287673 
83.575 0.0287673 
86.918 0.0287673 
90.261 0.8300692 
93.604 0.4085446 
96.947 0.4372297 
100.290 0.3092922 
103.633 0.0712063 
106.976 0.5062684 
110.319 0.2296899 
113.662 -0.0915042 
117.005 0.0915042 
120.348 -0.0972173 
123.691 -0.2641761 
127.034 0.3455458 
130.377 -0.1138577 
133.720 -0.2981540 
137.063 0.2203364 
140.406 0.2533338 
143.749 0.3502886 
147.092 0.0318850 
150.435 0.5746630 
153.778 0.4724744 
157.121 0.3118924 
160.464 0.5500608 
163.807 0.2015706 
167.150 0.5475479 
170.493 0.4167098 
173.836 0.4829207 
177.179 0.4164331 
180.522 0.3462511 
183.865 0.1632648 
187.208 0.3910810 
190.551 0.3761149 
193.894 0.5006174 
197.237 -0.6640233 
200.580 0.4132567 
203.923 0.2412238 
207.266 0.4833546 
210.609 0.2498071 
213.952 -0.0313434 
217.295 -0.2327586 
220.638 -0.2093125 
223.981 -0.6524335 
227.324 -0.7466308 
230.667 -0.7782967 
234.010 -0.6569014 
237.353 -0.5897907 
240.696 -0.7830915 
244.039 -0.4040099 
247.382 -0.4129011 
250.725 -0.8671227 
254.068 -0.7386546 
257.411 -0.9412488 
260.754 -0.9418869 
264.097 -0.4291235 
267.440 0.4291235 
270.783 -0.9980486 
274.126 -0.9607710 
277.469 -0.9842367 
280.812 -0.9927100 
284.155 -0.9971053 
287.498 -0.8710194 
290.841 -0.9402300 
294.184 0.4174455 
297.527 -0.9090877 
300.870 -0.6745459 
304.213 -0.3566723 
307.556 -0.9138980 
310.899 -0.8821910 
314.242 -0.5114934 
317.585 -0.2932411 
320.928 -0.0492839 
324.271 0.1696057 
327.614 -0.0369441 
330.957 0.2147857 
334.301 -0.3539676 
337.644 -0.3711369 
340.987 -0.5400752 
344.330 -0.6250051 
347.673 -0.1527649 
351.016 -0.9469575 
354.359 0.0747219 
357.702 -0.0260852 
361.045 -0.1753665 
364.388 -0.6080151 
367.731 0.1878443 
371.074 0.5164542 
374.417 0.5269151 
377.760 0.5635350 
381.103 0.5248380 
384.446 0.5968836 
387.789 0.6027587 
391.132 0.6609527 
394.475 0.9766590 
397.818 0.9688781 
401.161 0.1285710 
404.504 0.9733773 
407.847 0.9638199 
411.190 -0.2044518 
414.533 0.9972896 
417.876 0.9662992 
421.219 0.8406292 
424.562 0.9999935 
427.905 0.9916855 
431.248 0.8894207 
434.591 0.7976558 
437.934 0.7734335 
441.277 0.8168229 
444.620 0.6274873 
447.963 0.5796525 
451.306 0.5281788 
454.649 0.8476812 
457.992 0.7482038 
461.335 0.8933622 
464.678 0.8723752 
468.021 0.1878822 
471.364 0.9818343 
474.707 0.9320305 
478.050 0.9990326 
481.393 0.9582390 
484.736 -0.2630321 
488.079 0.6699541 
491.422 0.9811637 
494.765 -0.7065650 
498.108 0.1953650 
501.451 0.1953650 
504.794 0.1953650 
508.137 0.1953650 
511.480 0.1953650 
514.823 0.1953650 
518.166 0.7515336 
521.509 0.9117570 
524.852 0.9103683 
528.195 0.9783411 
531.538 0.2069990 
534.881 -0.9785310 
538.224 -0.8520446 
541.567 0.2007725 
544.910 -0.9622096 
548.253 0.9800202 
551.596 0.9796692 
554.939 0.4236847 
558.282 0.2045379 
561.625 -0.9283584 
564.968 0.2056989 
568.311 -0.9786526 
571.654 -0.6143703 
574.997 0.9798809 
578.340 0.8859771 
581.683 0.2024897 
585.026 0.7845832 
588.369 -0.5491272 
591.712 0.2026651 
595.055 0.8994682 
598.398 -0.2074905 
601.741 0.2074905 
605.084 0.7296559 
608.427 0.9473932 
611.770 0.5974876 
615.113 -0.2413976 
618.456 0.6841497 
621.799 0.9735275 
625.142 -0.1801683 
628.485 -0.7285919 
631.828 0.2262840 
635.171 0.2262840 
638.514 0.2262840 
641.857 0.2262840 
645.200 -0.5333811 
648.543 -0.7404707 
651.886 0.2161602 
655.229 0.5952626 
658.572 0.8536594 
661.915 0.2241535 
665.258 0.2276271 
668.601 0.2249522 
671.944 -0.9335963 
