3.347 -0.6798812 
6.693 -0.0904660 
10.040 -0.2338724 
13.386 -0.4039338 
16.733 -1.0584582 
20.079 -0.5053383 
23.426 -0.2150559 
26.773 -0.7784846 
30.119 -0.8271983 
33.466 0.0681595 
36.812 0.3631898 
40.159 1.0224952 
43.505 -1.8421809 
46.852 -1.3665433 
50.199 0.5872955 
53.545 -0.9835009 
56.892 -0.9835009 
60.238 -0.9835009 
63.585 1.3010250 
66.931 0.9155913 
70.278 -0.9769555 
73.625 -3.9170423 
76.971 1.2762052 
80.318 0.0134895 
83.664 -0.7258997 
87.011 0.6008952 
90.357 0.6031865 
93.704 -0.5058441 
97.050 0.6036128 
100.397 -0.0400048 
103.744 -0.9687454 
107.090 0.6497040 
110.437 0.0233586 
113.783 -0.9594351 
117.130 0.6120448 
120.476 0.6134159 
123.823 1.8986527 
127.170 1.5267960 
130.516 -0.9400558 
133.863 1.6645761 
137.209 0.3589460 
140.556 -0.9335506 
143.902 1.7496796 
147.249 1.4811066 
150.596 2.0611274 
153.942 2.1411890 
157.289 1.5776160 
160.635 1.8318020 
163.982 1.8538445 
167.328 2.2637636 
170.675 -0.8778290 
174.022 2.0297191 
177.368 2.2840429 
180.715 1.5027629 
184.061 1.9106193 
187.408 2.0051932 
190.754 1.8355137 
194.101 2.3008943 
197.448 1.5187756 
200.794 1.6635634 
204.141 -3.4347234 
207.487 0.7380248 
210.834 -0.8327716 
214.180 -0.0474122 
217.527 0.2746899 
220.874 2.1469451 
224.220 2.3137999 
227.567 -3.3072549 
230.913 -2.1227637 
234.260 -3.1864252 
237.606 -1.6180564 
240.953 2.0343644 
244.300 0.7426410 
247.646 1.4210046 
250.993 1.1295578 
254.339 0.8897259 
257.686 0.5437499 
261.032 0.7650990 
264.379 0.7150087 
267.726 0.3125425 
271.072 0.5143691 
274.419 0.3183666 
277.765 1.3742578 
281.112 0.5429813 
284.458 0.7885292 
287.805 0.2486859 
291.151 -3.7796916 
294.498 -0.5633036 
297.845 0.0437157 
301.191 0.3963799 
304.538 -0.0267128 
307.884 -0.5383633 
311.231 -0.8998674 
314.577 -0.4686470 
317.924 -0.7903976 
321.271 0.6181875 
324.617 0.6196653 
327.964 -0.7859823 
331.310 -0.7886589 
334.657 0.7827303 
338.003 -0.7880660 
341.350 -0.7880660 
344.697 -0.7880660 
348.043 -0.7880660 
351.390 -0.7880660 
354.736 -0.6244129 
358.083 -0.2318760 
361.429 -0.4117928 
364.776 -0.4154869 
368.123 -0.9337568 
371.469 0.7707897 
374.816 -3.4766849 
378.162 -0.5565651 
381.509 -0.8043383 
384.855 -0.8043383 
388.202 -0.8043383 
391.549 -0.8046497 
394.895 -0.6554665 
398.242 -0.0819013 
401.588 -0.8110758 
404.935 -1.1353358 
408.281 -0.8135853 
411.628 -1.0147759 
414.975 -0.8173803 
418.321 -0.8173803 
421.668 -0.8173803 
425.014 -0.8173803 
428.361 -0.4577630 
431.707 -0.8223913 
435.054 -0.8223913 
438.401 -2.3937906 
441.747 -1.6134008 
445.094 -0.8286556 
448.440 -1.3792246 
451.787 -1.6323535 
455.133 -1.4708101 
458.480 -1.6772640 
461.827 -3.0628067 
465.173 -2.8619830 
468.520 -1.3385256 
471.866 -2.5817648 
475.213 -1.9381725 
478.559 -1.4356784 
481.906 -1.3254920 
485.252 -1.3136564 
488.599 -1.5343929 
491.946 -1.7252541 
495.292 -0.4782367 
498.639 -1.9569635 
501.985 -1.1601843 
505.332 -2.4700059 
508.678 -2.5276519 
512.025 -1.5956818 
515.372 -1.5276923 
518.718 -1.8082857 
522.065 -1.4708808 
525.411 -1.6348935 
528.758 -1.6570909 
532.104 -1.1191902 
535.451 -1.6299663 
538.798 -1.5654951 
542.144 -1.5499756 
545.491 -1.1833161 
548.837 -1.0878524 
552.184 -1.1228727 
555.530 -1.2125533 
558.877 -1.1197977 
562.224 -1.1307317 
565.570 -1.1409572 
568.917 -1.0590047 
572.263 -1.0169317 
575.610 -0.9384065 
578.956 -0.7619390 
582.303 -0.6188478 
585.650 -0.8069096 
588.996 -0.4804333 
592.343 -1.6771882 
595.689 -0.0648976 
599.036 0.2523188 
602.382 -0.7519847 
605.729 -0.7927411 
609.076 -2.0102557 
612.422 -2.8710961 
615.769 -1.2289923 
619.115 -2.9550873 
622.462 -2.8035039 
625.808 -1.9443895 
629.155 -3.5893453 
632.502 -1.2331508 
635.848 -2.8049983 
639.195 -3.3287135 
642.541 -2.6576836 
645.888 -2.8434427 
649.234 -3.4980895 
652.581 -3.9121594 
655.928 -2.7130143 
659.274 -2.5035000 
662.621 -2.7877200 
665.967 -2.9482922 
669.314 -3.9535843 
672.660 -3.7273441 
