3.347 -1.2855057 
6.693 -0.8227700 
10.040 -1.5359849 
13.386 -1.5636076 
16.733 -3.3313297 
20.079 -2.8682820 
23.426 -3.4869172 
26.773 -4.3871323 
30.119 -3.8735088 
33.466 -2.9861813 
36.812 -3.0807258 
40.159 -4.1089703 
43.505 -2.6634882 
46.852 -2.8612225 
50.199 -2.0773366 
53.545 -2.0146782 
56.892 -2.4874702 
60.238 0.2738355 
63.585 -1.8396633 
66.931 -2.8708002 
70.278 -1.3000038 
73.625 -1.3011743 
76.971 -1.3011743 
80.318 -2.0890595 
83.664 -3.0721394 
87.011 -2.8752738 
90.357 -2.8762224 
93.704 0.2656857 
97.050 0.2660019 
100.397 -2.8764323 
103.744 -0.5224973 
107.090 -1.3152812 
110.437 0.2559227 
113.783 -0.9361156 
117.130 -2.8877225 
120.476 -1.1015730 
123.823 -0.5351351 
127.170 -0.6795717 
130.516 -2.3979611 
133.863 -1.7963207 
137.209 -1.3369888 
140.556 -1.4406806 
143.902 -3.6963038 
147.249 -1.3440397 
150.596 -1.3440397 
153.942 -1.3440397 
157.289 -1.3440397 
160.635 -1.3452202 
163.982 -1.5918635 
167.328 -2.9179499 
170.675 -2.9183071 
174.022 -4.1079317 
177.368 -4.2816684 
180.715 -0.8745102 
184.061 -4.0807588 
187.408 -1.3358981 
190.754 -1.1966293 
194.101 0.2324541 
197.448 -1.5849701 
200.794 -1.1151744 
204.141 -1.8116554 
207.487 -2.4562919 
210.834 -1.3491432 
214.180 -1.3491432 
217.527 -1.3491432 
220.874 -1.3491432 
224.220 -1.3491432 
227.567 -1.3491432 
230.913 1.5507732 
234.260 1.2796994 
237.606 0.8730866 
240.953 -1.3412108 
244.300 -2.6226293 
247.646 -1.3499248 
250.993 -1.3526627 
254.339 -1.3526627 
257.686 -2.9236324 
261.032 -2.9243231 
264.379 -1.3535268 
267.726 -1.3535268 
271.072 -1.4982399 
274.419 -1.3563428 
277.765 1.5919263 
281.112 -1.8193805 
284.458 -1.3557329 
287.805 -1.3557329 
291.151 -1.3557329 
294.498 -2.3395607 
297.845 -4.0340181 
301.191 -2.3409289 
304.538 -1.3581352 
307.884 -2.3419569 
311.231 -2.0566446 
314.577 1.4591822 
317.924 -0.1707329 
321.271 -2.7352248 
324.617 0.7509705 
327.964 -1.3602454 
331.310 -1.3602454 
334.657 -2.9313735 
338.003 -1.3625184 
341.350 0.9946177 
344.697 -1.3615768 
348.043 0.2095500 
351.390 1.1078848 
354.736 -1.3589669 
358.083 -1.3589669 
361.429 -1.3589669 
364.776 -1.3589669 
368.123 -1.3589669 
371.469 -1.3589669 
374.816 -1.3589669 
378.162 -1.3589669 
381.509 -1.3589669 
384.855 -1.3589669 
388.202 -1.3589669 
391.549 -1.3589669 
394.895 -1.3589669 
398.242 -1.3589669 
401.588 -1.1960729 
404.935 -1.3612216 
408.281 -1.3612216 
411.628 1.3175865 
414.975 -1.3603586 
418.321 1.5858715 
421.668 0.4499576 
425.014 -0.0624503 
428.361 -0.0626346 
431.707 0.2164487 
435.054 -0.0391118 
438.401 0.3415349 
441.747 -0.0614885 
445.094 0.1591745 
448.440 0.1693813 
451.787 0.0342262 
455.133 0.2209677 
458.480 1.4157965 
461.827 0.3510449 
465.173 0.6921708 
468.520 0.8210558 
471.866 0.2336519 
475.213 -1.3371444 
478.559 1.1876461 
481.906 -0.5492572 
485.252 -1.1392670 
488.599 1.2502145 
491.946 0.5395514 
495.292 0.9224776 
498.639 0.4460976 
501.985 -0.3956464 
505.332 1.4982900 
508.678 0.5560275 
512.025 -1.3189419 
515.372 -1.3189419 
518.718 -3.2693318 
522.065 -2.6933762 
525.411 -2.6900683 
528.758 -2.2780550 
532.104 -2.9002723 
535.451 -1.6911092 
538.798 -1.8959864 
542.144 -1.6379609 
545.491 -1.9637118 
548.837 -1.6760308 
552.184 -1.3755161 
555.530 -1.6222552 
558.877 -0.8735523 
562.224 -1.1656144 
565.570 -0.9619117 
568.917 -0.9310723 
572.263 -1.2194083 
575.610 -0.8146696 
578.956 -1.8250411 
582.303 -1.8741718 
585.650 -1.4929354 
588.996 -1.4204549 
592.343 -1.9781968 
595.689 -1.7590578 
599.036 -1.5742203 
602.382 -1.5963856 
605.729 -2.1583332 
609.076 -2.3789900 
612.422 -1.4100710 
615.769 -1.3463458 
619.115 -1.4252323 
622.462 -1.9698288 
625.808 1.3404583 
629.155 -0.4881866 
632.502 -1.3090164 
635.848 -1.6258096 
639.195 -1.3245586 
642.541 -1.0421139 
645.888 -1.3543196 
649.234 -1.5217300 
652.581 -4.2425313 
655.928 -4.4761421 
659.274 -3.7672877 
662.621 1.6425520 
665.967 -4.1874606 
669.314 -4.3076137 
672.660 1.6125111 
