3.347 -0.7279644 
6.693 -0.6410284 
10.040 -2.4465487 
13.386 0.0517009 
16.733 -1.4791621 
20.079 -0.8451942 
23.426 -0.6652973 
26.773 -0.9908098 
30.119 -1.4093354 
33.466 -1.2179078 
36.812 -1.2197494 
40.159 -1.8655978 
43.505 -1.2262500 
46.852 1.4549669 
50.199 -2.1023434 
53.545 -1.8721272 
56.892 -1.7718447 
60.238 -1.6145658 
63.585 -2.1633852 
66.931 -1.7572990 
70.278 -2.1988540 
73.625 -1.8380031 
76.971 0.6231580 
80.318 0.3252846 
83.664 0.7928366 
87.011 -0.4565160 
90.357 -2.8138202 
93.704 -2.2079102 
97.050 -2.2320254 
100.397 -1.2492317 
103.744 -2.2031687 
107.090 -2.8243304 
110.437 -1.9517960 
113.783 -3.5211878 
117.130 -2.1542929 
120.476 -2.6328374 
123.823 -2.1886953 
127.170 -1.2614001 
130.516 -1.2614001 
133.863 -1.2614001 
137.209 -2.8324891 
140.556 -1.2616928 
143.902 -1.2616928 
147.249 -1.2616928 
150.596 -1.2616928 
153.942 -2.8333641 
157.289 -3.2133155 
160.635 -2.5898864 
163.982 -1.2640687 
167.328 -2.8360061 
170.675 -2.8364318 
174.022 -2.8372799 
177.368 -2.5164001 
180.715 -2.8382910 
184.061 -1.2674947 
187.408 -1.2674947 
190.754 -2.7785462 
194.101 -2.8419288 
197.448 -2.3255134 
200.794 0.8563588 
204.141 -2.7029814 
207.487 -1.2740821 
210.834 0.2978353 
214.180 0.2995841 
217.527 0.3005181 
220.874 0.9081880 
224.220 0.5262047 
227.567 0.5711098 
230.913 0.3111609 
234.260 -2.4735478 
237.606 -1.2615221 
240.953 -2.6237457 
244.300 -3.2983630 
247.646 1.4148075 
250.993 -2.5320909 
254.339 0.9679702 
257.686 -0.2821374 
261.032 -1.2649312 
264.379 -4.1120183 
267.726 -1.2618824 
271.072 -2.8331077 
274.419 -2.9055727 
277.765 -1.2641381 
281.112 -2.8352521 
284.458 -1.2644558 
287.805 -1.2644558 
291.151 -1.2644558 
294.498 -1.2644558 
297.845 -1.2644558 
301.191 -1.2644558 
304.538 -1.2644558 
307.884 -1.2644558 
311.231 -1.2644558 
314.577 -1.2644558 
317.924 -1.2644558 
321.271 -1.2644558 
324.617 -1.2667983 
327.964 -0.4827827 
331.310 -1.2681809 
334.657 -1.2681809 
338.003 -1.2681809 
341.350 -4.0871207 
344.697 0.3037281 
348.043 -0.8880321 
351.390 -1.2685385 
354.736 -3.9436520 
358.083 -2.4333523 
361.429 -1.9322308 
364.776 -2.9057147 
368.123 1.4077508 
371.469 1.8727290 
374.816 0.8438695 
378.162 -1.2673463 
381.509 -2.4894378 
384.855 -2.8430402 
388.202 -2.3804602 
391.549 -2.0600043 
394.895 -1.2746062 
398.242 -1.6588190 
401.588 -2.0447333 
404.935 -1.5327514 
408.281 -1.2877727 
411.628 -0.5028434 
414.975 0.2836144 
418.321 -1.2871819 
421.668 0.2838079 
425.014 -2.0749554 
428.361 -1.2895572 
431.707 -0.6470969 
435.054 0.2802940 
438.401 -0.5055780 
441.747 -0.6889108 
445.094 1.8474716 
448.440 -2.8652019 
451.787 -1.2944056 
455.133 -1.2944056 
458.480 1.2603767 
461.827 -1.2932134 
465.173 -1.2932134 
468.520 -2.8641049 
471.866 -2.8642950 
475.213 -1.1302594 
478.559 -2.8663932 
481.906 -1.2955968 
485.252 -0.0466022 
488.599 -1.2956480 
491.946 -3.4665773 
495.292 -1.7586583 
498.639 -2.9905806 
501.985 -2.8666929 
505.332 0.7960258 
508.678 -2.8652766 
512.025 -3.4528997 
515.372 -1.2941007 
518.718 -1.2941007 
522.065 -1.2941007 
525.411 -1.2941007 
528.758 -3.6495868 
532.104 -1.2933923 
535.451 -1.2933923 
538.798 -2.3470148 
542.144 -1.2953645 
545.491 -1.2953645 
548.837 0.1514931 
552.184 -1.2949482 
555.530 -1.2959389 
558.877 -1.2959389 
562.224 -1.2959389 
565.570 -1.2959389 
568.917 -1.2959389 
572.263 -1.2959389 
575.610 -1.2959389 
578.956 -1.2959389 
582.303 -1.2959389 
585.650 -1.2959389 
588.996 -1.2959389 
592.343 -1.2959389 
595.689 -1.2959389 
599.036 -1.2959389 
602.382 -1.2959389 
605.729 -1.2959389 
609.076 -0.6027201 
612.422 -1.2984521 
615.769 -1.2984521 
619.115 -1.2984521 
622.462 -1.2984521 
625.808 -1.2984521 
629.155 1.8438031 
632.502 -1.2977895 
635.848 1.8451276 
639.195 -1.2964651 
642.541 -1.2964651 
645.888 -2.8676335 
649.234 -1.2968372 
652.581 -1.2968372 
655.928 -1.2968372 
659.274 -1.2968372 
662.621 -3.1459224 
665.967 -1.2968264 
669.314 -1.2968264 
672.660 -1.2968264 
