0.000 60.289 152.921
3.336 60.289 152.921
6.672 60.289 152.921
10.008 60.341 152.973
13.344 60.341 152.973
16.680 60.341 152.973
20.016 60.341 152.895
23.352 60.341 152.870
26.688 60.341 152.870
30.024 60.341 152.870
33.360 60.341 152.870
36.696 60.289 152.844
40.031 60.289 152.973
43.367 60.289 152.973
46.703 60.289 152.921
50.039 60.289 152.921
53.375 60.289 152.947
56.711 60.289 152.947
60.047 60.289 152.947
63.383 60.289 152.947
66.719 60.289 152.947
70.055 60.289 152.895
73.391 60.289 152.895
76.727 60.341 152.895
80.063 60.366 152.792
83.399 60.366 152.688
86.735 60.366 152.663
90.071 60.366 152.792
93.407 60.366 152.792
96.743 60.366 152.792
100.079 60.366 152.973
103.415 60.366 152.921
106.751 60.366 152.792
110.087 60.366 152.740
113.423 60.366 152.818
116.759 60.366 152.818
120.094 60.392 152.947
123.430 60.392 152.947
126.766 60.392 152.947
130.102 60.392 152.947
133.438 60.392 152.947
136.774 60.392 152.844
140.110 60.392 152.740
143.446 60.392 152.818
146.782 60.392 152.818
150.118 60.392 152.844
153.454 60.392 152.844
156.790 60.392 152.844
160.126 60.392 152.844
163.462 60.392 152.844
166.798 60.392 152.844
170.134 60.392 152.844
173.470 60.392 152.844
176.806 60.392 152.844
180.142 60.418 152.844
183.478 60.418 152.844
186.814 60.418 152.844
190.150 60.418 152.844
193.486 60.418 152.844
196.821 60.418 152.818
200.157 60.418 152.818
203.493 60.418 152.818
206.829 60.418 152.818
210.165 60.418 152.818
213.501 60.418 152.818
216.837 60.418 152.818
220.173 60.418 152.895
223.509 60.418 152.973
226.845 60.418 153.077
230.181 60.418 152.921
233.517 60.392 152.818
236.853 60.392 152.818
240.189 60.392 152.818
243.525 60.392 152.818
246.861 60.392 152.818
250.197 60.392 152.818
253.533 60.392 152.818
256.869 60.392 152.999
260.205 60.392 152.947
263.541 60.392 152.921
266.877 60.392 152.844
270.213 60.392 152.818
273.549 60.496 152.947
276.884 60.496 152.947
280.220 60.496 152.947
283.556 60.496 152.947
286.892 60.496 152.947
290.228 60.496 152.947
293.564 60.470 152.818
296.900 60.470 152.818
300.236 60.470 152.921
303.572 60.470 152.921
306.908 60.470 152.921
310.244 60.470 152.921
313.580 60.470 152.921
316.916 60.470 152.921
320.252 60.470 152.921
323.588 60.470 152.973
326.924 60.470 152.973
330.260 60.470 152.973
333.596 60.470 152.973
336.932 60.470 153.102
340.268 60.470 153.232
343.604 60.470 153.284
346.940 60.470 153.258
350.276 60.470 153.077
353.611 60.470 153.025
356.947 60.470 153.672
360.283 60.522 153.646
363.619 60.522 153.206
366.955 60.470 153.154
370.291 60.470 152.999
373.627 60.470 152.999
376.963 60.470 152.999
380.299 60.470 152.999
383.635 60.470 152.999
386.971 60.470 152.999
390.307 60.470 152.999
393.643 60.470 153.025
396.979 60.470 153.025
400.315 60.573 152.870
403.651 60.522 152.921
406.987 60.470 152.921
410.323 60.470 153.025
413.659 60.470 153.025
416.995 60.470 152.947
420.331 60.470 152.947
423.667 60.573 152.947
427.003 60.573 152.947
430.339 60.573 152.947
433.674 60.625 152.947
437.010 60.625 153.025
440.346 60.625 152.895
443.682 60.573 152.870
447.018 60.573 152.870
450.354 60.470 152.921
453.690 60.522 152.921
457.026 60.573 153.077
460.362 60.573 152.999
463.698 60.522 152.870
467.034 60.522 152.870
470.370 60.522 152.870
473.706 60.522 152.870
477.042 60.522 152.921
480.378 60.522 153.051
483.714 60.522 152.895
487.050 60.548 152.921
490.386 60.548 152.870
493.722 60.548 152.895
497.058 60.496 152.818
500.394 60.522 152.973
503.730 60.522 152.844
507.066 60.703 152.921
510.401 60.496 152.921
513.737 60.496 152.947
517.073 60.496 152.999
520.409 60.651 152.921
523.745 60.651 152.947
527.081 60.651 152.947
530.417 60.651 152.947
533.753 60.651 152.947
537.089 60.651 152.947
540.425 60.651 152.973
543.761 60.651 152.973
547.097 60.651 152.947
550.433 60.651 152.766
553.769 60.651 152.766
557.105 60.651 152.792
560.441 60.651 152.818
563.777 60.651 152.895
567.113 60.625 152.844
570.449 60.625 152.870
573.785 60.625 152.947
577.121 60.625 152.947
580.457 60.625 152.947
583.793 60.677 152.973
587.129 60.677 152.973
590.464 60.651 152.973
593.800 60.651 152.973
597.136 60.651 152.973
600.472 60.625 152.973
603.808 60.625 152.973
607.144 60.625 153.051
610.480 60.625 153.051
613.816 60.625 153.051
617.152 60.625 153.051
620.488 60.625 153.051
623.824 60.625 153.102
627.160 60.625 153.180
630.496 60.625 153.180
633.832 60.625 153.154
637.168 60.625 153.128
640.504 60.625 153.180
643.840 60.625 153.154
647.176 60.625 153.258
650.512 60.496 153.672
653.848 60.496 153.982
657.184 60.729 154.034
660.520 61.194 153.077
663.856 61.350 152.663
667.191 61.893 151.886
670.527 62.074 151.265
673.863 62.048 150.618
677.199 62.178 149.842
680.535 62.022 149.066
683.871 61.841 148.341
687.207 61.608 147.669
690.543 61.608 147.384
693.879 61.608 147.203
697.215 61.608 147.099
700.551 61.246 146.608
703.887 61.169 146.246
707.223 60.962 146.013
710.559 60.548 145.495
713.895 60.651 145.107
717.231 60.548 144.926
720.567 60.289 144.771
723.903 59.771 144.305
727.239 59.590 144.150
730.575 59.409 143.891
733.911 59.254 143.658
737.247 59.202 143.658
740.583 59.202 143.658
743.918 59.202 143.658
747.254 59.202 143.658
750.590 59.202 143.787
753.926 59.202 143.710
757.262 59.202 143.762
760.598 59.202 143.762
763.934 59.202 143.762
767.270 58.866 143.322
770.606 58.452 142.778
773.942 58.089 142.287
777.278 58.012 142.157
780.614 58.167 142.287
783.950 58.115 142.235
787.286 58.089 142.209
790.622 57.986 141.950
793.958 57.934 141.950
797.294 57.934 141.950
800.630 57.934 141.976
803.966 57.908 141.976
807.302 57.882 141.950
810.638 57.857 141.899
813.974 57.857 141.899
817.310 57.882 141.743
820.646 57.857 141.899
823.981 57.779 141.743
827.317 57.753 141.717
830.653 57.753 141.743
833.989 57.753 141.821
837.325 57.753 141.821
840.661 57.753 141.821
843.997 57.753 141.821
847.333 57.753 141.821
850.669 57.753 141.821
854.005 57.753 141.795
857.341 57.727 141.717
860.677 57.727 141.717
864.013 57.727 141.717
867.349 57.727 141.717
870.685 57.727 141.717
874.021 57.753 141.769
877.357 57.753 141.873
880.693 57.753 141.873
884.029 57.753 141.847
887.365 57.857 141.976
890.701 57.805 141.899
894.037 57.805 141.899
897.373 57.805 141.847
900.708 57.805 141.847
904.044 57.805 141.847
907.380 57.546 141.847
910.716 57.546 141.847
914.052 57.365 141.588
917.388 56.977 141.252
920.724 56.640 141.096
924.060 56.252 140.294
927.396 56.278 139.777
930.732 56.071 139.311
934.068 56.071 139.518
937.404 56.071 139.622
940.740 55.683 139.337
944.076 55.709 139.259
947.412 55.580 138.664
950.748 55.295 138.198
954.084 54.726 137.707
957.420 54.286 136.956
960.756 53.691 136.310
964.092 53.199 136.051
967.428 53.121 135.714
970.764 53.121 135.637
974.100 53.121 135.559
977.436 52.733 134.861
980.771 52.552 135.068
984.107 52.552 135.068
987.443 52.630 134.757
990.779 52.656 135.430
994.115 52.656 135.585
997.451 52.656 136.051
1000.787 52.371 136.491
1004.123 52.345 136.724
1007.459 52.138 137.034
1010.795 52.319 137.034
1014.131 52.397 137.267
1017.467 52.423 137.991
1020.803 52.242 138.923
1024.139 52.242 139.415
1027.475 52.268 139.182
1030.811 52.268 139.311
1034.147 52.423 139.259
1037.483 52.319 139.544
1040.819 52.319 139.285
1044.155 52.371 139.492
1047.491 52.371 139.466
1050.827 52.371 139.622
1054.163 52.371 139.673
1057.498 52.371 139.622
1060.834 52.371 139.570
1064.170 52.371 139.466
1067.506 52.371 139.570
1070.842 52.345 139.311
1074.178 52.293 138.949
1077.514 52.293 138.509
1080.850 52.293 137.914
1084.186 52.345 137.629
1087.522 52.293 136.801
1090.858 52.086 136.025
1094.194 51.931 135.714
1097.530 51.698 135.482
1100.866 51.517 135.275
1104.202 51.750 135.637
1107.538 51.336 135.663
1110.874 51.207 135.249
1114.210 50.560 135.352
1117.546 50.120 135.275
1120.882 49.758 135.249
1124.218 49.421 134.783
1127.554 49.163 134.110
1130.890 49.447 133.722
1134.226 50.198 133.049
1137.561 50.689 132.377
1140.897 51.026 131.652
1144.233 51.026 130.979
1147.569 51.491 130.177
1150.905 52.061 130.255
1154.241 52.682 130.203
1157.577 52.759 130.177
1160.913 52.940 130.125
1164.249 53.406 129.763
1167.585 54.001 129.349
1170.921 54.700 128.469
1174.257 55.424 127.667
1177.593 55.942 127.227
1180.929 56.356 126.813
1184.265 56.744 126.529
1187.601 57.106 126.037
1190.937 57.184 125.546
1194.273 57.106 124.976
1197.609 57.003 124.355
1200.945 56.977 123.424
1204.281 56.977 122.673
1207.617 56.796 121.638
1210.953 56.640 120.603
1214.288 56.692 120.189
1217.624 56.433 119.853
1220.960 57.132 119.103
1224.296 57.080 118.740
1227.632 57.080 118.301
1230.968 57.054 117.757
1234.304 57.003 117.059
1237.640 56.822 116.412
1240.976 56.589 115.817
1244.312 56.563 115.221
1247.648 56.278 114.316
1250.984 55.864 113.928
1254.320 55.761 113.462
1257.656 55.295 112.686
1260.992 54.933 112.168
1264.328 54.726 111.935
1267.664 54.519 111.340
1271.000 54.286 110.952
1274.336 53.794 110.460
1277.672 53.070 109.865
1281.008 52.837 108.908
1284.344 52.914 108.649
1287.680 52.759 107.407
1291.016 52.914 106.631
1294.351 52.268 105.674
1297.687 51.750 104.768
1301.023 51.362 104.250
1304.359 51.310 103.811
1307.695 50.896 103.526
1311.031 50.715 103.112
1314.367 50.689 102.646
1317.703 50.301 102.310
1321.039 50.172 101.327
1324.375 49.861 100.964
1327.711 49.266 100.550
1331.047 49.318 100.421
