0.000 19.63507 
3.347 19.94344 
6.693 20.23988 
10.040 20.28615 
13.386 20.40660 
16.733 20.98389 
20.079 21.02127 
23.426 21.31326 
26.773 21.64633 
30.119 21.96175 
33.466 22.44343 
36.812 22.72425 
40.159 22.76184 
43.505 22.62130 
46.852 22.84885 
50.199 22.80025 
53.545 23.34319 
56.892 23.65226 
60.238 24.32135 
63.585 24.95166 
66.931 25.22815 
70.278 25.76105 
73.625 25.92757 
76.971 26.28641 
80.318 26.60612 
83.664 26.94624 
87.011 27.63251 
90.357 27.80718 
93.704 28.73250 
97.050 29.30902 
100.397 29.15180 
103.744 28.34342 
107.090 28.79961 
110.437 29.14641 
113.783 29.69933 
117.130 30.15310 
120.476 30.20262 
123.823 30.98028 
127.170 31.57226 
130.516 31.98959 
133.863 32.20014 
137.209 32.85949 
140.556 33.65771 
143.902 34.41897 
147.249 34.25604 
150.596 34.14884 
153.942 33.68013 
157.289 33.68013 
160.635 33.68013 
163.982 33.68013 
167.328 33.68013 
170.675 33.68013 
174.022 33.68013 
177.368 33.68013 
180.715 33.68013 
184.061 33.68013 
187.408 33.47871 
190.754 33.42452 
194.101 33.26452 
197.448 33.26452 
200.794 33.26452 
204.141 33.26619 
207.487 33.26619 
210.834 33.26619 
214.180 33.26619 
217.527 33.26619 
220.874 33.26619 
224.220 33.26619 
227.567 33.26619 
230.913 33.26619 
234.260 33.47316 
237.606 33.47316 
240.953 33.46844 
244.300 33.20969 
247.646 33.00309 
250.993 33.00309 
254.339 32.69352 
257.686 32.69352 
261.032 32.59477 
264.379 32.59477 
267.726 32.49901 
271.072 32.09023 
274.419 32.09023 
277.765 32.09023 
281.112 32.09023 
284.458 32.09023 
287.805 32.09023 
291.151 31.93693 
294.498 31.09353 
297.845 30.43565 
301.191 29.67271 
304.538 29.18241 
307.884 28.28455 
311.231 27.59963 
314.577 27.29066 
317.924 26.20392 
321.271 25.70585 
324.617 24.90035 
327.964 24.52535 
331.310 23.94922 
334.657 23.27489 
338.003 23.64158 
341.350 23.07996 
344.697 23.21302 
348.043 22.52844 
351.390 22.27979 
354.736 21.99451 
358.083 21.90848 
361.429 21.17375 
364.776 20.49631 
368.123 19.50309 
371.469 18.82023 
374.816 18.20854 
378.162 17.78193 
381.509 17.10134 
384.855 16.39606 
388.202 15.17544 
391.549 15.17544 
394.895 14.80340 
398.242 14.80340 
401.588 14.22533 
404.935 13.75692 
408.281 13.07359 
411.628 12.48820 
414.975 12.48820 
418.321 12.49646 
421.668 11.59659 
425.014 11.59659 
428.361 11.59659 
431.707 11.55316 
435.054 11.33370 
438.401 11.33370 
441.747 11.41130 
445.094 11.41130 
448.440 11.41130 
451.787 11.41130 
455.133 11.88666 
458.480 12.08401 
461.827 12.52334 
465.173 13.15172 
468.520 12.67398 
471.866 12.32266 
475.213 12.32266 
478.559 12.66164 
481.906 12.16491 
485.252 11.89565 
488.599 11.55316 
491.946 11.17950 
495.292 11.07424 
498.639 11.15793 
501.985 11.02348 
505.332 10.22643 
508.678 10.22037 
512.025 9.96390 
515.372 10.30753 
518.718 10.06590 
522.065 9.82641 
525.411 9.18063 
528.758 9.15238 
532.104 9.21910 
535.451 9.34368 
538.798 9.93968 
542.144 9.99897 
545.491 10.09329 
548.837 10.33259 
552.184 10.43583 
555.530 10.57204 
558.877 11.34223 
562.224 11.38161 
565.570 11.38161 
568.917 11.44858 
572.263 11.51725 
575.610 11.51725 
578.956 11.51725 
582.303 11.64631 
585.650 11.64631 
588.996 11.76315 
592.343 11.97047 
595.689 11.89935 
599.036 12.09583 
602.382 12.09583 
605.729 12.09583 
609.076 11.83204 
612.422 11.61015 
615.769 11.41926 
619.115 11.33706 
622.462 11.15780 
625.808 10.89390 
629.155 10.68446 
632.502 10.72294 
635.848 10.97092 
639.195 11.14233 
642.541 11.15924 
645.888 11.51602 
649.234 11.20399 
652.581 11.28892 
655.928 11.30275 
659.274 11.30275 
662.621 12.33610 
665.967 12.77736 
669.314 13.01131 
672.660 13.01131 
