0 0.00200558
0.01 0.00477769
0.02 0.00855144
0.03 0.0128506
0.04 0.0167838
0.05 0.0221233
0.06 0.0270195
0.07 0.0335616
0.08 0.0393082
0.09 0.0449531
0.1 0.052362
0.11 0.0586191
0.12 0.0657735
0.13 0.0732042
0.14 0.080802
0.15 0.0878006
0.16 0.0963918
0.17 0.10261
0.18 0.112356
0.19 0.121284
0.2 0.128855
0.21 0.137052
0.22 0.14541
0.23 0.15386
0.24 0.1631
0.25 0.172138
0.26 0.184948
0.27 0.194558
0.28 0.206442
0.29 0.221421
0.3 0.234917
0.31 0.249213
0.32 0.258434
0.33 0.274575
0.34 0.290815
0.35 0.309946
0.36 0.326103
0.37 0.341444
0.38 0.360038
0.39 0.3726
0.4 0.388387
0.41 0.401277
0.42 0.414601
0.43 0.432577
0.44 0.448458
0.45 0.466293
0.46 0.482359
0.47 0.497568
0.48 0.512794
0.49 0.533335
0.5 0.552105
0.51 0.57233
0.52 0.590134
0.53 0.609631
0.54 0.626605
0.55 0.644778
0.56 0.664412
0.57 0.684094
0.58 0.707787
0.59 0.731743
0.6 0.754058
0.61 0.772798
0.62 0.794626
0.63 0.81469
0.64 0.83978
0.65 0.863747
0.66 0.887008
0.67 0.909281
0.68 0.933274
0.69 0.955062
0.7 0.975956
0.71 1.00502
0.72 1.02422
0.73 1.04943
0.74 1.06643
0.75 1.08857
0.76 1.11795
0.77 1.1436
0.78 1.16689
0.79 1.19016
0.8 1.21717
0.81 1.24001
0.82 1.267
0.83 1.296
0.84 1.32518
0.85 1.35193
0.86 1.38048
0.87 1.40386
0.88 1.43779
0.89 1.4635
0.9 1.49043
0.91 1.52285
0.92 1.55335
0.93 1.58866
0.94 1.61866
0.95 1.65114
0.96 1.68924
0.97 1.71889
0.98 1.75034
0.99 1.79596
1 1.82862
1.01 1.86327
1.02 1.8972
1.03 1.93268
1.04 1.96217
1.05 2.00559
1.06 2.0511
1.07 2.07825
1.08 2.10587
1.09 2.13674
1.1 2.17666
1.11 2.22006
1.12 2.25693
1.13 2.30211
1.14 2.35206
1.15 2.39174
1.16 2.42611
1.17 2.46424
1.18 2.51828
1.19 2.55717
1.2 2.59543
1.21 2.6444
1.22 2.67913
1.23 2.7168
1.24 2.75272
1.25 2.8026
1.26 2.84168
1.27 2.89266
1.28 2.93505
1.29 2.99571
1.3 3.04796
1.31 3.0974
1.32 3.1456
1.33 3.18927
1.34 3.23263
1.35 3.27376
1.36 3.32488
1.37 3.3751
1.38 3.43017
1.39 3.47035
1.4 3.51629
1.41 3.56299
1.42 3.61935
1.43 3.66018
1.44 3.70999
1.45 3.75874
1.46 3.79766
1.47 3.8381
1.48 3.88268
1.49 3.93321
1.5 3.98712
1.51 4.02319
1.52 4.07361
1.53 4.13158
1.54 4.18039
1.55 4.23488
1.56 4.28238
1.57 4.33541
1.58 4.39512
1.59 4.44283
1.6 4.48993
1.61 4.54733
1.62 4.60134
1.63 4.65529
1.64 4.7236
1.65 4.76763
1.66 4.83684
1.67 4.89769
1.68 4.96042
1.69 5.01971
1.7 5.07658
1.71 5.14217
1.72 5.2005
1.73 5.24577
1.74 5.29974
1.75 5.36091
1.76 5.43058
1.77 5.48697
1.78 5.54389
1.79 5.60924
1.8 5.67699
1.81 5.75161
1.82 5.81029
1.83 5.86448
1.84 5.91247
1.85 5.97132
1.86 6.02384
1.87 6.07266
1.88 6.12746
1.89 6.19365
1.9 6.24906
1.91 6.30145
1.92 6.36143
1.93 6.41314
1.94 6.47795
1.95 6.52574
1.96 6.58258
1.97 6.65786
1.98 6.72252
1.99 6.777
2 6.84026
2.01 6.9056
2.02 6.97246
2.03 7.03835
2.04 7.10667
2.05 7.16986
2.06 7.23306
2.07 7.30151
2.08 7.36559
2.09 7.42563
2.1 7.49091
2.11 7.56659
2.12 7.63555
2.13 7.70277
2.14 7.78388
2.15 7.84397
2.16 7.89928
2.17 7.96638
2.18 8.02858
2.19 8.10874
2.2 8.18291
2.21 8.25767
2.22 8.34601
2.23 8.41417
2.24 8.49285
2.25 8.57184
2.26 8.65462
2.27 8.73449
2.28 8.80758
2.29 8.86233
2.3 8.92521
2.31 9.01063
2.32 9.07951
2.33 9.14586
2.34 9.24003
2.35 9.34087
2.36 9.42692
2.37 9.51225
2.38 9.58572
2.39 9.64506
2.4 9.7237
2.41 9.81539
2.42 9.91173
2.43 9.97827
2.44 10.0423
2.45 10.0943
2.46 10.1661
2.47 10.2543
2.48 10.3342
2.49 10.411
2.5 10.4801
2.51 10.5652
2.52 10.6377
2.53 10.7353
2.54 10.8249
2.55 10.9182
2.56 10.992
2.57 11.0747
2.58 11.1695
2.59 11.25
2.6 11.3263
2.61 11.3972
2.62 11.466
2.63 11.5532
2.64 11.6238
2.65 11.708
2.66 11.7981
2.67 11.8703
2.68 11.9308
2.69 12.0124
2.7 12.1213
2.71 12.2154
2.72 12.2928
2.73 12.3865
2.74 12.4621
2.75 12.5547
2.76 12.6545
2.77 12.7667
2.78 12.8474
2.79 12.9199
2.8 13.0076
2.81 13.1002
2.82 13.1728
2.83 13.269
2.84 13.3633
2.85 13.478
2.86 13.5717
2.87 13.6443
2.88 13.7261
2.89 13.8203
2.9 13.9184
2.91 14.0275
2.92 14.1297
2.93 14.2288
2.94 14.3132
2.95 14.4084
2.96 14.5019
2.97 14.5717
2.98 14.6577
2.99 14.7576
3 14.861
3.01 14.941
3.02 15.0333
3.03 15.1037
3.04 15.2316
3.05 15.359
3.06 15.4765
3.07 15.5731
3.08 15.67
3.09 15.7598
3.1 15.8635
3.11 15.9549
3.12 16.0488
3.13 16.1189
3.14 16.2129
3.15 16.33
3.16 16.4246
3.17 16.5203
3.18 16.6255
3.19 16.7187
3.2 16.8393
3.21 16.9503
3.22 17.0792
3.23 17.1749
3.24 17.2884
3.25 17.4009
3.26 17.5122
3.27 17.6393
3.28 17.7466
3.29 17.8603
3.3 17.9714
3.31 18.079
3.32 18.1752
3.33 18.2701
3.34 18.3987
3.35 18.5071
3.36 18.6151
3.37 18.7242
3.38 18.822
3.39 18.9309
3.4 19.0337
3.41 19.1367
3.42 19.2457
3.43 19.335
3.44 19.4323
3.45 19.5383
3.46 19.622
3.47 19.7316
3.48 19.8293
3.49 19.902
3.5 19.9931
3.51 20.0863
3.52 20.1664
3.53 20.2707
3.54 20.3997
3.55 20.5111
3.56 20.6093
3.57 20.7175
3.58 20.8353
3.59 20.9107
3.6 21.0155
3.61 21.1191
3.62 21.2364
3.63 21.3178
3.64 21.4371
3.65 21.5586
3.66 21.6928
3.67 21.8098
3.68 21.8973
3.69 22.0005
3.7 22.1385
3.71 22.2615
3.72 22.3928
3.73 22.5323
3.74 22.6879
3.75 22.8103
3.76 22.8965
3.77 22.9971
3.78 23.1096
3.79 23.2248
3.8 23.359
3.81 23.4784
3.82 23.5984
3.83 23.7102
3.84 23.8623
3.85 23.9974
3.86 24.1256
3.87 24.248
3.88 24.3762
3.89 24.5238
3.9 24.669
3.91 24.822
3.92 24.9416
3.93 25.089
3.94 25.2228
3.95 25.329
3.96 25.4697
3.97 25.625
3.98 25.7366
3.99 25.8703
4 25.9869
4.01 26.0953
4.02 26.2505
4.03 26.351
4.04 26.4828
4.05 26.5833
4.06 26.7048
4.07 26.8523
4.08 26.9804
4.09 27.0935
4.1 27.2147
4.11 27.3573
4.12 27.5248
4.13 27.6636
4.14 27.8107
4.15 27.937
4.16 28.0676
4.17 28.2067
4.18 28.3351
4.19 28.4266
4.2 28.5422
4.21 28.6947
4.22 28.8516
4.23 28.9479
4.24 29.0709
4.25 29.1731
4.26 29.2804
4.27 29.404
4.28 29.5293
4.29 29.6755
4.3 29.8358
4.31 29.9999
4.32 30.1306
4.33 30.2958
4.34 30.4396
4.35 30.6177
4.36 30.7588
4.37 30.9011
4.38 31.0394
4.39 31.1758
4.4 31.3109
4.41 31.4216
4.42 31.5435
4.43 31.6697
4.44 31.8089
4.45 31.9317
4.46 32.0461
4.47 32.1874
4.48 32.3361
4.49 32.4729
4.5 32.6229
4.51 32.7065
4.52 32.8264
4.53 32.9477
4.54 33.0663
4.55 33.185
4.56 33.3289
4.57 33.4479
4.58 33.6099
4.59 33.7512
4.6 33.8834
4.61 33.9969
4.62 34.1305
4.63 34.279
4.64 34.3996
4.65 34.5436
4.66 34.7029
4.67 34.8396
4.68 34.9703
4.69 35.1363
4.7 35.3137
4.71 35.4565
4.72 35.6122
4.73 35.741
4.74 35.8766
4.75 35.9836
4.76 36.105
4.77 36.2533
4.78 36.3529
4.79 36.4643
4.8 36.6261
4.81 36.7895
4.82 36.9421
4.83 37.0848
4.84 37.2653
4.85 37.4297
4.86 37.5934
4.87 37.7691
4.88 37.9025
4.89 38.0254
4.9 38.1806
4.91 38.3649
4.92 38.5131
4.93 38.6645
4.94 38.806
4.95 38.9674
4.96 39.1323
4.97 39.2904
4.98 39.4974
4.99 39.708
5 39.8698
5.01 40.0555
5.02 40.2368
5.03 40.4319
5.04 40.5854
5.05 40.7882
5.06 40.9581
5.07 41.1176
5.08 41.2841
5.09 41.4255
5.1 41.5782
5.11 41.7681
5.12 41.9375
5.13 42.1014
5.14 42.2755
5.15 42.455
5.16 42.6269
5.17 42.7811
5.18 42.9558
5.19 43.0735
5.2 43.2314
5.21 43.393
5.22 43.5077
5.23 43.6719
5.24 43.8477
5.25 43.9721
5.26 44.1324
5.27 44.2805
5.28 44.4416
5.29 44.5833
5.3 44.7249
5.31 44.8795
5.32 45.0386
5.33 45.1934
5.34 45.332
5.35 45.4626
5.36 45.5791
5.37 45.7482
5.38 45.9613
5.39 46.1366
5.4 46.3491
5.41 46.5307
5.42 46.6791
5.43 46.8423
5.44 47.0215
5.45 47.191
5.46 47.3609
5.47 47.5197
5.48 47.6222
5.49 47.7566
5.5 47.923
5.51 48.0798
5.52 48.2041
5.53 48.3864
5.54 48.5554
5.55 48.702
5.56 48.8605
5.57 49.0288
5.58 49.1829
5.59 49.3792
5.6 49.5092
5.61 49.6765
5.62 49.8522
5.63 50.0719
5.64 50.239
5.65 50.3932
5.66 50.566
5.67 50.7561
5.68 50.9174
5.69 51.0697
5.7 51.2413
5.71 51.3536
5.72 51.4963
5.73 51.6807
5.74 51.8348
5.75 52.0102
5.76 52.1316
5.77 52.2922
5.78 52.4452
5.79 52.59
5.8 52.7544
5.81 52.9488
5.82 53.1208
5.83 53.2813
5.84 53.4417
5.85 53.647
5.86 53.8546
5.87 54.028
5.88 54.1839
5.89 54.3881
5.9 54.5858
5.91 54.7618
5.92 54.9354
5.93 55.103
5.94 55.2595
5.95 55.4893
5.96 55.6659
5.97 55.8618
5.98 56.0334
5.99 56.2482
6 56.432
6.01 56.6124
6.02 56.7905
6.03 56.9569
6.04 57.1204
6.05 57.3194
6.06 57.4671
6.07 57.6212
6.08 57.8386
6.09 57.9854
6.1 58.1457
6.11 58.3107
6.12 58.4591
6.13 58.6342
6.14 58.8421
6.15 59.0586
6.16 59.2288
6.17 59.423
6.18 59.6311
6.19 59.849
6.2 60.0471
6.21 60.2549
6.22 60.4229
6.23 60.5668
6.24 60.7107
6.25 60.9321
6.26 61.1356
6.27 61.3222
6.28 61.5128
6.29 61.7528
6.3 61.9635
6.31 62.2138
6.32 62.4381
6.33 62.6319
6.34 62.8407
6.35 63.0566
6.36 63.2418
6.37 63.4302
6.38 63.6333
6.39 63.8207
6.4 64.0005
6.41 64.2101
6.42 64.4019
6.43 64.5638
6.44 64.7588
6.45 64.949
6.46 65.1173
6.47 65.3423
6.48 65.5097
6.49 65.6965
6.5 65.9285
6.51 66.1674
6.52 66.4133
6.53 66.562
6.54 66.7648
6.55 66.8958
6.56 67.0751
6.57 67.256
6.58 67.4502
6.59 67.6713
6.6 67.8615
6.61 68.0215
6.62 68.1607
6.63 68.3098
6.64 68.5884
6.65 68.8304
6.66 69.0185
6.67 69.2262
6.68 69.4278
6.69 69.5767
6.7 69.7539
6.71 69.9769
6.72 70.2045
6.73 70.4097
6.74 70.604
6.75 70.7969
6.76 71.0119
6.77 71.1895
6.78 71.3715
6.79 71.5291
6.8 71.6874
6.81 71.8717
6.82 72.1147
6.83 72.334
6.84 72.5655
6.85 72.7831
6.86 73.0167
6.87 73.2135
6.88 73.3625
6.89 73.5154
6.9 73.7425
6.91 73.9374
6.92 74.1439
6.93 74.312
6.94 74.5317
6.95 74.729
6.96 74.9851
6.97 75.1699
6.98 75.3743
6.99 75.6017
7 75.7954
7.01 75.9846
7.02 76.2015
7.03 76.4591
7.04 76.7413
7.05 76.924
7.06 77.1227
7.07 77.3376
7.08 77.5596
7.09 77.7635
7.1 77.913
7.11 78.1227
7.12 78.3722
7.13 78.6115
7.14 78.7834
7.15 78.9424
7.16 79.1856
7.17 79.3838
7.18 79.5582
7.19 79.7924
7.2 79.9776
7.21 80.2344
7.22 80.4286
7.23 80.5959
7.24 80.8597
7.25 81.0914
7.26 81.3915
7.27 81.5947
7.28 81.8562
7.29 82.0762
7.3 82.2618
7.31 82.4378
7.32 82.6403
7.33 82.8649
7.34 83.0679
7.35 83.2453
7.36 83.4444
7.37 83.6765
7.38 83.966
7.39 84.1937
7.4 84.371
7.41 84.5589
7.42 84.7483
7.43 84.9693
7.44 85.1748
7.45 85.3613
7.46 85.5406
7.47 85.7374
7.48 85.9818
7.49 86.2243
7.5 86.3899
7.51 86.5943
7.52 86.8568
7.53 87.0624
7.54 87.2837
7.55 87.5217
7.56 87.6917
7.57 87.9046
7.58 88.1042
7.59 88.3291
7.6 88.5182
7.61 88.7395
7.62 88.9111
7.63 89.1216
7.64 89.2721
7.65 89.4986
7.66 89.7352
7.67 89.9584
7.68 90.1572
7.69 90.3353
7.7 90.5604
7.71 90.7822
7.72 91.0314
7.73 91.2527
7.74 91.4402
7.75 91.6591
7.76 91.8279
7.77 92.0832
7.78 92.3365
7.79 92.5707
7.8 92.8046
7.81 93.0529
7.82 93.2488
7.83 93.4832
7.84 93.71
7.85 93.9254
7.86 94.1375
7.87 94.3226
7.88 94.5232
7.89 94.7508
7.9 94.9977
7.91 95.2325
7.92 95.4842
7.93 95.728
7.94 95.9393
7.95 96.1735
7.96 96.3732
7.97 96.6772
7.98 96.9277
7.99 97.0987
8 97.2871
8.01 97.4736
8.02 97.6965
8.03 97.9068
8.04 98.1013
8.05 98.368
8.06 98.6029
8.07 98.8104
8.08 99.0221
8.09 99.2536
8.1 99.475
8.11 99.6979
8.12 99.9017
8.13 100.117
8.14 100.373
8.15 100.585
8.16 100.815
8.17 101.009
8.18 101.235
8.19 101.429
8.2 101.678
8.21 101.921
8.22 102.212
8.23 102.442
8.24 102.653
8.25 102.873
8.26 103.079
8.27 103.304
8.28 103.477
8.29 103.695
8.3 103.928
8.31 104.191
8.32 104.404
8.33 104.62
8.34 104.803
8.35 105.023
8.36 105.285
8.37 105.532
8.38 105.813
8.39 106.093
8.4 106.34
8.41 106.552
8.42 106.805
8.43 106.98
8.44 107.194
8.45 107.397
8.46 107.634
8.47 107.912
8.48 108.171
8.49 108.458
8.5 108.72
8.51 108.887
8.52 109.116
8.53 109.31
8.54 109.598
8.55 109.924
8.56 110.106
8.57 110.384
8.58 110.593
8.59 110.815
8.6 111.057
8.61 111.287
8.62 111.523
8.63 111.698
8.64 111.924
8.65 112.181
8.66 112.423
8.67 112.675
8.68 112.907
8.69 113.127
8.7 113.356
8.71 113.61
8.72 113.839
8.73 114.007
8.74 114.36
8.75 114.664
8.76 114.948
8.77 115.201
8.78 115.51
8.79 115.811
8.8 116.042
8.81 116.277
8.82 116.546
8.83 116.826
8.84 117.086
8.85 117.329
8.86 117.535
8.87 117.743
8.88 117.96
8.89 118.199
8.9 118.449
8.91 118.671
8.92 118.944
8.93 119.139
8.94 119.428
8.95 119.713
8.96 119.998
8.97 120.211
8.98 120.447
8.99 120.66
9 120.91
9.01 121.195
9.02 121.427
9.03 121.658
9.04 121.842
9.05 122.081
9.06 122.366
9.07 122.585
9.08 122.83
9.09 123.059
9.1 123.237
9.11 123.459
9.12 123.71
9.13 123.951
9.14 124.168
9.15 124.404
9.16 124.555
9.17 124.736
9.18 124.954
9.19 125.255
9.2 125.582
9.21 125.853
9.22 126.186
9.23 126.403
9.24 126.599
9.25 126.844
9.26 127.023
9.27 127.278
9.28 127.545
9.29 127.819
9.3 128.111
9.31 128.379
9.32 128.667
9.33 128.922
9.34 129.113
9.35 129.421
9.36 129.678
9.37 129.928
9.38 130.145
9.39 130.378
9.4 130.626
9.41 130.872
9.42 131.14
9.43 131.409
9.44 131.59
9.45 131.795
9.46 132.07
9.47 132.299
9.48 132.459
9.49 132.707
9.5 132.946
9.51 133.224
9.52 133.459
9.53 133.748
9.54 133.938
9.55 134.134
9.56 134.37
9.57 134.673
9.58 135.038
9.59 135.395
9.6 135.646
9.61 135.888
9.62 136.115
9.63 136.488
9.64 136.773
9.65 137.077
9.66 137.399
9.67 137.628
9.68 137.819
9.69 138.119
9.7 138.347
9.71 138.635
9.72 138.862
9.73 139.11
9.74 139.374
9.75 139.639
9.76 139.9
9.77 140.063
9.78 140.316
9.79 140.596
9.8 140.843
9.81 141.067
9.82 141.342
9.83 141.587
9.84 141.815
9.85 142.11
9.86 142.33
9.87 142.533
9.88 142.767
9.89 143.031
9.9 143.326
9.91 143.605
9.92 143.863
9.93 144.151
9.94 144.386
9.95 144.596
9.96 144.796
9.97 145.123
9.98 145.384
9.99 145.645
10 145.972
10.01 146.235
10.02 146.511
10.03 146.781
10.04 147.105
10.05 147.406
10.06 147.638
10.07 147.819
10.08 148.055
10.09 148.345
10.1 148.605
10.11 148.935
10.12 149.209
10.13 149.412
10.14 149.6
10.15 149.791
10.16 150.047
10.17 150.391
10.18 150.651
10.19 150.949
10.2 151.25
10.21 151.549
10.22 151.841
10.23 152.145
10.24 152.439
10.25 152.674
10.26 152.967
10.27 153.21
10.28 153.478
10.29 153.768
10.3 154.08
10.31 154.411
10.32 154.601
10.33 154.891
10.34 155.262
10.35 155.455
10.36 155.7
10.37 155.983
10.38 156.23
10.39 156.495
10.4 156.782
10.41 157.103
10.42 157.371
10.43 157.73
10.44 158.132
10.45 158.423
10.46 158.657
10.47 158.966
10.48 159.293
10.49 159.625
10.5 159.849
10.51 160.072
10.52 160.347
10.53 160.647
10.54 160.965
10.55 161.254
10.56 161.506
10.57 161.848
10.58 162.097
10.59 162.379
10.6 162.762
10.61 163.01
10.62 163.299
10.63 163.66
10.64 163.952
10.65 164.239
10.66 164.448
10.67 164.628
10.68 164.876
10.69 165.163
10.7 165.476
10.71 165.73
10.72 166.058
10.73 166.368
10.74 166.65
10.75 166.963
10.76 167.277
10.77 167.47
10.78 167.729
10.79 167.985
10.8 168.225
10.81 168.439
10.82 168.694
10.83 168.991
10.84 169.252
10.85 169.591
10.86 169.81
10.87 170.123
10.88 170.427
10.89 170.658
10.9 170.94
10.91 171.223
10.92 171.544
10.93 171.877
10.94 172.203
10.95 172.476
10.96 172.799
10.97 173.034
10.98 173.392
10.99 173.63
11 173.957
11.01 174.282
11.02 174.642
11.03 174.886
11.04 175.223
11.05 175.551
11.06 175.895
11.07 176.209
11.08 176.553
11.09 176.845
11.1 177.036
11.11 177.356
11.12 177.686
11.13 177.987
11.14 178.293
11.15 178.626
11.16 178.844
11.17 179.177
11.18 179.496
11.19 179.849
11.2 180.056
11.21 180.349
11.22 180.649
11.23 180.98
11.24 181.283
11.25 181.568
11.26 181.909
11.27 182.258
11.28 182.548
11.29 182.875
11.3 183.132
11.31 183.47
11.32 183.745
11.33 184.028
11.34 184.285
11.35 184.537
11.36 184.779
11.37 185.074
11.38 185.372
11.39 185.653
11.4 185.907
11.41 186.293
11.42 186.587
11.43 186.774
11.44 187.007
11.45 187.177
11.46 187.45
11.47 187.809
11.48 188.053
11.49 188.305
11.5 188.529
11.51 188.861
11.52 189.193
11.53 189.551
11.54 189.905
11.55 190.235
11.56 190.505
11.57 190.748
11.58 191.097
11.59 191.298
11.6 191.606
11.61 191.868
11.62 192.168
11.63 192.396
11.64 192.682
11.65 192.975
11.66 193.305
11.67 193.701
11.68 194.032
11.69 194.305
11.7 194.552
11.71 194.92
11.72 195.266
11.73 195.569
11.74 195.933
11.75 196.204
11.76 196.506
11.77 196.717
11.78 196.975
11.79 197.301
11.8 197.611
11.81 197.876
11.82 198.155
11.83 198.488
11.84 198.838
11.85 199.127
11.86 199.381
11.87 199.726
11.88 200.043
11.89 200.367
11.9 200.641
11.91 200.959
11.92 201.285
11.93 201.591
11.94 201.92
11.95 202.217
11.96 202.508
11.97 202.762
11.98 203.051
11.99 203.318
12 203.579
12.01 203.853
12.02 204.144
12.03 204.428
12.04 204.774
12.05 205.079
12.06 205.403
12.07 205.719
12.08 206.089
12.09 206.381
12.1 206.721
12.11 207.015
12.12 207.279
12.13 207.607
12.14 207.873
12.15 208.121
12.16 208.429
12.17 208.723
12.18 208.984
12.19 209.331
12.2 209.687
12.21 210.037
12.22 210.396
12.23 210.646
12.24 210.907
12.25 211.241
12.26 211.528
12.27 211.902
12.28 212.157
12.29 212.491
12.3 212.829
12.31 213.186
12.32 213.562
12.33 213.838
12.34 214.115
12.35 214.371
12.36 214.77
12.37 215.056
12.38 215.291
12.39 215.579
12.4 215.876
12.41 216.228
12.42 216.573
12.43 216.939
12.44 217.17
12.45 217.455
12.46 217.695
12.47 217.901
12.48 218.141
12.49 218.433
12.5 218.696
12.51 218.948
12.52 219.242
12.53 219.516
12.54 219.69
12.55 219.889
12.56 220.251
12.57 220.515
12.58 220.901
12.59 221.186
12.6 221.412
12.61 221.732
12.62 222.127
12.63 222.457
12.64 222.784
12.65 223.081
12.66 223.277
12.67 223.562
12.68 223.899
12.69 224.208
12.7 224.482
12.71 224.846
12.72 225.124
12.73 225.397
12.74 225.759
12.75 226.005
12.76 226.326
12.77 226.685
12.78 227.024
12.79 227.338
12.8 227.656
12.81 228.001
12.82 228.287
12.83 228.602
12.84 228.941
12.85 229.316
12.86 229.621
12.87 230.005
12.88 230.283
12.89 230.495
12.9 230.795
12.91 231.149
12.92 231.571
12.93 231.884
12.94 232.23
12.95 232.569
12.96 232.881
12.97 233.188
12.98 233.453
12.99 233.702
13 234.009
13.01 234.347
13.02 234.641
13.03 234.883
13.04 235.223
13.05 235.613
13.06 235.94
13.07 236.218
13.08 236.452
13.09 236.714
13.1 237.029
13.11 237.274
13.12 237.651
13.13 238.006
13.14 238.344
13.15 238.705
13.16 239.142
13.17 239.501
13.18 239.801
13.19 240.132
13.2 240.416
13.21 240.649
13.22 240.948
13.23 241.22
13.24 241.581
13.25 241.877
13.26 242.147
13.27 242.425
13.28 242.752
13.29 243.037
13.3 243.294
13.31 243.62
13.32 243.878
13.33 244.242
13.34 244.597
13.35 244.919
13.36 245.312
13.37 245.598
13.38 245.929
13.39 246.329
13.4 246.631
13.41 247.027
13.42 247.449
13.43 247.68
13.44 247.993
13.45 248.316
13.46 248.618
13.47 248.939
13.48 249.329
13.49 249.663
13.5 249.941
13.51 250.278
13.52 250.603
13.53 250.989
13.54 251.342
13.55 251.685
13.56 251.992
13.57 252.33
13.58 252.78
13.59 253.121
13.6 253.392
13.61 253.733
13.62 254.063
13.63 254.42
13.64 254.831
13.65 255.231
13.66 255.562
13.67 255.835
13.68 256.142
13.69 256.496
13.7 256.83
13.71 257.205
13.72 257.52
13.73 257.787
13.74 258.137
13.75 258.432
13.76 258.71
13.77 258.955
13.78 259.272
13.79 259.634
13.8 259.904
13.81 260.296
13.82 260.597
13.83 260.962
13.84 261.3
13.85 261.703
13.86 262.135
13.87 262.483
13.88 262.808
13.89 263.194
13.9 263.543
13.91 263.803
13.92 264.178
13.93 264.62
13.94 265.066
13.95 265.491
13.96 265.878
13.97 266.279
13.98 266.659
13.99 267.026
14 267.341
14.01 267.705
14.02 267.999
14.03 268.391
14.04 268.723
14.05 269.219
14.06 269.614
14.07 269.989
14.08 270.357
14.09 270.71
14.1 271.041
14.11 271.31
14.12 271.601
14.13 271.945
14.14 272.304
14.15 272.701
14.16 273.014
14.17 273.422
14.18 273.761
14.19 274.09
14.2 274.416
14.21 274.706
14.22 275.022
14.23 275.331
14.24 275.629
14.25 275.965
14.26 276.363
14.27 276.754
14.28 277.07
14.29 277.354
14.3 277.616
14.31 278.026
14.32 278.385
14.33 278.707
14.34 279.019
14.35 279.387
14.36 279.783
14.37 280.052
14.38 280.376
14.39 280.731
14.4 281.088
14.41 281.507
14.42 281.875
14.43 282.199
14.44 282.534
14.45 282.928
14.46 283.276
14.47 283.593
14.48 283.98
14.49 284.315
14.5 284.683
14.51 285.081
14.52 285.449
14.53 285.811
14.54 286.058
14.55 286.449
14.56 286.716
14.57 286.987
14.58 287.375
14.59 287.807
14.6 288.147
14.61 288.47
14.62 288.931
14.63 289.386
14.64 289.617
14.65 289.855
14.66 290.214
14.67 290.548
14.68 290.931
14.69 291.302
14.7 291.704
14.71 292.083
14.72 292.501
14.73 292.905
14.74 293.263
14.75 293.55
14.76 293.937
14.77 294.263
14.78 294.544
14.79 295.008
14.8 295.389
14.81 295.744
14.82 296.066
14.83 296.449
14.84 296.75
14.85 297.103
14.86 297.439
14.87 297.724
14.88 298.078
14.89 298.431
14.9 298.762
14.91 299.05
14.92 299.501
14.93 299.891
14.94 300.278
14.95 300.604
14.96 300.955
14.97 301.357
14.98 301.75
14.99 302.096
15 302.411
15.01 302.731
15.02 303.093
15.03 303.479
15.04 303.862
15.05 304.235
15.06 304.679
15.07 305.135
15.08 305.505
15.09 305.943
15.1 306.424
15.11 306.768
15.12 307.115
15.13 307.566
15.14 307.888
15.15 308.282
15.16 308.604
15.17 309.001
15.18 309.346
15.19 309.687
15.2 309.976
15.21 310.203
15.22 310.614
15.23 310.955
15.24 311.258
15.25 311.663
15.26 312.024
15.27 312.335
15.28 312.757
15.29 313.108
15.3 313.386
15.31 313.796
15.32 314.258
15.33 314.644
15.34 315.069
15.35 315.568
15.36 315.837
15.37 316.082
15.38 316.35
15.39 316.606
15.4 316.893
15.41 317.282
15.42 317.62
15.43 318.016
15.44 318.455
15.45 318.805
15.46 319.286
15.47 319.708
15.48 320.179
15.49 320.634
15.5 321.094
15.51 321.45
15.52 321.767
15.53 322.206
15.54 322.619
15.55 322.952
15.56 323.22
15.57 323.587
15.58 324.063
15.59 324.4
15.6 324.779
15.61 325.076
15.62 325.363
15.63 325.694
15.64 326.074
15.65 326.354
15.66 326.794
15.67 327.176
15.68 327.631
15.69 327.995
15.7 328.346
15.71 328.657
15.72 329.017
15.73 329.444
15.74 329.816
15.75 330.14
15.76 330.597
15.77 330.944
15.78 331.421
15.79 331.83
15.8 332.157
15.81 332.537
15.82 332.928
15.83 333.262
15.84 333.645
15.85 334.053
15.86 334.393
15.87 334.794
15.88 335.17
15.89 335.563
15.9 335.938
15.91 336.349
15.92 336.793
15.93 337.113
15.94 337.535
15.95 337.973
15.96 338.357
15.97 338.728
15.98 339.131
15.99 339.495
16 339.92
16.01 340.262
16.02 340.583
16.03 340.937
16.04 341.39
16.05 341.804
16.06 342.269
16.07 342.62
16.08 342.936
16.09 343.282
16.1 343.606
16.11 343.935
16.12 344.229
16.13 344.616
16.14 345.017
16.15 345.363
16.16 345.69
16.17 346.075
16.18 346.519
16.19 346.946
16.2 347.318
16.21 347.732
16.22 348.109
16.23 348.515
16.24 348.998
16.25 349.464
16.26 349.859
16.27 350.219
16.28 350.585
16.29 350.863
16.3 351.196
16.31 351.613
16.32 351.94
16.33 352.359
16.34 352.725
16.35 353.065
16.36 353.462
16.37 353.759
16.38 354.009
16.39 354.337
16.4 354.674
16.41 355.076
16.42 355.461
16.43 355.876
16.44 356.293
16.45 356.701
16.46 357.116
16.47 357.55
16.48 357.948
16.49 358.285
16.5 358.631
16.51 359.045
16.52 359.414
16.53 359.873
16.54 360.297
16.55 360.711
16.56 361.199
16.57 361.62
16.58 362.102
16.59 362.438
16.6 362.966
16.61 363.334
16.62 363.76
16.63 364.112
16.64 364.491
16.65 364.904
16.66 365.28
16.67 365.624
16.68 365.962
16.69 366.375
16.7 366.73
16.71 367.132
16.72 367.471
16.73 367.829
16.74 368.196
16.75 368.616
16.76 369.14
16.77 369.561
16.78 369.86
16.79 370.174
16.8 370.648
16.81 370.966
16.82 371.366
16.83 371.85
16.84 372.274
16.85 372.656
16.86 373.061
16.87 373.416
16.88 373.743
16.89 374.274
16.9 374.734
16.91 375.093
16.92 375.428
16.93 375.924
16.94 376.374
16.95 376.753
16.96 377.094
16.97 377.399
16.98 377.694
16.99 378.116
17 378.465
17.01 378.996
17.02 379.402
17.03 379.782
17.04 380.315
17.05 380.795
17.06 381.193
17.07 381.667
17.08 382.16
17.09 382.567
17.1 383.073
17.11 383.354
17.12 383.764
17.13 384.111
17.14 384.524
17.15 384.91
17.16 385.352
17.17 385.639
17.18 386.099
17.19 386.523
17.2 386.931
17.21 387.389
17.22 387.859
17.23 388.299
17.24 388.624
17.25 389.001
17.26 389.287
17.27 389.629
17.28 390.001
17.29 390.39
17.3 390.935
17.31 391.373
17.32 391.842
17.33 392.27
17.34 392.688
17.35 393.092
17.36 393.486
17.37 393.818
17.38 394.242
17.39 394.754
17.4 395.18
17.41 395.586
17.42 395.985
17.43 396.299
17.44 396.613
17.45 397.009
17.46 397.36
17.47 397.809
17.48 398.232
17.49 398.599
17.5 399.059
17.51 399.457
17.52 399.873
17.53 400.352
17.54 400.699
17.55 401.115
17.56 401.558
17.57 401.995
17.58 402.485
17.59 402.915
17.6 403.347
17.61 403.807
17.62 404.235
17.63 404.664
17.64 405.136
17.65 405.475
17.66 406.002
17.67 406.522
17.68 406.937
17.69 407.473
17.7 407.882
17.71 408.259
17.72 408.58
17.73 408.931
17.74 409.243
17.75 409.617
17.76 410.049
17.77 410.394
17.78 410.828
17.79 411.21
17.8 411.527
17.81 411.93
17.82 412.298
17.83 412.66
17.84 413.133
17.85 413.493
17.86 413.747
17.87 414.16
17.88 414.596
17.89 415.094
17.9 415.509
17.91 415.952
17.92 416.392
17.93 416.782
17.94 417.089
17.95 417.532
17.96 418
17.97 418.239
17.98 418.613
17.99 419.034
18 419.464
18.01 419.933
18.02 420.345
18.03 420.764
18.04 421.199
18.05 421.575
18.06 422.03
18.07 422.59
18.08 423.092
18.09 423.556
18.1 424.103
18.11 424.531
18.12 425.056
18.13 425.441
18.14 425.889
18.15 426.325
18.16 426.547
18.17 427.004
18.18 427.56
18.19 428.06
18.2 428.572
18.21 429.081
18.22 429.479
18.23 429.949
18.24 430.379
18.25 430.789
18.26 431.147
18.27 431.621
18.28 432.008
18.29 432.435
18.3 433.02
18.31 433.476
18.32 434.012
18.33 434.531
18.34 434.93
18.35 435.431
18.36 435.866
18.37 436.238
18.38 436.608
18.39 437.045
18.4 437.412
18.41 437.758
18.42 438.119
18.43 438.498
18.44 438.871
18.45 439.384
18.46 440.018
18.47 440.356
18.48 441.008
18.49 441.448
18.5 441.749
18.51 441.984
18.52 442.398
18.53 442.871
18.54 443.36
18.55 443.86
18.56 444.246
18.57 444.654
18.58 445.099
18.59 445.616
18.6 446.112
18.61 446.621
18.62 446.979
18.63 447.31
18.64 447.766
18.65 448.077
18.66 448.536
18.67 448.967
18.68 449.42
18.69 449.8
18.7 450.261
18.71 450.556
18.72 451.153
18.73 451.63
18.74 452.036
18.75 452.331
18.76 452.735
18.77 453.199
18.78 453.565
18.79 453.995
18.8 454.336
18.81 454.76
18.82 455.157
18.83 455.737
18.84 456.215
18.85 456.674
18.86 457.044
18.87 457.488
18.88 457.988
18.89 458.445
18.9 458.852
18.91 459.368
18.92 459.844
18.93 460.23
18.94 460.682
18.95 461.238
18.96 461.772
18.97 462.238
18.98 462.651
18.99 463.214
19 463.82
19.01 464.417
19.02 464.851
19.03 465.195
19.04 465.558
19.05 466.062
19.06 466.536
19.07 466.937
19.08 467.352
19.09 467.841
19.1 468.336
19.11 468.82
19.12 469.217
19.13 469.724
19.14 470.163
19.15 470.633
19.16 471.239
19.17 471.665
19.18 471.958
19.19 472.298
19.2 472.63
19.21 473.068
19.22 473.506
19.23 473.853
19.24 474.348
19.25 474.79
19.26 475.222
19.27 475.656
19.28 476.118
19.29 476.626
19.3 477.126
19.31 477.503
19.32 477.878
19.33 478.265
19.34 478.821
19.35 479.236
19.36 479.641
19.37 480.159
19.38 480.602
19.39 481.084
19.4 481.669
19.41 482.017
19.42 482.413
19.43 482.95
19.44 483.415
19.45 483.875
19.46 484.267
19.47 484.577
19.48 485.024
19.49 485.534
19.5 486.021
19.51 486.515
19.52 487.044
19.53 487.325
19.54 487.797
19.55 488.185
19.56 488.71
19.57 489.052
19.58 489.42
19.59 489.809
19.6 490.322
19.61 490.757
19.62 491.164
19.63 491.571
19.64 492.066
19.65 492.425
19.66 492.794
19.67 493.227
19.68 493.704
19.69 494.193
19.7 494.682
19.71 495.173
19.72 495.696
19.73 496.118
19.74 496.534
19.75 496.954
19.76 497.38
19.77 497.822
19.78 498.267
19.79 498.537
19.8 498.921
19.81 499.31
19.82 499.79
19.83 500.123
19.84 500.47
19.85 500.911
19.86 501.412
19.87 501.917
19.88 502.467
19.89 502.962
19.9 503.289
19.91 503.722
19.92 504.159
19.93 504.59
19.94 504.926
19.95 505.337
19.96 505.708
19.97 506.102
19.98 506.589
19.99 507.117
20 507.468
20.01 507.884
20.02 508.363
20.03 508.874
20.04 509.394
20.05 509.782
20.06 510.175
20.07 510.657
20.08 511.205
20.09 511.654
20.1 512.103
20.11 512.583
20.12 513.077
20.13 513.382
20.14 513.742
20.15 514.223
20.16 514.67
20.17 515.196
20.18 515.699
20.19 516.178
20.2 516.631
20.21 517.067
20.22 517.514
20.23 518.099
20.24 518.698
20.25 519.236
20.26 519.804
20.27 520.422
20.28 520.803
20.29 521.192
20.3 521.603
20.31 522.115
20.32 522.7
20.33 523.261
20.34 523.654
20.35 523.982
20.36 524.362
20.37 524.762
20.38 525.228
20.39 525.605
20.4 526.001
20.41 526.46
20.42 526.837
20.43 527.184
20.44 527.531
20.45 527.869
20.46 528.317
20.47 528.793
20.48 529.214
20.49 529.558
20.5 529.914
20.51 530.278
20.52 530.756
20.53 531.275
20.54 531.744
20.55 532.237
20.56 532.796
20.57 533.355
20.58 533.782
20.59 534.362
20.6 534.909
20.61 535.412
20.62 535.903
20.63 536.424
20.64 537.083
20.65 537.563
20.66 538.149
20.67 538.634
20.68 539.17
20.69 539.688
20.7 540.273
20.71 540.688
20.72 541.069
20.73 541.597
20.74 542.045
20.75 542.533
20.76 543.155
20.77 543.69
20.78 544.164
20.79 544.645
20.8 545.134
20.81 545.469
20.82 545.964
20.83 546.355
20.84 546.659
20.85 547.052
20.86 547.48
20.87 547.806
20.88 548.265
20.89 548.764
20.9 549.169
20.91 549.492
20.92 549.878
20.93 550.244
20.94 550.709
20.95 551.242
20.96 551.714
20.97 552.15
20.98 552.563
20.99 553.102
21 553.554
21.01 554.144
21.02 554.645
21.03 555.112
21.04 555.575
21.05 556.098
21.06 556.583
21.07 557.004
21.08 557.433
21.09 557.895
21.1 558.366
21.11 558.87
21.12 559.316
21.13 559.829
21.14 560.181
21.15 560.612
21.16 561.115
21.17 561.508
21.18 561.853
21.19 562.274
21.2 562.786
21.21 563.391
21.22 563.76
21.23 564.166
21.24 564.669
21.25 565.338
21.26 565.961
21.27 566.39
21.28 566.801
21.29 567.255
21.3 567.679
21.31 568.158
21.32 568.617
21.33 568.923
21.34 569.41
21.35 570.02
21.36 570.572
21.37 571.041
21.38 571.465
21.39 571.857
21.4 572.265
21.41 572.593
21.42 573.044
21.43 573.39
21.44 573.826
21.45 574.375
21.46 574.821
21.47 575.229
21.48 575.614
21.49 576.133
21.5 576.634
21.51 577.249
21.52 577.754
21.53 578.245
21.54 578.917
21.55 579.33
21.56 579.867
21.57 580.395
21.58 580.938
21.59 581.312
21.6 581.726
21.61 582.276
21.62 582.788
21.63 583.299
21.64 583.794
21.65 584.105
21.66 584.467
21.67 584.86
21.68 585.198
21.69 585.601
21.7 586.1
21.71 586.65
21.72 587.145
21.73 587.553
21.74 587.966
21.75 588.351
21.76 588.832
21.77 589.121
21.78 589.495
21.79 589.835
21.8 590.376
21.81 590.698
21.82 591.165
21.83 591.784
21.84 592.207
21.85 592.78
21.86 593.349
21.87 593.842
21.88 594.489
21.89 595.169
21.9 595.687
21.91 596.137
21.92 596.642
21.93 597.15
21.94 597.644
21.95 598.112
21.96 598.715
21.97 599.162
21.98 599.491
21.99 599.976
22 600.396
22.01 600.877
22.02 601.513
22.03 601.925
22.04 602.314
22.05 602.903
22.06 603.464
22.07 603.829
22.08 604.274
22.09 604.681
22.1 605.193
22.11 605.741
22.12 606.215
22.13 606.647
22.14 607.097
22.15 607.548
22.16 607.994
22.17 608.448
22.18 609.004
22.19 609.508
22.2 609.971
22.21 610.435
22.22 610.822
22.23 611.277
22.24 611.838
22.25 612.287
22.26 612.63
22.27 613.162
22.28 613.634
22.29 614.07
22.3 614.467
22.31 614.951
22.32 615.386
22.33 615.86
22.34 616.394
22.35 616.996
22.36 617.479
22.37 617.978
22.38 618.324
22.39 618.7
22.4 619.157
22.41 619.691
22.42 620.16
22.43 620.656
22.44 621.215
22.45 621.768
22.46 622.201
22.47 622.741
22.48 623.253
22.49 623.665
22.5 624.216
22.51 624.658
22.52 625.116
22.53 625.554
22.54 626.008
22.55 626.626
22.56 627.138
22.57 627.576
22.58 628.078
22.59 628.56
22.6 629.102
22.61 629.811
22.62 630.37
22.63 630.812
22.64 631.465
22.65 632.004
22.66 632.388
22.67 632.732
22.68 633.248
22.69 633.583
22.7 634
22.71 634.435
22.72 634.758
22.73 635.264
22.74 635.82
22.75 636.36
22.76 636.91
22.77 637.443
22.78 637.901
22.79 638.517
22.8 638.979
22.81 639.553
22.82 640.042
22.83 640.462
22.84 640.913
22.85 641.469
22.86 641.971
22.87 642.45
22.88 643.102
22.89 643.715
22.9 644.358
22.91 644.959
22.92 645.466
22.93 645.967
22.94 646.422
22.95 647.109
22.96 647.717
22.97 648.293
22.98 648.791
22.99 649.243
23 649.631
23.01 650.12
23.02 650.686
23.03 651.103
23.04 651.63
23.05 652.107
23.06 652.574
23.07 652.955
23.08 653.539
23.09 654.049
23.1 654.574
23.11 655.042
23.12 655.491
23.13 655.937
23.14 656.361
23.15 656.774
23.16 657.391
23.17 657.767
23.18 658.221
23.19 658.804
23.2 659.404
23.21 659.952
23.22 660.347
23.23 660.971
23.24 661.399
23.25 661.793
23.26 662.34
23.27 662.861
23.28 663.352
23.29 663.753
23.3 664.337
23.31 664.951
23.32 665.552
23.33 666.026
23.34 666.435
23.35 666.844
23.36 667.259
23.37 667.686
23.38 668.213
23.39 668.731
23.4 669.162
23.41 669.706
23.42 670.103
23.43 670.627
23.44 670.977
23.45 671.314
23.46 671.851
23.47 672.189
23.48 672.864
23.49 673.456
23.5 674.004
23.51 674.44
23.52 675.072
23.53 675.549
23.54 675.99
23.55 676.32
23.56 676.875
23.57 677.403
23.58 677.83
23.59 678.4
23.6 678.942
23.61 679.586
23.62 679.961
23.63 680.415
23.64 680.918
23.65 681.421
23.66 681.899
23.67 682.288
23.68 682.678
23.69 683.291
23.7 683.779
23.71 684.064
23.72 684.593
23.73 685.115
23.74 685.632
23.75 686.006
23.76 686.482
23.77 687.058
23.78 687.617
23.79 688.097
23.8 688.672
23.81 689.329
23.82 690.066
23.83 690.71
23.84 691.162
23.85 691.725
23.86 692.194
23.87 692.715
23.88 693.406
23.89 694.139
23.9 694.689
23.91 695.209
23.92 695.737
23.93 696.249
23.94 696.626
23.95 697.053
23.96 697.425
23.97 697.738
23.98 698.191
23.99 698.583
24 699.11
24.01 699.607
24.02 700.137
24.03 700.685
24.04 701.252
24.05 701.746
24.06 702.325
24.07 702.946
24.08 703.475
24.09 703.997
24.1 704.359
24.11 704.812
24.12 705.398
24.13 706.048
24.14 706.593
24.15 707.041
24.16 707.565
24.17 708.065
24.18 708.581
24.19 709.109
24.2 709.756
24.21 710.3
24.22 710.77
24.23 711.377
24.24 711.901
24.25 712.32
24.26 712.891
24.27 713.332
24.28 713.78
24.29 714.227
24.3 714.777
24.31 715.27
24.32 715.596
24.33 715.999
24.34 716.506
24.35 716.966
24.36 717.479
24.37 718.021
24.38 718.5
24.39 718.95
24.4 719.494
24.41 719.848
24.42 720.353
24.43 720.769
24.44 721.306
24.45 721.809
24.46 722.292
24.47 722.643
24.48 723.097
24.49 723.62
24.5 724.054
24.51 724.569
24.52 725.007
24.53 725.625
24.54 726.069
24.55 726.616
24.56 727.195
24.57 727.716
24.58 728.207
24.59 728.641
24.6 729.196
24.61 729.826
24.62 730.383
24.63 730.956
24.64 731.49
24.65 731.92
24.66 732.515
24.67 733.085
24.68 733.565
24.69 733.925
24.7 734.302
24.71 734.864
24.72 735.345
24.73 735.825
24.74 736.352
24.75 736.958
24.76 737.51
24.77 737.921
24.78 738.398
24.79 739.024
24.8 739.46
24.81 740.105
24.82 740.629
24.83 741.1
24.84 741.537
24.85 742.012
24.86 742.415
24.87 742.967
24.88 743.429
24.89 743.986
24.9 744.427
24.91 744.96
24.92 745.498
24.93 746.136
24.94 746.665
24.95 747.213
24.96 747.673
24.97 748.011
24.98 748.399
24.99 748.789
25 749.042
25.01 749.477
25.02 750.013
25.03 750.423
25.04 750.851
25.05 751.276
25.06 751.683
25.07 752.13
25.08 752.564
25.09 753.091
25.1 753.588
25.11 754.072
25.12 754.559
25.13 754.975
25.14 755.478
25.15 755.957
25.16 756.404
25.17 756.88
25.18 757.549
25.19 758.268
25.2 758.878
25.21 759.372
25.22 759.899
25.23 760.506
25.24 761.099
25.25 761.568
25.26 761.888
25.27 762.402
25.28 762.913
25.29 763.277
25.3 764.021
25.31 764.484
25.32 764.963
25.33 765.491
25.34 765.953
25.35 766.518
25.36 767.047
25.37 767.599
25.38 768.282
25.39 768.824
25.4 769.378
25.41 769.989
25.42 770.583
25.43 771.018
25.44 771.613
25.45 772.034
25.46 772.556
25.47 772.997
25.48 773.536
25.49 774.186
25.5 774.571
25.51 774.864
25.52 775.323
25.53 775.915
25.54 776.528
25.55 777.12
25.56 777.706
25.57 778.257
25.58 778.737
25.59 779.22
25.6 779.783
25.61 780.41
25.62 781.011
25.63 781.565
25.64 782.014
25.65 782.576
25.66 783.041
25.67 783.525
25.68 783.942
25.69 784.452
25.7 784.853
25.71 785.528
25.72 786.271
25.73 786.947
25.74 787.496
25.75 787.945
25.76 788.381
25.77 788.881
25.78 789.299
25.79 789.785
25.8 790.526
25.81 791.032
25.82 791.585
25.83 792.099
25.84 792.436
25.85 793.014
25.86 793.647
25.87 794.037
25.88 794.476
25.89 795
25.9 795.445
25.91 795.841
25.92 796.387
25.93 796.866
25.94 797.408
25.95 797.778
25.96 798.322
25.97 798.935
25.98 799.406
25.99 799.881
26 800.465
26.01 801.006
26.02 801.368
26.03 801.936
26.04 802.478
26.05 802.942
26.06 803.369
26.07 804.043
26.08 804.668
26.09 805.371
26.1 805.913
26.11 806.489
26.12 806.996
26.13 807.528
26.14 807.997
26.15 808.558
26.16 808.873
26.17 809.451
26.18 809.89
26.19 810.139
26.2 810.734
26.21 811.393
26.22 811.759
26.23 812.245
26.24 812.767
26.25 813.14
26.26 813.866
26.27 814.389
26.28 815.029
26.29 815.559
26.3 816.204
26.31 816.743
26.32 817.367
26.33 817.742
26.34 818.177
26.35 818.449
26.36 818.927
26.37 819.627
26.38 820.308
26.39 820.79
26.4 821.396
26.41 821.974
26.42 822.57
26.43 823.161
26.44 823.653
26.45 824.18
26.46 824.818
26.47 825.21
26.48 825.809
26.49 826.321
26.5 826.685
26.51 827.263
26.52 828.09
26.53 828.624
26.54 829.121
26.55 829.682
26.56 830.209
26.57 830.804
26.58 831.377
26.59 831.912
26.6 832.479
26.61 833.009
26.62 833.404
26.63 833.922
26.64 834.288
26.65 834.76
26.66 835.223
26.67 835.625
26.68 835.92
26.69 836.51
26.7 836.987
26.71 837.544
26.72 838.131
26.73 838.715
26.74 839.167
26.75 839.818
26.76 840.429
26.77 840.844
26.78 841.316
26.79 841.941
26.8 842.53
26.81 843.109
26.82 843.746
26.83 844.194
26.84 844.58
26.85 845.178
26.86 845.886
26.87 846.48
26.88 847.046
26.89 847.552
26.9 848.074
26.91 848.632
26.92 849.172
26.93 849.73
26.94 850.296
26.95 850.873
26.96 851.314
26.97 851.931
26.98 852.496
26.99 853.143
27 853.865
27.01 854.376
27.02 855.084
27.03 855.486
27.04 855.863
27.05 856.391
27.06 856.823
27.07 857.315
27.08 857.755
27.09 858.318
27.1 858.817
27.11 859.411
27.12 860.168
27.13 860.897
27.14 861.407
27.15 862.043
27.16 862.7
27.17 863.303
27.18 863.79
27.19 864.284
27.2 864.878
27.21 865.482
27.22 866.056
27.23 866.614
27.24 867.173
27.25 867.771
27.26 868.359
27.27 868.889
27.28 869.335
27.29 869.836
27.3 870.256
27.31 870.841
27.32 871.356
27.33 871.809
27.34 872.297
27.35 872.795
27.36 873.411
27.37 873.92
27.38 874.708
27.39 875.375
27.4 875.861
27.41 876.376
27.42 877.037
27.43 877.663
27.44 878.22
27.45 878.785
27.46 879.245
27.47 879.775
27.48 880.16
27.49 880.638
27.5 881.373
27.51 881.954
27.52 882.542
27.53 882.95
27.54 883.562
27.55 884.229
27.56 884.735
27.57 885.337
27.58 885.851
27.59 886.441
27.6 886.926
27.61 887.447
27.62 887.832
27.63 888.202
27.64 888.71
27.65 889.161
27.66 889.743
27.67 890.226
27.68 890.671
27.69 891.251
27.7 891.698
27.71 892.088
27.72 892.52
27.73 892.953
27.74 893.466
27.75 894.003
27.76 894.559
27.77 895.107
27.78 895.83
27.79 896.396
27.8 896.9
27.81 897.551
27.82 898.07
27.83 898.625
27.84 899.15
27.85 899.655
27.86 900.262
27.87 900.856
27.88 901.367
27.89 902.12
27.9 902.924
27.91 903.483
27.92 904.096
27.93 904.452
27.94 904.837
27.95 905.382
27.96 906.045
27.97 906.659
27.98 907.257
27.99 907.905
28 908.401
28.01 908.91
28.02 909.494
28.03 910.008
28.04 910.485
28.05 911.023
28.06 911.56
28.07 912.08
28.08 912.625
28.09 913.191
28.1 913.8
28.11 914.323
28.12 914.816
28.13 915.379
28.14 915.826
28.15 916.368
28.16 916.725
28.17 917.138
28.18 917.612
28.19 917.98
28.2 918.448
28.21 919.118
28.22 919.757
28.23 920.058
28.24 920.549
28.25 921.145
28.26 921.826
28.27 922.452
28.28 922.923
28.29 923.483
28.3 923.937
28.31 924.501
28.32 925.029
28.33 925.705
28.34 926.297
28.35 926.857
28.36 927.381
28.37 928.019
28.38 928.567
28.39 928.921
28.4 929.461
28.41 929.964
28.42 930.697
28.43 931.125
28.44 931.647
28.45 932.099
28.46 932.696
28.47 933.184
28.48 933.692
28.49 934.197
28.5 934.748
28.51 935.258
28.52 935.904
28.53 936.395
28.54 936.824
28.55 937.405
28.56 937.891
28.57 938.511
28.58 939.162
28.59 939.639
28.6 940.149
28.61 940.619
28.62 941.253
28.63 941.837
28.64 942.413
28.65 943.113
28.66 943.52
28.67 944.172
28.68 944.961
28.69 945.656
28.7 946.142
28.71 946.806
28.72 947.38
28.73 948.116
28.74 948.606
28.75 949.099
28.76 949.533
28.77 950.15
28.78 950.816
28.79 951.322
28.8 951.907
28.81 952.546
28.82 953.133
28.83 953.659
28.84 954.317
28.85 954.803
28.86 955.302
28.87 955.758
28.88 956.298
28.89 956.709
28.9 957.132
28.91 957.549
28.92 958.12
28.93 958.669
28.94 959.274
28.95 959.892
28.96 960.347
28.97 960.925
28.98 961.521
28.99 962.091
29 962.842
29.01 963.51
29.02 964.242
29.03 964.762
29.04 965.212
29.05 965.75
29.06 966.233
29.07 966.726
29.08 967.173
29.09 967.88
29.1 968.479
29.11 969.118
29.12 969.605
29.13 970.256
29.14 970.743
29.15 971.321
29.16 971.912
29.17 972.451
29.18 972.865
29.19 973.428
29.2 973.864
29.21 974.292
29.22 974.89
29.23 975.495
29.24 975.955
29.25 976.59
29.26 977.217
29.27 977.812
29.28 978.417
29.29 978.964
29.3 979.343
29.31 979.866
29.32 980.294
29.33 980.737
29.34 981.357
29.35 981.966
29.36 982.607
29.37 983.238
29.38 983.982
29.39 984.478
29.4 984.913
29.41 985.463
29.42 985.944
29.43 986.577
29.44 987.13
29.45 987.706
29.46 988.408
29.47 989.081
29.48 989.593
29.49 990.001
29.5 990.514
29.51 990.957
29.52 991.481
29.53 992.05
29.54 992.533
29.55 993.156
29.56 993.847
29.57 994.437
29.58 994.877
29.59 995.322
29.6 995.929
29.61 996.59
29.62 997.143
29.63 997.818
29.64 998.254
29.65 998.786
29.66 999.426
29.67 999.897
29.68 1000.33
29.69 1000.81
29.7 1001.51
29.71 1002.18
29.72 1002.64
29.73 1003.06
29.74 1003.84
29.75 1004.34
29.76 1004.95
29.77 1005.61
29.78 1006.04
29.79 1006.76
29.8 1007.41
29.81 1007.98
29.82 1008.5
29.83 1008.99
29.84 1009.56
29.85 1010.21
29.86 1010.81
29.87 1011.38
29.88 1012.08
29.89 1012.54
29.9 1013.23
29.91 1013.79
29.92 1014.49
29.93 1014.87
29.94 1015.25
29.95 1015.97
29.96 1016.35
29.97 1016.92
29.98 1017.32
29.99 1017.9
