0 0.04
0.1 0.0821611
0.2 0.123019
0.3 0.162706
0.4 0.204377
0.5 0.240797
0.6 0.284882
0.7 0.326457
0.8 0.369705
0.9 0.411995
1 0.446671
1.1 0.478485
1.2 0.515205
1.3 0.553172
1.4 0.592662
1.5 0.623621
1.6 0.672952
1.7 0.716479
1.8 0.75088
1.9 0.799602
2 0.82943
2.1 0.878506
2.2 0.914316
2.3 0.948046
2.4 1.00443
2.5 1.03217
2.6 1.07293
2.7 1.12249
2.8 1.17195
2.9 1.20205
3 1.24214
3.1 1.28277
3.2 1.32012
3.3 1.35213
3.4 1.37058
3.5 1.40457
3.6 1.43893
3.7 1.48064
3.8 1.5177
3.9 1.55782
4 1.6049
4.1 1.64365
4.2 1.70219
4.3 1.72265
4.4 1.75326
4.5 1.79817
4.6 1.82138
4.7 1.86935
4.8 1.91317
4.9 1.96741
5 2.01474
5.1 2.08736
5.2 2.12659
5.3 2.15572
5.4 2.22025
5.5 2.26144
5.6 2.30646
5.7 2.3607
5.8 2.40359
5.9 2.44057
6 2.4938
6.1 2.55944
6.2 2.59252
6.3 2.6011
6.4 2.61782
6.5 2.67472
6.6 2.72069
6.7 2.76561
6.8 2.80652
6.9 2.8472
7 2.87203
7.1 2.91531
7.2 2.97665
7.3 3.01363
7.4 3.04809
7.5 3.08207
7.6 3.09876
7.7 3.14341
7.8 3.1826
7.9 3.2354
8 3.27664
8.1 3.33155
8.2 3.37465
8.3 3.43785
8.4 3.48772
8.5 3.52452
8.6 3.55825
8.7 3.59249
8.8 3.67674
8.9 3.70282
9 3.72786
9.1 3.7849
9.2 3.84204
9.3 3.91036
9.4 3.958
9.5 3.99701
9.6 4.03157
9.7 4.04692
9.8 4.05751
9.9 4.13571
10 4.18037
10.1 4.24755
10.2 4.27578
10.3 4.315
10.4 4.3506
10.5 4.37371
10.6 4.42304
10.7 4.43617
10.8 4.50048
10.9 4.53907
11 4.54843
11.1 4.58185
11.2 4.6219
11.3 4.64746
11.4 4.68659
11.5 4.70138
11.6 4.70821
11.7 4.705
11.8 4.72665
11.9 4.7661
12 4.80807
12.1 4.82689
12.2 4.86785
12.3 4.89494
12.4 4.93167
12.5 4.9777
12.6 5.00812
12.7 5.04323
12.8 5.07575
12.9 5.10904
13 5.13878
13.1 5.17999
13.2 5.21399
13.3 5.24882
13.4 5.30208
13.5 5.34525
13.6 5.37347
13.7 5.40554
13.8 5.4613
13.9 5.48107
14 5.49524
14.1 5.55141
14.2 5.58279
14.3 5.58577
14.4 5.62022
14.5 5.67793
14.6 5.70133
14.7 5.73612
14.8 5.7788
14.9 5.80237
15 5.85842
15.1 5.89104
15.2 5.95197
15.3 6.02668
15.4 6.02842
15.5 6.09904
15.6 6.13727
15.7 6.13222
15.8 6.15873
15.9 6.20508
16 6.24662
16.1 6.29868
16.2 6.35799
16.3 6.41008
16.4 6.41609
16.5 6.46961
16.6 6.51389
16.7 6.56228
16.8 6.56131
16.9 6.60448
17 6.65494
17.1 6.6879
17.2 6.72528
17.3 6.80428
17.4 6.84035
17.5 6.88979
17.6 6.90652
17.7 6.9753
17.8 6.96894
17.9 7.03008
18 7.06493
18.1 7.08774
18.2 7.10842
18.3 7.14718
18.4 7.16777
18.5 7.26114
18.6 7.27984
18.7 7.34015
18.8 7.41568
18.9 7.42598
19 7.43737
19.1 7.48419
19.2 7.52761
19.3 7.57192
19.4 7.59426
19.5 7.64617
19.6 7.67153
19.7 7.76736
19.8 7.82084
19.9 7.87922
