0 0.0135151
0.01 0.0311874
0.02 0.0452539
0.03 0.0673062
0.04 0.0801924
0.05 0.102001
0.06 0.128586
0.07 0.151691
0.08 0.172675
0.09 0.192968
0.1 0.205055
0.11 0.237997
0.12 0.254187
0.13 0.267385
0.14 0.283014
0.15 0.312211
0.16 0.329275
0.17 0.343979
0.18 0.377283
0.19 0.415242
0.2 0.426239
0.21 0.436495
0.22 0.450111
0.23 0.494522
0.24 0.512964
0.25 0.553238
0.26 0.56953
0.27 0.599788
0.28 0.620103
0.29 0.650918
0.3 0.666857
0.31 0.706427
0.32 0.739693
0.33 0.784963
0.34 0.820112
0.35 0.840068
0.36 0.867443
0.37 0.895518
0.38 0.909837
0.39 0.950709
0.4 0.96477
0.41 0.986487
0.42 1.04961
0.43 1.07934
0.44 1.12115
0.45 1.17255
0.46 1.20286
0.47 1.26167
0.48 1.31897
0.49 1.33794
0.5 1.41405
0.51 1.43834
0.52 1.47627
0.53 1.56831
0.54 1.62395
0.55 1.68202
0.56 1.76979
0.57 1.78791
0.58 1.84948
0.59 1.85439
0.6 1.91933
0.61 1.96176
0.62 1.99156
0.63 2.10239
0.64 2.16562
0.65 2.211
0.66 2.23948
0.67 2.30818
0.68 2.33639
0.69 2.39386
0.7 2.44676
0.71 2.51054
0.72 2.54932
0.73 2.61729
0.74 2.65135
0.75 2.66826
0.76 2.72988
0.77 2.73682
0.78 2.80309
0.79 2.89979
0.8 2.98902
0.81 3.05575
0.82 3.18004
0.83 3.26162
0.84 3.34085
0.85 3.34604
0.86 3.39263
0.87 3.46344
0.88 3.52513
0.89 3.57165
0.9 3.6393
0.91 3.67294
0.92 3.72531
0.93 3.76143
0.94 3.84365
0.95 3.87122
0.96 3.899
0.97 3.92977
0.98 3.96473
0.99 4.03019
1 4.09699
1.01 4.14555
1.02 4.20845
1.03 4.28646
1.04 4.38051
1.05 4.41907
1.06 4.52842
1.07 4.63986
1.08 4.71276
1.09 4.77109
1.1 4.82954
1.11 4.92235
1.12 5.00672
1.13 5.10123
1.14 5.16211
1.15 5.23157
1.16 5.31216
1.17 5.34966
1.18 5.42631
1.19 5.4461
1.2 5.49463
1.21 5.58729
1.22 5.64893
1.23 5.74762
1.24 5.87099
1.25 5.99704
1.26 6.1195
1.27 6.13814
1.28 6.22136
1.29 6.2891
1.3 6.35161
1.31 6.42829
1.32 6.56709
1.33 6.57082
1.34 6.70094
1.35 6.75056
1.36 6.79276
1.37 6.8624
1.38 6.89329
1.39 6.95432
1.4 6.96545
1.41 7.03655
1.42 7.0625
1.43 7.18073
1.44 7.20959
1.45 7.31408
1.46 7.39814
1.47 7.51987
1.48 7.61181
1.49 7.64526
1.5 7.63944
1.51 7.76917
1.52 7.86352
1.53 7.94783
1.54 8.04039
1.55 8.1612
1.56 8.18284
1.57 8.35814
1.58 8.45686
1.59 8.57348
1.6 8.57517
1.61 8.64625
1.62 8.75905
1.63 8.83766
1.64 9.00141
1.65 9.11591
1.66 9.21858
1.67 9.38907
1.68 9.48195
1.69 9.59852
1.7 9.71629
1.71 9.74772
1.72 9.87852
1.73 9.9498
1.74 10.075
1.75 10.1935
1.76 10.309
1.77 10.4749
1.78 10.5208
1.79 10.5802
1.8 10.7813
1.81 10.915
1.82 10.991
1.83 11.1751
1.84 11.2309
1.85 11.3386
1.86 11.398
1.87 11.5418
1.88 11.6642
1.89 11.7558
1.9 11.8621
1.91 12.0635
1.92 12.2017
1.93 12.2885
1.94 12.4054
1.95 12.4856
1.96 12.5601
1.97 12.6336
1.98 12.7474
1.99 12.8257
2 12.9589
2.01 13.0739
2.02 13.2237
2.03 13.2935
2.04 13.3645
2.05 13.5279
2.06 13.6669
2.07 13.7833
2.08 13.7765
2.09 13.8815
2.1 14.0165
2.11 14.0526
2.12 14.0962
2.13 14.2035
2.14 14.3706
2.15 14.5071
2.16 14.5903
2.17 14.6184
2.18 14.7782
2.19 14.9172
2.2 15.1724
2.21 15.3709
2.22 15.5082
2.23 15.6549
2.24 15.7491
2.25 15.8761
2.26 15.9966
2.27 16.1279
2.28 16.1806
2.29 16.3054
2.3 16.3876
2.31 16.5761
2.32 16.7201
2.33 16.8574
2.34 16.9009
2.35 16.978
2.36 17.1067
2.37 17.2001
2.38 17.2713
2.39 17.317
2.4 17.4558
2.41 17.5835
2.42 17.7268
2.43 17.9589
2.44 17.9646
2.45 18.0599
2.46 18.13
2.47 18.3564
2.48 18.522
2.49 18.6212
2.5 18.774
2.51 18.8881
2.52 19.0211
2.53 19.0994
2.54 19.3513
2.55 19.4896
2.56 19.5702
2.57 19.6341
2.58 19.7463
2.59 19.9192
2.6 20.0699
2.61 20.245
2.62 20.2866
2.63 20.3979
2.64 20.5561
2.65 20.7235
2.66 20.7725
2.67 20.8731
2.68 21.0247
2.69 21.2061
2.7 21.2238
2.71 21.4317
2.72 21.6007
2.73 21.7366
2.74 21.8636
2.75 21.9574
2.76 22.1856
2.77 22.3335
2.78 22.5339
2.79 22.6051
2.8 22.6896
2.81 22.7953
2.82 22.9998
2.83 23.0837
2.84 23.1755
2.85 23.3092
2.86 23.3369
2.87 23.3764
2.88 23.4549
2.89 23.5563
2.9 23.7202
2.91 23.8869
2.92 24.0336
2.93 24.153
2.94 24.2512
2.95 24.3251
2.96 24.4622
2.97 24.6109
2.98 24.8172
2.99 24.8783
3 25.1585
3.01 25.3354
3.02 25.4824
3.03 25.6178
3.04 25.7724
3.05 26.0254
3.06 26.2146
3.07 26.3981
3.08 26.4682
3.09 26.6117
3.1 26.5791
3.11 26.6792
3.12 26.767
3.13 27.0219
3.14 27.2144
3.15 27.2855
3.16 27.5304
3.17 27.6255
3.18 27.6313
3.19 27.6991
3.2 27.6108
3.21 27.7966
3.22 27.8586
3.23 28.1347
3.24 28.3326
3.25 28.5307
3.26 28.7623
3.27 28.8793
3.28 29.0207
3.29 29.1559
3.3 29.2755
3.31 29.5395
3.32 29.733
3.33 29.9612
3.34 30.0458
3.35 30.2416
3.36 30.3523
3.37 30.4854
3.38 30.6608
3.39 30.9731
3.4 31.1975
3.41 31.3472
3.42 31.4336
3.43 31.4825
3.44 31.5997
3.45 31.8012
3.46 31.909
3.47 32.0895
3.48 32.3122
3.49 32.38
3.5 32.5285
3.51 32.692
3.52 32.8546
3.53 33.0127
3.54 33.2804
3.55 33.5062
3.56 33.6125
3.57 33.7934
3.58 33.9232
3.59 34.0321
3.6 34.1878
3.61 34.3878
3.62 34.5414
3.63 34.6272
3.64 34.9106
3.65 35.0234
3.66 35.1242
3.67 35.3488
3.68 35.5719
3.69 35.6734
3.7 35.8613
3.71 35.9814
3.72 36.1514
3.73 36.2575
3.74 36.4588
3.75 36.7041
3.76 36.9128
3.77 36.9837
3.78 37.3355
3.79 37.4723
3.8 37.6258
3.81 37.8014
3.82 37.9551
3.83 37.94
3.84 37.9481
3.85 38.1064
3.86 38.3183
3.87 38.6579
3.88 38.8746
3.89 39.0113
3.9 39.1381
3.91 39.2012
3.92 39.5256
3.93 39.8509
3.94 40.0815
3.95 40.2639
3.96 40.3182
3.97 40.5234
3.98 40.6085
3.99 40.7188
4 40.7598
4.01 40.8686
4.02 41.0855
4.03 41.2603
4.04 41.4892
4.05 41.6977
4.06 41.7968
4.07 41.9503
4.08 42.1172
4.09 42.2256
4.1 42.2802
4.11 42.329
4.12 42.4688
4.13 42.7666
4.14 42.9472
4.15 43.2902
4.16 43.486
4.17 43.5498
4.18 43.7161
4.19 43.8923
4.2 44.0267
4.21 44.2083
4.22 44.4281
4.23 44.5936
4.24 44.7074
4.25 44.8085
4.26 44.9154
4.27 45.0532
4.28 45.3456
4.29 45.5012
4.3 45.7826
4.31 45.8299
4.32 45.9301
4.33 46.1313
4.34 46.3283
4.35 46.5978
4.36 46.7322
4.37 46.839
4.38 47.042
4.39 47.0662
4.4 47.2909
4.41 47.5343
4.42 47.7875
4.43 47.9588
4.44 48.3188
4.45 48.3205
4.46 48.499
4.47 48.6523
4.48 49.0575
4.49 49.1641
4.5 49.5279
4.51 49.6516
4.52 49.8028
4.53 49.9042
4.54 49.9354
4.55 50.0402
4.56 50.2206
4.57 50.3165
4.58 50.5543
4.59 50.7201
4.6 51.0184
4.61 51.1487
4.62 51.3223
4.63 51.5856
4.64 51.9907
4.65 52.1688
4.66 52.3651
4.67 52.583
4.68 52.8516
4.69 53.1098
4.7 53.185
4.71 53.4357
4.72 53.6138
4.73 53.5757
4.74 53.8522
4.75 54.1159
4.76 54.3054
4.77 54.5809
4.78 54.9784
4.79 55.2608
4.8 55.4419
4.81 55.6245
4.82 55.7086
4.83 55.8965
4.84 56.1742
4.85 56.2661
4.86 56.4844
4.87 56.627
4.88 56.8963
4.89 57.2107
4.9 57.4321
4.91 57.8832
4.92 57.896
4.93 58.1405
4.94 58.4418
4.95 58.6451
4.96 58.9443
4.97 59.0654
4.98 59.1939
4.99 59.447
5 59.6739
5.01 59.9786
5.02 60.2096
5.03 60.4245
5.04 60.6623
5.05 60.889
5.06 61.0799
5.07 61.3109
5.08 61.5125
5.09 61.7041
5.1 61.8073
5.11 61.9074
5.12 61.8237
5.13 62.0467
5.14 62.3017
5.15 62.4427
5.16 62.6139
5.17 62.8632
5.18 63.0949
5.19 63.4563
5.2 63.8038
5.21 64.059
5.22 64.4823
5.23 64.6121
5.24 64.8048
5.25 65.2535
5.26 65.4789
5.27 65.8218
5.28 66.2228
5.29 66.5475
5.3 66.5269
5.31 66.5949
5.32 67.0072
5.33 67.358
5.34 67.4647
5.35 67.5767
5.36 67.9045
5.37 68.0068
5.38 68.009
5.39 68.3754
5.4 68.7901
5.41 68.9641
5.42 69.3772
5.43 69.4267
5.44 69.7242
5.45 69.9677
5.46 69.9692
5.47 70.1133
5.48 70.1565
5.49 70.5165
5.5 70.8858
5.51 71.2977
5.52 71.5175
5.53 71.7732
5.54 72.0649
5.55 72.1462
5.56 72.5034
5.57 72.7968
5.58 73.1032
5.59 73.4558
5.6 73.7175
5.61 74.0839
5.62 74.3185
5.63 74.642
5.64 74.9261
5.65 75.0627
5.66 75.3696
5.67 75.6422
5.68 75.842
5.69 76.0292
5.7 76.4857
5.71 76.5336
5.72 76.8822
5.73 77.1779
5.74 77.3054
5.75 77.7675
5.76 78.0832
5.77 78.4943
5.78 78.6208
5.79 78.7038
5.8 78.9626
5.81 79.3481
5.82 79.7012
5.83 79.8753
5.84 80.1826
5.85 80.5092
5.86 80.7073
5.87 81.0012
5.88 81.2102
5.89 81.4072
5.9 81.6836
5.91 81.8839
5.92 82.1836
5.93 82.4653
5.94 82.8684
5.95 83.017
5.96 83.0703
5.97 83.2049
5.98 83.5579
5.99 83.8945
6 84.235
6.01 84.2673
6.02 84.3504
6.03 84.6812
6.04 84.9833
6.05 85.2252
6.06 85.5
6.07 85.7563
6.08 85.9203
6.09 86.0839
6.1 86.2801
6.11 86.4195
6.12 86.7329
6.13 87.1339
6.14 87.5794
6.15 87.725
6.16 87.9057
6.17 88.1519
6.18 88.504
6.19 88.7803
6.2 89.0589
6.21 89.4422
6.22 89.711
6.23 90.1546
6.24 90.447
6.25 90.7261
6.26 90.9529
6.27 91.4432
6.28 91.6071
6.29 91.9618
6.3 92.296
6.31 92.5683
6.32 92.7137
6.33 93.0852
6.34 93.3138
6.35 93.7098
6.36 93.8984
6.37 94.2209
6.38 94.5698
6.39 94.6992
6.4 95.1161
6.41 95.4358
6.42 95.6493
6.43 95.9798
6.44 96.3695
6.45 96.7364
6.46 96.8894
6.47 97.1772
6.48 97.4234
6.49 97.7753
6.5 97.9511
6.51 98.2885
6.52 98.494
6.53 99.102
6.54 99.4369
6.55 99.4753
6.56 99.5011
6.57 99.6065
6.58 99.872
6.59 99.8522
6.6 99.975
6.61 100.292
6.62 100.712
6.63 100.92
6.64 101.383
6.65 101.444
6.66 101.836
6.67 102.018
6.68 102.197
6.69 102.546
6.7 102.604
6.71 102.802
6.72 102.91
6.73 103.032
6.74 103.662
6.75 103.812
6.76 104.197
6.77 104.573
6.78 104.858
6.79 104.97
6.8 105.272
6.81 105.584
6.82 105.987
6.83 106.349
6.84 106.643
6.85 107.026
6.86 107.362
6.87 107.875
6.88 108.07
6.89 108.38
6.9 108.535
6.91 108.822
6.92 109.156
6.93 109.441
6.94 109.843
6.95 109.918
6.96 110.25
6.97 110.455
6.98 110.546
6.99 110.859
7 111.26
7.01 111.623
7.02 111.992
7.03 112.507
7.04 112.8
7.05 113.174
7.06 113.556
7.07 113.677
7.08 114.169
7.09 114.749
7.1 114.959
7.11 114.945
7.12 115.162
7.13 115.452
7.14 115.562
7.15 115.746
7.16 115.831
7.17 116.076
7.18 116.738
7.19 117.047
7.2 117.274
7.21 117.588
7.22 117.912
7.23 118.27
7.24 118.4
7.25 118.492
7.26 118.64
7.27 118.906
7.28 119.173
7.29 119.468
7.3 119.886
7.31 120.357
7.32 121.063
7.33 121.4
7.34 121.658
7.35 122.215
7.36 122.394
7.37 122.874
7.38 123.115
7.39 123.494
7.4 123.889
7.41 124.08
7.42 124.249
7.43 124.353
7.44 124.67
7.45 124.932
7.46 125.34
7.47 125.541
7.48 125.903
7.49 126.207
7.5 126.804
7.51 127.293
7.52 127.821
7.53 128.005
7.54 128.317
7.55 128.57
7.56 128.883
7.57 129.383
7.58 129.931
7.59 130.485
7.6 130.742
7.61 131.166
7.62 131.506
7.63 131.734
7.64 131.981
7.65 132.272
7.66 132.415
7.67 132.63
7.68 132.691
7.69 133.484
7.7 133.588
7.71 133.874
7.72 133.917
7.73 134.385
7.74 134.847
7.75 135.085
7.76 135.434
7.77 136.014
7.78 136.382
7.79 136.638
7.8 136.86
7.81 136.999
7.82 137.231
7.83 137.779
7.84 137.931
7.85 138.344
7.86 138.61
7.87 139.209
7.88 139.282
7.89 139.477
7.9 139.483
7.91 139.443
7.92 139.812
7.93 140.324
7.94 140.466
7.95 140.711
7.96 141.068
7.97 141.406
7.98 141.638
7.99 142.53
8 142.802
8.01 143.019
8.02 143.497
8.03 143.738
8.04 144.272
8.05 144.462
8.06 145.039
8.07 145.302
8.08 145.262
8.09 145.533
8.1 145.938
8.11 146.208
8.12 146.328
8.13 146.422
8.14 146.599
8.15 147.051
8.16 147.262
8.17 147.535
8.18 148.341
8.19 148.556
8.2 148.949
8.21 149.258
8.22 149.473
8.23 149.629
8.24 149.907
8.25 150.174
8.26 150.456
8.27 150.993
8.28 151.427
8.29 151.696
8.3 151.708
8.31 151.945
8.32 152.433
8.33 152.888
8.34 153.396
8.35 153.562
8.36 153.784
8.37 153.965
8.38 153.884
8.39 154.106
8.4 154.458
8.41 155.151
8.42 155.431
8.43 155.494
8.44 155.864
8.45 156.182
8.46 156.382
8.47 156.685
8.48 156.977
8.49 157.198
8.5 157.348
8.51 157.552
8.52 157.973
8.53 158.312
8.54 158.998
8.55 159.438
8.56 160.07
8.57 160.205
8.58 160.572
8.59 161.364
8.6 161.958
8.61 162.696
8.62 162.927
8.63 163.356
8.64 163.928
8.65 163.899
8.66 164.066
8.67 164.629
8.68 165.167
8.69 165.298
8.7 165.907
8.71 166.364
8.72 166.304
8.73 166.437
8.74 167.06
8.75 167.773
8.76 168.019
8.77 167.987
8.78 168.303
8.79 169.155
8.8 169.377
8.81 169.632
8.82 170.036
8.83 170.543
8.84 171.106
8.85 171.683
8.86 171.747
8.87 171.964
8.88 172.52
8.89 172.76
8.9 173.257
8.91 173.937
8.92 174.042
8.93 174.33
8.94 174.689
8.95 175.284
8.96 175.631
8.97 176.281
8.98 176.653
8.99 176.73
9 177.067
9.01 177.483
9.02 177.821
9.03 178.234
9.04 178.462
9.05 178.757
9.06 179.053
9.07 179.246
9.08 179.569
9.09 180.108
9.1 180.44
9.11 180.853
9.12 181.235
9.13 181.724
9.14 181.932
9.15 182.439
9.16 182.559
9.17 183.019
9.18 183.459
9.19 184.03
9.2 184.443
9.21 185.182
9.22 185.188
9.23 184.974
9.24 185.332
9.25 185.645
9.26 186.352
9.27 186.614
9.28 187.09
9.29 187.553
9.3 187.818
9.31 188.543
9.32 189.104
9.33 189.726
9.34 190.188
9.35 190.245
9.36 190.529
9.37 190.777
9.38 191.166
9.39 191.294
9.4 191.843
9.41 192.005
9.42 192.256
9.43 192.698
9.44 193.236
9.45 193.545
9.46 193.985
9.47 194.005
9.48 194.508
9.49 194.861
9.5 195.172
9.51 195.346
9.52 195.567
9.53 196.34
9.54 196.681
9.55 197.074
9.56 196.925
9.57 197.551
9.58 197.98
9.59 198.376
9.6 198.361
9.61 198.845
9.62 198.868
9.63 198.778
9.64 199.372
9.65 199.717
9.66 199.975
9.67 200.558
9.68 201.401
9.69 201.765
9.7 202.26
9.71 202.608
9.72 203.08
9.73 203.283
9.74 203.416
9.75 203.848
9.76 204.077
9.77 204.297
9.78 204.627
9.79 205.117
9.8 205.7
9.81 206.075
9.82 206.392
9.83 206.983
9.84 207.155
9.85 207.611
9.86 208.119
9.87 208.66
9.88 209.106
9.89 209.426
9.9 209.914
9.91 210.431
9.92 211.445
9.93 212.176
9.94 212.64
9.95 212.983
9.96 213.057
9.97 213.631
9.98 213.668
9.99 214.081
10 214.506
10.01 214.676
10.02 214.891
10.03 215.223
10.04 215.832
10.05 215.839
10.06 216.357
10.07 216.992
10.08 217.629
10.09 218.072
10.1 218.52
10.11 219.162
10.12 219.732
10.13 220.057
10.14 220.479
10.15 220.569
10.16 221.118
10.17 222.077
10.18 222.468
10.19 222.451
10.2 223.028
10.21 223.538
10.22 223.633
10.23 223.993
10.24 224.647
10.25 224.836
10.26 225.166
10.27 225.477
10.28 225.948
10.29 225.962
10.3 226.318
10.31 226.732
10.32 227.572
10.33 228.123
10.34 228.325
10.35 228.678
10.36 229.215
10.37 229.679
10.38 229.992
10.39 229.975
10.4 230.55
10.41 230.751
10.42 230.711
10.43 230.981
10.44 230.802
10.45 231.277
10.46 232.185
10.47 232.339
10.48 232.803
10.49 233.336
10.5 233.828
10.51 234.108
10.52 234.412
10.53 234.626
10.54 235.226
10.55 235.815
10.56 236.121
10.57 236.703
10.58 237.269
10.59 237.679
10.6 238.014
10.61 238.549
10.62 239.074
10.63 239.655
10.64 239.971
10.65 240.398
10.66 240.943
10.67 241.382
10.68 241.791
10.69 242.333
10.7 242.875
10.71 243.064
10.72 243.915
10.73 244.168
10.74 244.12
10.75 244.259
10.76 244.254
10.77 244.575
10.78 245.142
10.79 245.81
10.8 246.026
10.81 246.199
10.82 246.632
10.83 247.329
10.84 247.926
10.85 247.822
10.86 248.234
10.87 248.513
10.88 249.028
10.89 249.157
10.9 249.572
10.91 249.942
10.92 250.069
10.93 250.488
10.94 250.473
10.95 250.848
10.96 251.066
10.97 251.769
10.98 252.261
10.99 252.629
11 253.028
11.01 253.277
11.02 253.566
11.03 254.123
11.04 254.92
11.05 255.528
11.06 255.919
11.07 256.156
11.08 256.772
11.09 257.056
11.1 257.477
11.11 257.986
11.12 258.053
11.13 258.254
11.14 258.643
11.15 259.254
11.16 259.667
11.17 259.708
11.18 260.346
11.19 260.543
11.2 261.637
11.21 262.244
11.22 262.691
11.23 262.839
11.24 263.216
11.25 263.831
11.26 263.971
11.27 264.122
11.28 264.242
11.29 264.637
11.3 264.973
11.31 265.471
11.32 265.79
11.33 266.039
11.34 266.29
11.35 266.637
11.36 267.044
11.37 267.417
11.38 267.521
11.39 267.823
11.4 268.116
11.41 268.376
11.42 268.571
11.43 268.69
11.44 269.711
11.45 270.354
11.46 270.965
11.47 271.232
11.48 271.682
11.49 272.204
11.5 272.917
11.51 273.459
11.52 273.901
11.53 274.417
11.54 275.077
11.55 275.335
11.56 276.181
11.57 276.471
11.58 276.674
11.59 276.885
11.6 277.135
11.61 277.101
11.62 277.892
11.63 278.223
11.64 278.67
11.65 279.251
11.66 279.419
11.67 279.983
11.68 280.463
11.69 280.749
11.7 281.492
11.71 282.163
11.72 282.364
11.73 282.882
11.74 283.345
11.75 283.969
11.76 284.648
11.77 284.917
11.78 285.513
11.79 285.978
11.8 286.239
11.81 286.816
11.82 287.46
11.83 287.939
11.84 288.021
11.85 287.858
11.86 288.255
11.87 288.401
11.88 288.395
11.89 289.187
11.9 289.298
11.91 289.955
11.92 290.15
11.93 290.674
11.94 291.134
11.95 291.463
11.96 291.489
11.97 292.055
11.98 292.731
11.99 293.515
12 294.013
12.01 294.412
12.02 294.861
12.03 295.318
12.04 295.766
12.05 296.163
12.06 296.729
12.07 297.448
12.08 297.996
12.09 298.624
12.1 299.116
12.11 299.655
12.12 300.061
12.13 300.184
12.14 300.613
12.15 301.199
12.16 301.825
12.17 302.319
12.18 302.793
12.19 303.315
12.2 303.682
12.21 303.912
12.22 303.936
12.23 304.228
12.24 304.414
12.25 304.384
12.26 304.37
12.27 304.952
12.28 304.979
12.29 305.788
12.3 306.277
12.31 306.873
12.32 307.146
12.33 308.112
12.34 308.679
12.35 308.79
12.36 308.757
12.37 309.473
12.38 309.98
12.39 310.599
12.4 310.879
12.41 311.14
12.42 311.304
12.43 311.597
12.44 312.061
12.45 312.501
12.46 312.665
12.47 312.787
12.48 313.743
12.49 313.839
12.5 314.529
12.51 314.931
12.52 315.084
12.53 315.499
12.54 315.873
12.55 316.418
12.56 316.936
12.57 317.2
12.58 317.54
12.59 317.675
12.6 318.089
12.61 318.441
12.62 319.1
12.63 319.198
12.64 319.875
12.65 320.319
12.66 320.859
12.67 321.677
12.68 322.142
12.69 323.054
12.7 323.688
12.71 323.673
12.72 324.61
12.73 324.632
12.74 324.935
12.75 325.419
12.76 326.153
12.77 326.966
12.78 326.881
12.79 326.979
12.8 327.289
12.81 327.498
12.82 328.153
12.83 328.571
12.84 329.273
12.85 329.638
12.86 330.498
12.87 330.691
12.88 330.97
12.89 331.532
12.9 331.799
12.91 332.221
12.92 332.094
12.93 332.524
12.94 333.037
12.95 333.52
12.96 333.778
12.97 334.299
12.98 334.546
12.99 335.322
13 335.395
13.01 335.953
13.02 336.726
13.03 337.143
13.04 337.701
13.05 337.929
13.06 338.199
13.07 338.477
13.08 338.622
13.09 338.987
13.1 339.453
13.11 339.818
13.12 340.297
13.13 340.603
13.14 340.786
13.15 341.7
13.16 342.701
13.17 343.076
13.18 343.216
13.19 343.563
13.2 344.1
13.21 344.615
13.22 344.981
13.23 345.138
13.24 345.04
13.25 345.383
13.26 345.646
13.27 346.18
13.28 346.623
13.29 347.059
13.3 347.622
13.31 348.111
13.32 348.331
13.33 349.038
13.34 349.744
13.35 350.451
13.36 350.93
13.37 351.729
13.38 352.014
13.39 352.34
13.4 352.763
13.41 352.976
13.42 353.211
13.43 353.385
13.44 354.121
13.45 354.608
13.46 354.717
13.47 355.569
13.48 356.021
13.49 356.336
13.5 356.665
13.51 357.24
13.52 357.535
13.53 358.225
13.54 358.251
13.55 358.749
13.56 359.97
13.57 360.117
13.58 360.481
13.59 360.969
13.6 361.604
13.61 362.42
13.62 363.015
13.63 363.364
13.64 363.536
13.65 363.71
13.66 363.841
13.67 364.5
13.68 365.534
13.69 366.098
13.7 366.269
13.71 367.016
13.72 367.656
13.73 367.999
13.74 367.959
13.75 368.337
13.76 368.689
13.77 368.891
13.78 369.476
13.79 370.166
13.8 370.516
13.81 370.706
13.82 370.74
13.83 371.001
13.84 371.417
13.85 372.4
13.86 373.37
13.87 373.63
13.88 374.306
13.89 374.523
13.9 374.981
13.91 375.547
13.92 375.822
13.93 376.121
13.94 376.67
13.95 377.226
13.96 377.941
13.97 378.53
13.98 378.07
13.99 378.34
14 378.977
14.01 378.856
14.02 379.948
14.03 380.434
14.04 380.594
14.05 381.158
14.06 381.581
14.07 382.171
14.08 382.728
14.09 383.117
14.1 383.561
14.11 383.972
14.12 384.352
14.13 385.432
14.14 385.41
14.15 386.063
14.16 386.815
14.17 387.177
14.18 387.579
14.19 387.449
14.2 387.745
14.21 388.012
14.22 388.607
14.23 388.871
14.24 389.759
14.25 389.969
14.26 389.948
14.27 390.695
14.28 391.139
14.29 391.93
14.3 391.952
14.31 392.338
14.32 393.089
14.33 393.333
14.34 393.453
14.35 393.793
14.36 394.247
14.37 394.891
14.38 394.988
14.39 395.192
14.4 395.693
14.41 396.686
14.42 397.283
14.43 397.548
14.44 398.341
14.45 398.801
14.46 399.58
14.47 400.005
14.48 400.198
14.49 400.931
14.5 401.194
14.51 401.741
14.52 402.082
14.53 402.434
14.54 402.96
14.55 403.164
14.56 403.591
14.57 403.59
14.58 403.886
14.59 404.469
14.6 405.758
14.61 406.557
14.62 406.877
14.63 407.576
14.64 408.356
14.65 408.956
14.66 409.159
14.67 409.651
14.68 410.044
14.69 410.485
14.7 411.21
14.71 412.111
14.72 412.436
14.73 413.335
14.74 413.749
14.75 413.958
14.76 414.274
14.77 415.097
14.78 415.66
14.79 416.027
14.8 416.91
14.81 417.939
14.82 418.639
14.83 419.528
14.84 420.35
14.85 420.864
14.86 421.05
14.87 420.95
14.88 421.396
14.89 421.717
14.9 422.434
14.91 422.93
14.92 423.502
14.93 423.845
14.94 424.251
14.95 424.496
14.96 424.998
14.97 425.491
14.98 426.307
14.99 426.177
15 426.183
15.01 426.571
15.02 426.845
15.03 427.475
15.04 427.903
15.05 428.111
15.06 428.127
15.07 428.911
15.08 429.486
15.09 430.078
15.1 430.051
15.11 430.467
15.12 431.243
15.13 431.709
15.14 432.035
15.15 432.492
15.16 432.711
15.17 433.191
15.18 433.794
15.19 434.72
15.2 434.926
15.21 435.15
15.22 435.507
15.23 436.88
15.24 437.587
15.25 438.269
15.26 438.834
15.27 439.168
15.28 439.428
15.29 440.001
15.3 439.993
15.31 440.153
15.32 440.695
15.33 441.407
15.34 442.032
15.35 442.654
15.36 443.54
15.37 444.187
15.38 444.906
15.39 445.308
15.4 445.92
15.41 445.9
15.42 446.468
15.43 447.624
15.44 447.607
15.45 448.037
15.46 448.254
15.47 448.291
15.48 448.88
15.49 449.862
15.5 450.258
15.51 450.311
15.52 450.703
15.53 451.347
15.54 451.892
15.55 452.678
15.56 453.272
15.57 453.477
15.58 454.758
15.59 455.104
15.6 455.373
15.61 455.992
15.62 456.694
15.63 457.553
15.64 458.054
15.65 458.595
15.66 459.476
15.67 459.76
15.68 460.341
15.69 460.96
15.7 461.788
15.71 461.986
15.72 462.81
15.73 463.623
15.74 464.45
15.75 464.795
15.76 464.946
15.77 465.88
15.78 466.501
15.79 467.152
15.8 467.791
15.81 468.278
15.82 468.378
15.83 469.41
15.84 469.387
15.85 469.555
15.86 470.11
15.87 470.69
15.88 471.055
15.89 471.657
15.9 472.477
15.91 473.066
15.92 473.964
15.93 474.338
15.94 474.908
15.95 475.459
15.96 475.03
15.97 475.76
15.98 476.096
15.99 477.126
16 477.618
16.01 477.89
16.02 478.782
16.03 479.945
16.04 480.391
16.05 481.071
16.06 481.745
16.07 482.267
16.08 482.675
16.09 483.663
16.1 484.341
16.11 484.939
16.12 485.348
16.13 486.333
16.14 487.414
16.15 487.513
16.16 487.728
16.17 488.148
16.18 489.304
16.19 489.758
16.2 490.602
16.21 490.922
16.22 491.399
16.23 491.942
16.24 491.655
16.25 492.233
16.26 492.643
16.27 493.019
16.28 493.871
16.29 494.278
16.3 495.19
16.31 495.131
16.32 495.447
16.33 495.925
16.34 496.717
16.35 497.956
16.36 498.457
16.37 499.102
16.38 499.451
16.39 500.274
16.4 500.551
16.41 500.701
16.42 501.296
16.43 501.845
16.44 502.008
16.45 502.091
16.46 503.24
16.47 504.283
16.48 504.796
16.49 505.317
16.5 506.254
16.51 507.403
16.52 508.044
16.53 508.76
16.54 509.607
16.55 509.816
16.56 510.22
16.57 510.86
16.58 511.178
16.59 511.528
16.6 511.935
16.61 512.61
16.62 512.415
16.63 512.588
16.64 513.685
16.65 514.434
16.66 515.055
16.67 515.48
16.68 515.965
16.69 516.805
16.7 516.983
16.71 517.553
16.72 518.34
16.73 519.125
16.74 519.205
16.75 520.444
16.76 521.033
16.77 521.622
16.78 522.337
16.79 522.533
16.8 522.956
16.81 523.564
16.82 523.969
16.83 524.623
16.84 524.654
16.85 524.775
16.86 525.331
16.87 526.27
16.88 527.012
16.89 527.739
16.9 528.249
16.91 528.846
16.92 528.883
16.93 530.026
16.94 530.335
16.95 530.416
16.96 530.873
16.97 530.829
16.98 531.38
16.99 531.744
17 532.658
17.01 533.124
17.02 534.033
17.03 534.569
17.04 535.022
17.05 535.401
17.06 535.662
17.07 536.254
17.08 536.333
17.09 536.79
17.1 537.808
17.11 538.691
17.12 540.046
17.13 540.293
17.14 540.815
17.15 541.416
17.16 541.675
17.17 542.091
17.18 542.693
17.19 543.793
17.2 544.314
17.21 545.257
17.22 545.402
17.23 545.824
17.24 546.006
17.25 546.6
17.26 547.112
17.27 548.714
17.28 549.787
17.29 550.525
17.3 551.137
17.31 551.065
17.32 552.031
17.33 552.18
17.34 552.389
17.35 552.524
17.36 552.721
17.37 553.729
17.38 554.134
17.39 554.342
17.4 555.075
17.41 555.303
17.42 555.313
17.43 556.013
17.44 556.218
17.45 556.568
17.46 557.176
17.47 557.837
17.48 558.129
17.49 558.363
17.5 559.204
17.51 559.615
17.52 560.312
17.53 560.622
17.54 561.76
17.55 562.652
17.56 562.914
17.57 563.532
17.58 563.908
17.59 564.14
17.6 564.204
17.61 565.16
17.62 566.168
17.63 567.115
17.64 567.454
17.65 567.961
17.66 568.108
17.67 569.435
17.68 570.134
17.69 570.857
17.7 570.925
17.71 571.964
17.72 572.737
17.73 573.309
17.74 573.878
17.75 574.98
17.76 575.489
17.77 575.947
17.78 575.854
17.79 576.247
17.8 577.098
17.81 577.955
17.82 578.316
17.83 578.435
17.84 578.591
17.85 578.981
17.86 579.683
17.87 579.938
17.88 580.314
17.89 580.975
17.9 581.686
17.91 582.366
17.92 582.597
17.93 582.77
17.94 583.716
17.95 584.387
17.96 584.408
17.97 584.524
17.98 585.476
17.99 586.723
18 587.255
18.01 588.333
18.02 589.152
18.03 589.834
18.04 590.711
18.05 591.172
18.06 591.823
18.07 592.88
18.08 593.051
18.09 593.617
18.1 594.416
18.11 594.944
18.12 596.023
18.13 596.759
18.14 597.276
18.15 598.26
18.16 598.82
18.17 599.673
18.18 599.708
18.19 600.077
18.2 600.919
18.21 601.78
18.22 601.889
18.23 602.206
18.24 602.365
18.25 602.581
18.26 602.891
18.27 603.529
18.28 604.223
18.29 604.723
18.3 605.37
18.31 606.354
18.32 607.31
18.33 607.506
18.34 608.15
18.35 608.261
18.36 608.487
18.37 608.79
18.38 610.08
18.39 610.562
18.4 611.515
18.41 611.685
18.42 612.512
18.43 613.508
18.44 613.73
18.45 613.94
18.46 614.764
18.47 615.387
18.48 616.078
18.49 616.592
18.5 617.294
18.51 617.827
18.52 618.512
18.53 619.316
18.54 619.694
18.55 620.064
18.56 619.93
18.57 620.626
18.58 621.133
18.59 622.009
18.6 621.744
18.61 622.396
18.62 623.528
18.63 623.845
18.64 623.718
18.65 624.915
18.66 625.85
18.67 627.523
18.68 628.324
18.69 628.562
18.7 628.949
18.71 629.78
18.72 630.107
18.73 630.692
18.74 631.542
18.75 631.784
18.76 632.078
18.77 633.14
18.78 633.416
18.79 633.56
18.8 633.994
18.81 634.555
18.82 634.851
18.83 635.683
18.84 636.482
18.85 637.861
18.86 637.759
18.87 638.189
18.88 639.215
18.89 639.99
18.9 639.597
18.91 640.376
18.92 640.928
18.93 641.841
18.94 642.405
18.95 643.369
18.96 643.398
18.97 643.983
18.98 644.892
18.99 646.002
19 646.064
19.01 646.659
19.02 646.507
19.03 647.953
19.04 648.887
19.05 649.77
19.06 650.442
19.07 651.051
19.08 651.152
19.09 652.139
19.1 653.286
19.11 653.504
19.12 654.407
19.13 655.207
19.14 655.789
19.15 656.955
19.16 657.924
19.17 658.345
19.18 658.253
19.19 659.101
19.2 660.167
19.21 660.783
19.22 660.909
19.23 661.288
19.24 661.167
19.25 661.763
19.26 662.367
19.27 662.595
19.28 663.557
19.29 664.688
19.3 665.12
19.31 665.996
19.32 666.673
19.33 666.855
19.34 667.543
19.35 667.705
19.36 668.073
19.37 668.965
19.38 669.678
19.39 670.652
19.4 671.023
19.41 671.884
19.42 672.228
19.43 673.058
19.44 673.935
19.45 674.276
19.46 675.189
19.47 675.005
19.48 674.732
19.49 675.037
19.5 674.384
19.51 674.918
19.52 675.338
19.53 676.296
19.54 676.976
19.55 677.969
19.56 678.266
19.57 678.433
19.58 678.866
19.59 679.198
19.6 680.12
19.61 680.619
19.62 681.316
19.63 681.657
19.64 682.869
19.65 683.208
19.66 683.873
19.67 683.578
19.68 684.148
19.69 684.035
19.7 684.459
19.71 685.878
19.72 686.094
19.73 686.656
19.74 687.082
19.75 688.354
19.76 689.075
19.77 689.459
19.78 689.65
19.79 689.723
19.8 690.172
19.81 690.994
19.82 692.353
19.83 693.388
19.84 694.343
19.85 695.281
19.86 695.991
19.87 696.635
19.88 696.703
19.89 697.639
19.9 698.143
19.91 698.817
19.92 699.621
19.93 699.97
19.94 700.516
19.95 701.256
19.96 701.519
19.97 702.488
19.98 703.768
19.99 703.949
20 704.446
20.01 705.047
20.02 706.073
20.03 707.29
20.04 707.742
20.05 708.423
20.06 708.813
20.07 709.107
20.08 708.78
20.09 709.144
20.1 709.863
20.11 710.024
20.12 710.633
20.13 711.273
20.14 711.644
20.15 711.666
20.16 712.429
20.17 712.737
20.18 712.623
20.19 713.729
20.2 713.494
20.21 713.942
20.22 714.693
20.23 714.968
20.24 715.082
20.25 715.344
20.26 715.494
20.27 716.208
20.28 716.82
20.29 716.978
20.3 717.394
20.31 717.851
20.32 718.907
20.33 719.72
20.34 719.962
20.35 720.741
20.36 721.623
20.37 721.515
20.38 722.142
20.39 723.202
20.4 722.663
20.41 723.343
20.42 723.23
20.43 723.356
20.44 723.527
20.45 723.647
20.46 724.747
20.47 725.675
20.48 726.191
20.49 726.666
20.5 726.811
20.51 727.305
20.52 728.482
20.53 730.065
20.54 730.589
20.55 731.171
20.56 731.707
20.57 731.919
20.58 732.529
20.59 733.136
20.6 733.771
20.61 734.849
20.62 736.005
20.63 737.123
20.64 737.979
20.65 738.613
20.66 738.855
20.67 739.63
20.68 739.93
20.69 740.372
20.7 741.156
20.71 741.771
20.72 741.915
20.73 742.889
20.74 743.583
20.75 745.135
20.76 746.366
20.77 746.649
20.78 746.755
20.79 746.78
20.8 747.947
20.81 748.42
20.82 749.072
20.83 749.769
20.84 750.469
20.85 751.171
20.86 751.695
20.87 752.765
20.88 752.927
20.89 753.071
20.9 753.397
20.91 754.237
20.92 755.072
20.93 754.765
20.94 754.981
20.95 756.111
20.96 756.34
20.97 756.935
20.98 756.579
20.99 757.606
21 758.685
21.01 760.146
21.02 760.752
21.03 761.475
21.04 762.775
21.05 763.816
21.06 764.077
21.07 765.073
21.08 765.705
21.09 765.831
21.1 767.962
21.11 769.503
21.12 770.055
21.13 770.704
21.14 770.914
21.15 771.992
21.16 772.33
21.17 772.146
21.18 772.514
21.19 773.033
21.2 773.428
21.21 774.004
21.22 775.149
21.23 775.444
21.24 775.507
21.25 775.697
21.26 775.42
21.27 775.459
21.28 776.163
21.29 776.681
21.3 777.261
21.31 777.711
21.32 778.32
21.33 778.82
21.34 779.702
21.35 780.171
21.36 780.872
21.37 781.307
21.38 782.195
21.39 783.181
21.4 784.155
21.41 784.991
21.42 785.61
21.43 786.607
21.44 786.577
21.45 787.21
21.46 788.248
21.47 789.409
21.48 789.682
21.49 790.333
21.5 790.816
21.51 791.491
21.52 792.279
21.53 792.782
21.54 793.095
21.55 793.646
21.56 794.386
21.57 794.94
21.58 795.393
21.59 796.051
21.6 796.447
21.61 797.359
21.62 797.42
21.63 797.727
21.64 798.257
21.65 798.882
21.66 799.459
21.67 800.252
21.68 800.639
21.69 801.414
21.7 801.997
21.71 802.799
21.72 803.964
21.73 804.381
21.74 805.112
21.75 806.441
21.76 806.58
21.77 808.009
21.78 808.74
21.79 809.315
21.8 809.503
21.81 810.325
21.82 811.363
21.83 811.396
21.84 812.116
21.85 812.33
21.86 813.745
21.87 814.607
21.88 815.559
21.89 815.621
21.9 816.057
21.91 816.56
21.92 816.33
21.93 817.45
21.94 817.558
21.95 818.536
21.96 819.867
21.97 819.836
21.98 820.874
21.99 821.714
22 822.166
22.01 822.201
22.02 822.773
22.03 823.971
22.04 824.315
22.05 825.259
22.06 825.853
22.07 825.237
22.08 826.269
22.09 826.937
22.1 827.164
22.11 828.317
22.12 829.141
22.13 829.584
22.14 829.802
22.15 830.376
22.16 831.03
22.17 832.059
22.18 832.638
22.19 833.586
22.2 834.044
22.21 834.659
22.22 834.891
22.23 834.989
22.24 835.855
22.25 837.115
22.26 837.891
22.27 838.114
22.28 838.665
22.29 839.822
22.3 840.519
22.31 841.337
22.32 841.939
22.33 842.091
22.34 843.391
22.35 844.271
22.36 844.577
22.37 845.301
22.38 845.277
22.39 845.942
22.4 846.577
22.41 846.927
22.42 847.384
22.43 847.568
22.44 848.033
22.45 850.081
22.46 849.848
22.47 850.516
22.48 851.375
22.49 851.677
22.5 852.411
22.51 853.309
22.52 853.923
22.53 854.918
22.54 855.138
22.55 856.408
22.56 856.641
22.57 857.586
22.58 858.738
22.59 858.818
22.6 860.127
22.61 861.566
22.62 861.607
22.63 861.421
22.64 862.66
22.65 863.799
22.66 864.869
22.67 865.32
22.68 866.606
22.69 867.666
22.7 868.814
22.71 870.086
22.72 870.967
22.73 871.559
22.74 872.588
22.75 873.484
22.76 874.24
22.77 874.618
22.78 875.056
22.79 876.283
22.8 876.4
22.81 877.478
22.82 877.597
22.83 878.565
22.84 880.155
22.85 881.311
22.86 881.511
22.87 882.297
22.88 882.731
22.89 882.934
22.9 883.936
22.91 883.732
22.92 884.686
22.93 885.452
22.94 886.173
22.95 887.01
22.96 887.414
22.97 888.154
22.98 889.691
22.99 890.759
23 891.32
23.01 892.429
23.02 892.552
23.03 893.176
23.04 893.674
23.05 894.387
23.06 894.429
23.07 895.025
23.08 895.738
23.09 896.308
23.1 895.832
23.11 896.843
23.12 897.204
23.13 897.64
23.14 897.721
23.15 898.18
23.16 898.22
23.17 898.63
23.18 898.901
23.19 900.056
23.2 900.659
23.21 901.176
23.22 900.861
23.23 901.512
23.24 902.365
23.25 902.881
23.26 903.189
23.27 904.371
23.28 905.484
23.29 906.45
23.3 906.847
23.31 906.8
23.32 907.47
23.33 908.806
23.34 909.485
23.35 910.123
23.36 911.922
23.37 912.787
23.38 913.129
23.39 914.148
23.4 914.824
23.41 916.038
23.42 917.472
23.43 917.566
23.44 918.279
23.45 918.729
23.46 919.57
23.47 920.714
23.48 921.611
23.49 922.306
23.5 923.48
23.51 924.162
23.52 924.679
23.53 925.366
23.54 926.413
23.55 927.814
23.56 928.266
23.57 928.96
23.58 929.198
23.59 929.147
23.6 929.706
23.61 931.003
23.62 931.634
23.63 931.792
23.64 931.748
23.65 932.292
23.66 933.676
23.67 934.343
23.68 934.926
23.69 935.303
23.7 936.228
23.71 936.841
23.72 937.308
23.73 938.233
23.74 939.312
23.75 938.949
23.76 939.386
23.77 941.142
23.78 942.441
23.79 943.648
23.8 944.956
23.81 945.766
23.82 947.132
23.83 948.143
23.84 948.628
23.85 949.002
23.86 949.314
23.87 950.232
23.88 950.933
23.89 951.566
23.9 952.22
23.91 952.899
23.92 953.097
23.93 954.417
23.94 955.046
23.95 955.711
23.96 955.918
23.97 956.698
23.98 958.297
23.99 959.397
24 960.407
24.01 961.056
24.02 961.43
24.03 961.942
24.04 963.139
24.05 963.613
24.06 964.762
24.07 965.992
24.08 966.707
24.09 967.135
24.1 967.964
24.11 969.334
24.12 970.213
24.13 970.686
24.14 971.751
24.15 971.906
24.16 972.634
24.17 973.308
24.18 973.574
24.19 975.028
24.2 975.625
24.21 976.011
24.22 976.205
24.23 976.621
24.24 977.775
24.25 978.584
24.26 979.683
24.27 981.006
24.28 981.304
24.29 981.272
24.3 981.934
24.31 981.709
24.32 982.749
24.33 984.12
24.34 984.119
24.35 984.821
24.36 986.071
24.37 987.447
24.38 989.24
24.39 990.221
24.4 990.545
24.41 991.863
24.42 992.445
24.43 993.084
24.44 993.696
24.45 993.607
24.46 995.092
24.47 995.472
24.48 995.526
24.49 995.89
24.5 997.138
24.51 998.289
24.52 998.454
24.53 999.033
24.54 1000.1
24.55 1000.67
24.56 1001.44
24.57 1001.73
24.58 1001.53
24.59 1002.04
24.6 1002.15
24.61 1003.09
24.62 1004.41
24.63 1004.39
24.64 1005.28
24.65 1006.74
24.66 1007.5
24.67 1008.57
24.68 1009.54
24.69 1010.48
24.7 1011.1
24.71 1011.69
24.72 1012.76
24.73 1013.12
24.74 1014.08
24.75 1015.04
24.76 1014.96
24.77 1015.85
24.78 1017
24.79 1017.8
24.8 1019.94
24.81 1020.8
24.82 1021.86
24.83 1022.78
24.84 1022.88
24.85 1023.21
24.86 1023.2
24.87 1023.53
24.88 1023.42
24.89 1024.14
24.9 1025.38
24.91 1026.33
24.92 1027.11
24.93 1027.32
24.94 1027.93
24.95 1028.72
24.96 1028.88
24.97 1029.41
24.98 1030.53
24.99 1030.65
25 1030.58
25.01 1031.48
25.02 1031.95
25.03 1032.83
25.04 1033.1
25.05 1034.48
25.06 1035.79
25.07 1036.42
25.08 1037.61
25.09 1038.13
25.1 1038.09
25.11 1038.86
25.12 1038.97
25.13 1038.52
25.14 1039.82
25.15 1040.45
25.16 1041.4
25.17 1041.16
25.18 1041.7
25.19 1042.09
25.2 1043.34
25.21 1044.72
25.22 1045.54
25.23 1046.15
25.24 1047.42
25.25 1047.45
25.26 1047.89
25.27 1048.44
25.28 1049.12
25.29 1049.92
25.3 1051.52
25.31 1052.54
25.32 1053.53
25.33 1053.73
25.34 1054.47
25.35 1055.31
25.36 1055.18
25.37 1055.89
25.38 1055.66
25.39 1056.51
25.4 1057.78
25.41 1058.62
25.42 1059.41
25.43 1059.76
25.44 1059.91
25.45 1060.47
25.46 1061.16
25.47 1060.66
25.48 1062.42
25.49 1062.79
25.5 1063.39
25.51 1064.61
25.52 1065.3
25.53 1066.17
25.54 1067.1
25.55 1068.38
25.56 1069.08
25.57 1069.9
25.58 1070.49
25.59 1070.89
25.6 1071.93
25.61 1072.99
25.62 1074.55
25.63 1074.71
25.64 1075.41
25.65 1075.72
25.66 1076.67
25.67 1078.29
25.68 1079.89
25.69 1080.81
25.7 1081.7
25.71 1082.46
25.72 1083.38
25.73 1083.89
25.74 1085.14
25.75 1086.06
25.76 1086.17
25.77 1086.86
25.78 1087.23
25.79 1088.23
25.8 1089
25.81 1090.23
25.82 1091.35
25.83 1091.89
25.84 1092.84
25.85 1093.99
25.86 1094.81
25.87 1095.07
25.88 1095.44
25.89 1096.81
25.9 1099.05
25.91 1099.76
25.92 1101.67
25.93 1102.11
25.94 1102.54
25.95 1103.85
25.96 1104.02
25.97 1104.54
25.98 1105.55
25.99 1106.34
26 1106.37
26.01 1107.2
26.02 1108.21
26.03 1109.17
26.04 1110.36
26.05 1110.96
26.06 1111.41
26.07 1111.66
26.08 1112.41
26.09 1112.74
26.1 1113.47
26.11 1115.13
26.12 1116.48
26.13 1117.78
26.14 1118.56
26.15 1119.92
26.16 1120.68
26.17 1121.33
26.18 1121.86
26.19 1123.13
26.2 1124.18
26.21 1125.35
26.22 1126.75
26.23 1127.65
26.24 1128.5
26.25 1129.05
26.26 1130.85
26.27 1131.47
26.28 1132.26
26.29 1133.53
26.3 1133.67
26.31 1133.81
26.32 1134.68
26.33 1135.3
26.34 1135.41
26.35 1135.42
26.36 1135.32
26.37 1136.61
26.38 1137.5
26.39 1138.26
26.4 1139.1
26.41 1140.48
26.42 1141.67
26.43 1142.67
26.44 1143.45
26.45 1143.2
26.46 1144.28
26.47 1145.2
26.48 1145.9
26.49 1146.93
26.5 1147.03
26.51 1148.56
26.52 1149.79
26.53 1149.35
26.54 1150.46
26.55 1150.7
26.56 1150.64
26.57 1151.04
26.58 1151.38
26.59 1152.49
26.6 1152.68
26.61 1152.75
26.62 1153.89
26.63 1154.37
26.64 1155.37
26.65 1156.46
26.66 1157.13
26.67 1158.31
26.68 1158.25
26.69 1158.91
26.7 1160.06
26.71 1161.75
26.72 1162.77
26.73 1164.16
26.74 1165.23
26.75 1166.17
26.76 1168.37
26.77 1168.74
26.78 1169.48
26.79 1170.35
26.8 1170.51
26.81 1171.18
26.82 1171.13
26.83 1171.65
26.84 1171.65
26.85 1173.75
26.86 1175.97
26.87 1176.74
26.88 1177.21
26.89 1177.46
26.9 1177.92
26.91 1178.34
26.92 1179.05
26.93 1179.29
26.94 1180.02
26.95 1180.51
26.96 1180.71
26.97 1181.38
26.98 1181.56
26.99 1183.01
27 1184.3
27.01 1185.33
27.02 1185.86
27.03 1187.31
27.04 1187.83
27.05 1188.77
27.06 1188.68
27.07 1189.21
27.08 1190.07
27.09 1191
27.1 1191.96
27.11 1192.04
27.12 1193.3
27.13 1193.53
27.14 1195.3
27.15 1196.38
27.16 1197.16
27.17 1197.3
27.18 1198
27.19 1198.32
27.2 1198.89
27.21 1198.78
27.22 1199.29
27.23 1200.45
27.24 1201.49
27.25 1201.79
27.26 1202.37
27.27 1202.73
27.28 1204.16
27.29 1204.51
27.3 1205.45
27.31 1206.7
27.32 1208.23
27.33 1209.12
27.34 1210.72
27.35 1210.33
27.36 1210.84
27.37 1210.62
27.38 1210.35
27.39 1211
27.4 1211.89
27.41 1212.68
27.42 1214.45
27.43 1216.32
27.44 1217.06
27.45 1217.23
27.46 1216.77
27.47 1217.42
27.48 1217.74
27.49 1217.69
27.5 1219.1
27.51 1220.32
27.52 1220.83
27.53 1220.96
27.54 1220.64
27.55 1221.68
27.56 1222.83
27.57 1223.03
27.58 1222.97
27.59 1224.39
27.6 1225.87
27.61 1227.25
27.62 1227.75
27.63 1228.19
27.64 1229.18
27.65 1230.05
27.66 1231.19
27.67 1232.02
27.68 1233.71
27.69 1233.55
27.7 1234.31
27.71 1234.92
27.72 1234.51
27.73 1234.64
27.74 1235.35
27.75 1236.41
27.76 1237.6
27.77 1238.52
27.78 1239.88
27.79 1240.38
27.8 1240.88
27.81 1241.53
27.82 1243.03
27.83 1244.91
27.84 1245.21
27.85 1246.67
27.86 1248.83
27.87 1250.18
27.88 1250.72
27.89 1251.62
27.9 1251.78
27.91 1252.49
27.92 1252.97
27.93 1254.28
27.94 1255.22
27.95 1255.52
27.96 1256.19
27.97 1256.97
27.98 1257.69
27.99 1258.99
28 1261.12
28.01 1263.44
28.02 1264.27
28.03 1264.7
28.04 1266.08
28.05 1266.09
28.06 1266.62
28.07 1268.04
28.08 1269.59
28.09 1270.79
28.1 1272.29
28.11 1272.49
28.12 1273.65
28.13 1274.15
28.14 1274.22
28.15 1275.5
28.16 1276.2
28.17 1276.91
28.18 1277.35
28.19 1279.19
28.2 1279.94
28.21 1280.65
28.22 1281.4
28.23 1282.48
28.24 1283.07
28.25 1282.98
28.26 1283.34
28.27 1283.38
28.28 1283.62
28.29 1284.72
28.3 1286.3
28.31 1286.64
28.32 1287.58
28.33 1288.54
28.34 1290.02
28.35 1290.6
28.36 1291.18
28.37 1292.43
28.38 1292.49
28.39 1292.99
28.4 1294.05
28.41 1294.09
28.42 1295.14
28.43 1295.63
28.44 1296.26
28.45 1297.75
28.46 1298.11
28.47 1299.37
28.48 1300.87
28.49 1300.96
28.5 1302.17
28.51 1303.33
28.52 1304.17
28.53 1304.97
28.54 1305.91
28.55 1307.99
28.56 1309.36
28.57 1310.99
28.58 1312.2
28.59 1313.01
28.6 1313.82
28.61 1314.28
28.62 1314.92
28.63 1315.15
28.64 1315.39
28.65 1316.49
28.66 1317.83
28.67 1319.1
28.68 1320.96
28.69 1321.32
28.7 1321.17
28.71 1322.57
28.72 1323.55
28.73 1323.77
28.74 1325.35
28.75 1325.34
28.76 1324.75
28.77 1326.04
28.78 1327.24
28.79 1328.27
28.8 1328.89
28.81 1330.06
28.82 1330.97
28.83 1331.23
28.84 1333.19
28.85 1334.61
28.86 1335.42
28.87 1336.94
28.88 1337.48
28.89 1338.87
28.9 1339.34
28.91 1338.96
28.92 1339.98
28.93 1341.23
28.94 1342.82
28.95 1343.75
28.96 1344
28.97 1345.23
28.98 1346.45
28.99 1347.79
29 1349.48
29.01 1349.96
29.02 1350.8
29.03 1350.98
29.04 1351.72
29.05 1352.01
29.06 1353.1
29.07 1353.92
29.08 1355.39
29.09 1356.48
29.1 1357.19
29.11 1357.89
29.12 1358.49
29.13 1358.9
29.14 1359.85
29.15 1360.86
29.16 1360.48
29.17 1360.91
29.18 1361.73
29.19 1363.18
29.2 1364.31
29.21 1365.27
29.22 1366.23
29.23 1366.78
29.24 1367.8
29.25 1369.82
29.26 1371.19
29.27 1371.62
29.28 1372.33
29.29 1374.07
29.3 1375.92
29.31 1377.34
29.32 1378.41
29.33 1378.26
29.34 1378.06
29.35 1378.72
29.36 1378.87
29.37 1379.7
29.38 1379.8
29.39 1380.76
29.4 1382.32
29.41 1384.59
29.42 1385.51
29.43 1385.98
29.44 1386.24
29.45 1386.57
29.46 1387.1
29.47 1388.11
29.48 1388.36
29.49 1389.93
29.5 1390.68
29.51 1391.86
29.52 1391.97
29.53 1391.89
29.54 1393.03
29.55 1395.1
29.56 1396.31
29.57 1397.01
29.58 1397.36
29.59 1397.34
29.6 1397.4
29.61 1398.31
29.62 1398.12
29.63 1399.15
29.64 1400.5
29.65 1401.38
29.66 1402.67
29.67 1403.1
29.68 1404.72
29.69 1405.76
29.7 1406.11
29.71 1407.18
29.72 1407.34
29.73 1407.84
29.74 1407.85
29.75 1408.3
29.76 1409
29.77 1409.66
29.78 1410.51
29.79 1411.65
29.8 1413.32
29.81 1415.09
29.82 1415.22
29.83 1415.77
29.84 1416.71
29.85 1417.54
29.86 1418.48
29.87 1418.92
29.88 1419.67
29.89 1420.64
29.9 1421.64
29.91 1421.52
29.92 1421.33
29.93 1421.5
29.94 1422.2
29.95 1423.53
29.96 1425.65
29.97 1426.52
29.98 1426.23
29.99 1427.85
