0.000 31.538
3.336 31.346
6.672 31.211
10.008 31.020
13.344 30.943
16.680 30.847
20.016 30.616
23.352 30.428
26.688 30.220
30.024 29.894
33.360 29.770
36.696 29.746
40.031 29.447
43.367 29.106
46.703 28.740
50.039 28.569
53.375 28.409
56.711 28.083
60.047 27.942
63.383 27.942
66.719 27.914
70.055 27.941
73.391 27.514
76.727 27.039
80.063 26.982
83.399 26.725
86.735 26.516
90.071 26.391
93.407 26.172
96.743 26.087
100.079 26.016
103.415 25.830
106.751 25.763
110.087 25.705
113.423 25.543
116.759 25.543
120.094 25.600
123.430 25.562
126.766 25.523
130.102 25.438
133.438 25.267
136.774 25.081
140.110 24.727
143.446 24.488
146.782 24.204
150.118 24.032
153.454 24.122
156.790 24.106
160.126 24.106
163.462 24.060
166.798 24.046
170.134 24.015
173.470 23.886
176.806 23.851
180.142 23.742
183.478 23.654
186.814 23.495
190.150 23.505
193.486 23.619
196.821 23.616
200.157 23.616
203.493 23.635
206.829 23.689
210.165 23.501
213.501 23.668
216.837 23.668
220.173 23.700
223.509 23.584
226.845 23.632
230.181 23.597
233.517 23.712
236.853 23.772
240.189 23.772
243.525 23.836
246.861 23.836
250.197 23.818
253.533 23.818
256.869 23.798
260.205 23.802
263.541 23.802
266.877 23.798
270.213 23.798
273.549 23.862
276.884 23.770
280.220 23.770
283.556 23.815
286.892 23.830
290.228 23.787
293.564 23.787
296.900 23.787
300.236 23.866
303.572 23.858
306.908 23.858
310.244 23.843
313.580 23.728
316.916 23.728
320.252 23.921
323.588 23.870
326.924 23.822
330.260 23.625
333.596 23.576
336.932 23.605
340.268 23.670
343.604 23.582
346.940 23.549
350.276 23.411
353.611 23.626
356.947 23.700
360.283 23.700
363.619 23.700
366.955 23.700
370.291 23.688
373.627 23.671
376.963 23.671
380.299 23.671
383.635 23.671
386.971 23.671
390.307 23.514
393.643 23.437
396.979 23.437
400.315 23.378
403.651 23.481
406.987 23.510
410.323 23.385
413.659 23.379
416.995 23.379
420.331 23.368
423.667 23.284
427.003 23.284
430.339 23.284
433.674 23.388
437.010 23.665
440.346 23.673
443.682 23.780
447.018 23.790
450.354 23.851
453.690 23.851
457.026 23.813
460.362 23.768
463.698 23.839
467.034 23.864
470.370 23.864
473.706 23.864
477.042 23.721
480.378 23.806
483.714 23.806
487.050 23.835
490.386 23.786
493.722 23.798
497.058 23.862
500.394 23.818
503.730 23.784
507.066 23.775
510.401 23.775
513.737 23.775
517.073 23.810
520.409 23.803
523.745 23.830
527.081 23.798
530.417 23.747
533.753 23.698
537.089 23.698
540.425 23.712
543.761 23.712
547.097 23.709
550.433 23.785
553.769 23.829
557.105 23.791
560.441 23.745
563.777 23.745
567.113 23.682
570.449 23.682
573.785 23.715
577.121 23.818
580.457 23.898
583.793 23.854
587.129 23.854
590.464 23.880
593.800 23.791
597.136 23.762
600.472 23.931
603.808 23.868
607.144 23.819
610.480 23.810
613.816 23.819
617.152 23.830
620.488 23.830
623.824 23.830
627.160 23.830
630.496 23.803
633.832 23.803
637.168 23.803
640.504 23.838
643.840 23.838
647.176 23.742
650.512 23.747
653.848 23.744
657.184 23.768
660.520 23.768
663.856 23.793
667.191 23.793
670.527 23.793
673.863 23.784
677.199 23.723
680.535 23.723
683.871 23.750
687.207 23.750
690.543 23.750
693.879 23.814
697.215 23.777
700.551 23.777
703.887 23.608
707.223 23.758
710.559 23.706
713.895 23.659
717.231 23.568
720.567 23.543
723.903 23.638
727.239 23.655
730.575 23.655
733.911 23.600
737.247 23.626
740.583 23.635
743.918 23.676
747.254 23.676
750.590 23.676
753.926 23.659
757.262 23.517
760.598 23.441
763.934 23.602
767.270 23.605
770.606 23.605
773.942 23.442
777.278 23.396
780.614 23.543
783.950 23.573
787.286 23.589
790.622 23.589
793.958 23.575
797.294 23.588
800.630 23.588
803.966 23.588
807.302 23.588
810.638 23.590
813.974 23.749
817.310 23.745
820.646 23.681
823.981 23.681
827.317 23.732
830.653 23.695
833.989 23.688
837.325 23.725
840.661 23.616
843.997 23.608
847.333 23.662
850.669 23.682
854.005 23.551
857.341 23.490
860.677 23.438
864.013 23.416
867.349 23.294
870.685 23.261
874.021 23.283
877.357 23.260
880.693 23.260
884.029 23.200
887.365 23.098
890.701 23.043
894.037 23.147
897.373 23.180
900.708 23.180
904.044 23.546
907.380 23.581
910.716 23.604
914.052 23.630
917.388 23.630
920.724 23.587
924.060 23.560
927.396 23.560
930.732 23.515
934.068 23.479
937.404 23.447
940.740 23.440
944.076 23.440
947.412 23.428
950.748 23.428
954.084 23.428
957.420 23.428
960.756 23.529
964.092 23.529
967.428 23.529
970.764 23.529
974.100 23.529
977.436 23.529
980.771 23.507
984.107 23.507
987.443 23.351
990.779 23.118
994.115 23.248
997.451 23.193
1000.787 23.127
1004.123 23.074
1007.459 23.093
1010.795 23.104
1014.131 23.104
1017.467 23.005
1020.803 22.970
1024.139 22.908
1027.475 22.964
1030.811 22.964
1034.147 22.953
1037.483 22.953
1040.819 23.035
1044.155 23.068
1047.491 23.068
1050.827 23.080
1054.163 23.090
1057.498 23.076
1060.834 23.337
1064.170 23.363
1067.506 23.376
1070.842 23.382
1074.178 23.402
1077.514 23.363
1080.850 23.363
1084.186 23.395
1087.522 23.395
1090.858 23.334
1094.194 23.296
1097.530 23.158
1100.866 23.116
1104.202 23.122
1107.538 23.186
1110.874 23.186
1114.210 23.078
1117.546 23.078
1120.882 23.078
1124.218 23.078
1127.554 23.157
1130.890 23.146
1134.226 23.033
1137.561 22.948
1140.897 22.830
1144.233 22.874
1147.569 22.738
1150.905 22.831
1154.241 22.805
1157.577 22.884
1160.913 22.798
1164.249 22.856
1167.585 22.916
1170.921 22.951
1174.257 22.951
1177.593 22.902
1180.929 22.946
1184.265 22.892
1187.601 22.909
1190.937 22.973
1194.273 23.089
1197.609 23.218
1200.945 23.143
1204.281 23.110
1207.617 22.974
1210.953 22.998
1214.288 23.171
1217.624 23.174
1220.960 23.156
1224.296 23.162
1227.632 23.166
1230.968 23.063
1234.304 22.916
1237.640 22.776
1240.976 22.740
1244.312 22.798
1247.648 22.830
1250.984 22.820
1254.320 23.144
1257.656 23.287
1260.992 23.376
1264.328 23.385
1267.664 23.385
1271.000 23.391
1274.336 23.402
1277.672 23.441
1281.008 23.441
1284.344 23.441
1287.680 23.437
1291.016 23.508
1294.351 23.525
1297.687 23.525
1301.023 23.683
1304.359 23.740
1307.695 23.740
1311.031 23.740
1314.367 23.740
1317.703 23.653
1321.039 23.503
1324.375 23.428
1327.711 23.431
1331.047 23.482
