0.000 49.992
3.336 49.936
6.672 49.833
10.008 49.838
13.344 49.847
16.680 49.805
20.016 49.824
23.352 49.824
26.688 49.680
30.024 49.619
33.360 49.678
36.696 49.693
40.031 49.508
43.367 49.527
46.703 49.500
50.039 49.491
53.375 49.496
56.711 49.480
60.047 49.480
63.383 49.480
66.719 49.476
70.055 49.476
73.391 49.479
76.727 49.479
80.063 49.483
83.399 49.469
86.735 49.449
90.071 49.449
93.407 49.461
96.743 49.461
100.079 49.461
103.415 49.532
106.751 49.449
110.087 49.469
113.423 49.469
116.759 49.469
120.094 49.469
123.430 49.457
126.766 49.469
130.102 49.455
133.438 49.455
136.774 49.455
140.110 49.487
143.446 49.486
146.782 49.486
150.118 49.486
153.454 49.486
156.790 49.486
160.126 49.486
163.462 49.486
166.798 49.486
170.134 49.486
173.470 49.486
176.806 49.486
180.142 49.486
183.478 49.465
186.814 49.467
190.150 49.463
193.486 49.463
196.821 49.463
200.157 49.463
203.493 49.463
206.829 49.447
210.165 49.455
213.501 49.424
216.837 49.349
220.173 49.421
223.509 49.421
226.845 49.421
230.181 49.449
233.517 49.444
236.853 49.428
240.189 49.424
243.525 49.384
246.861 49.384
250.197 49.384
253.533 49.384
256.869 49.384
260.205 49.421
263.541 49.455
266.877 49.447
270.213 49.447
273.549 49.447
276.884 49.447
280.220 49.447
283.556 49.447
286.892 49.447
290.228 49.447
293.564 49.447
296.900 49.447
300.236 49.447
303.572 49.447
306.908 49.447
310.244 49.447
313.580 49.447
316.916 49.447
320.252 49.447
323.588 49.447
326.924 49.447
330.260 49.447
333.596 49.447
336.932 49.447
340.268 49.447
343.604 49.417
346.940 49.486
350.276 49.505
353.611 49.456
356.947 49.460
360.283 49.474
363.619 49.472
366.955 49.472
370.291 49.464
373.627 49.345
376.963 49.302
380.299 49.278
383.635 49.298
386.971 49.518
390.307 49.518
393.643 49.490
396.979 49.490
400.315 49.490
403.651 49.490
406.987 49.490
410.323 49.490
413.659 49.490
416.995 49.480
420.331 49.480
423.667 49.480
427.003 49.469
430.339 49.472
433.674 49.378
437.010 49.532
440.346 49.448
443.682 49.448
447.018 49.448
450.354 49.415
453.690 49.415
457.026 49.405
460.362 49.401
463.698 49.401
467.034 49.401
470.370 49.421
473.706 49.417
477.042 49.405
480.378 49.405
483.714 49.405
487.050 49.405
490.386 49.405
493.722 49.405
497.058 49.405
500.394 49.405
503.730 49.405
507.066 49.405
510.401 49.405
513.737 49.447
517.073 49.447
520.409 49.445
523.745 49.407
527.081 49.407
530.417 49.407
533.753 49.407
537.089 49.419
540.425 49.419
543.761 49.419
547.097 49.419
550.433 49.411
553.769 49.411
557.105 49.419
560.441 49.419
563.777 49.423
567.113 49.404
570.449 49.396
573.785 49.396
577.121 49.396
580.457 49.400
583.793 49.395
587.129 49.378
590.464 49.370
593.800 49.380
597.136 49.398
600.472 49.398
603.808 49.437
607.144 49.429
610.480 49.429
613.816 49.429
617.152 49.437
620.488 49.437
623.824 49.511
627.160 49.511
630.496 49.516
633.832 49.583
637.168 49.624
640.504 49.624
643.840 49.624
647.176 49.624
650.512 49.624
653.848 49.624
657.184 49.624
660.520 49.624
663.856 49.624
667.191 49.628
670.527 49.628
673.863 49.628
677.199 49.591
680.535 49.414
683.871 49.477
687.207 49.639
690.543 49.921
693.879 50.025
697.215 50.179
700.551 50.189
703.887 50.439
707.223 50.640
710.559 50.792
713.895 50.869
717.231 50.869
720.567 50.852
723.903 50.953
727.239 51.191
730.575 51.384
733.911 51.509
737.247 51.438
740.583 51.595
743.918 51.400
747.254 51.563
750.590 51.664
753.926 51.851
757.262 52.041
760.598 52.121
763.934 52.316
767.270 52.471
770.606 52.879
773.942 53.012
777.278 53.070
780.614 53.150
783.950 53.343
787.286 53.347
790.622 53.470
793.958 53.613
797.294 53.892
800.630 54.163
803.966 54.150
807.302 54.281
810.638 54.490
813.974 54.474
817.310 54.563
820.646 54.492
823.981 54.638
827.317 54.737
830.653 55.204
833.989 55.523
837.325 55.694
840.661 55.694
843.997 55.758
847.333 55.808
850.669 55.823
854.005 55.887
857.341 55.895
860.677 55.961
864.013 56.057
867.349 56.161
870.685 56.161
874.021 56.404
877.357 56.628
880.693 56.976
884.029 56.860
887.365 56.875
890.701 57.000
894.037 57.023
897.373 57.117
900.708 57.117
904.044 57.117
907.380 57.117
910.716 57.117
914.052 57.117
917.388 57.117
920.724 57.117
924.060 57.117
927.396 57.117
930.732 57.117
934.068 57.171
937.404 57.171
940.740 57.156
944.076 57.196
947.412 57.196
950.748 57.142
954.084 57.142
957.420 57.142
960.756 57.126
964.092 57.173
967.428 57.173
970.764 57.133
974.100 57.149
977.436 57.149
980.771 57.203
984.107 57.280
987.443 57.280
990.779 57.280
994.115 57.249
997.451 57.249
1000.787 57.249
1004.123 57.264
1007.459 57.264
1010.795 57.264
1014.131 57.264
1017.467 57.264
1020.803 57.264
1024.139 57.264
1027.475 57.249
1030.811 57.157
1034.147 57.157
1037.483 57.157
1040.819 57.157
1044.155 57.157
1047.491 57.157
1050.827 57.157
1054.163 57.157
1057.498 57.157
1060.834 57.157
1064.170 57.157
1067.506 57.393
1070.842 57.211
1074.178 57.061
1077.514 57.203
1080.850 57.171
1084.186 57.187
1087.522 57.187
1090.858 57.149
1094.194 57.149
1097.530 57.149
1100.866 57.179
1104.202 57.068
1107.538 57.148
1110.874 57.148
1114.210 57.172
1117.546 57.172
1120.882 57.180
1124.218 57.204
1127.554 57.204
1130.890 57.204
1134.226 57.204
1137.561 57.204
1140.897 57.204
1144.233 57.204
1147.569 57.204
1150.905 57.204
1154.241 57.204
1157.577 57.204
1160.913 57.204
1164.249 57.204
1167.585 57.413
1170.921 57.244
1174.257 57.251
1177.593 57.251
1180.929 57.220
1184.265 57.205
1187.601 57.205
1190.937 57.097
1194.273 57.097
1197.609 57.097
1200.945 57.097
1204.281 57.097
1207.617 57.097
1210.953 57.282
1214.288 57.282
1217.624 57.490
1220.960 57.486
1224.296 57.557
1227.632 57.418
1230.968 57.418
1234.304 57.418
1237.640 57.581
1240.976 57.343
1244.312 57.203
1247.648 57.373
1250.984 57.219
1254.320 57.203
1257.656 57.203
1260.992 57.274
1264.328 57.376
1267.664 57.376
1271.000 57.361
1274.336 57.401
1277.672 57.262
1281.008 57.105
1284.344 57.105
1287.680 57.193
1291.016 57.193
1294.351 57.208
1297.687 57.294
1301.023 57.372
1304.359 57.387
1307.695 57.271
1311.031 57.215
1314.367 57.215
1317.703 57.215
1321.039 57.106
1324.375 57.153
1327.711 57.286
1331.047 57.699
