0.0000 36.0672
3.3483 35.8184
6.6965 34.9887
10.0448 34.6832
13.3930 33.7943
16.7413 32.9619
20.0895 32.7768
23.4378 32.2792
26.7860 31.3764
30.1343 31.3181
33.4825 31.2842
36.8308 30.7656
40.1790 30.8119
43.5273 30.8167
46.8755 30.8238
50.2238 30.6660
53.5721 30.5329
56.9203 30.6913
60.2686 30.8510
63.6168 30.7880
66.9651 30.5865
70.3133 30.4925
73.6616 30.0824
77.0098 29.5470
80.3581 29.1739
83.7063 28.8376
87.0546 27.8217
90.4028 27.1274
93.7511 26.8272
97.0993 26.4417
100.4476 26.1776
103.7958 26.0048
107.1441 25.5494
110.4924 25.1932
113.8406 25.0265
117.1889 24.6303
120.5371 24.3571
123.8854 24.1339
127.2336 23.5348
130.5819 23.4073
133.9301 23.2608
137.2784 23.2733
140.6266 23.2608
143.9749 23.2237
147.3231 23.1519
150.6714 23.2915
154.0196 23.2789
157.3679 23.2789
160.7162 23.5542
164.0644 23.9140
167.4127 23.9272
170.7609 23.9272
174.1092 23.5476
177.4574 23.3811
180.8057 23.2020
184.1539 23.1072
187.5022 23.1519
190.8504 23.0825
194.1987 22.9489
197.5469 22.7025
200.8952 22.3457
204.2434 22.2230
207.5917 22.0687
210.9399 21.9372
214.2882 21.7950
217.6365 21.8058
220.9847 22.1694
224.3330 22.8357
227.6812 23.0805
231.0295 23.4325
234.3777 23.3878
237.7260 23.2341
241.0742 23.2147
244.4225 23.2849
247.7707 23.4324
251.1190 23.5238
254.4672 23.5932
257.8155 23.3624
261.1637 23.3624
264.5120 23.3624
267.8603 23.3624
271.2085 23.4133
274.5568 23.5163
277.9050 23.5293
281.2533 23.5293
284.6015 23.5293
287.9498 23.5293
291.2980 23.5293
294.6463 23.5293
297.9945 23.5293
301.3428 23.5293
304.6910 23.4974
308.0393 23.4974
311.3875 23.4974
314.7358 23.4579
318.0840 23.4579
321.4323 23.4579
324.7806 23.4579
328.1288 23.4579
331.4771 23.4579
334.8253 23.4579
338.1736 23.4579
341.5218 23.5032
344.8701 23.4787
348.2183 23.4919
351.5666 23.4263
354.9148 23.4964
358.2631 23.4964
361.6113 23.4964
364.9596 23.4964
368.3078 23.4964
371.6561 23.6760
375.0044 23.7414
378.3526 23.7997
381.7009 24.3046
385.0491 24.7925
388.3974 24.8645
391.7456 25.2719
395.0939 25.3951
398.4421 25.4400
401.7904 25.6423
405.1386 25.7249
408.4869 26.0243
411.8351 26.2751
415.1834 26.2775
418.5316 26.2126
421.8799 26.2126
425.2281 26.2126
428.5764 26.2126
431.9247 25.9974
435.2729 25.9488
438.6212 25.9103
441.9694 25.8912
445.3177 25.8912
448.6659 25.7572
452.0142 25.5562
455.3624 25.5371
458.7107 25.5371
462.0589 25.8050
465.4072 26.0347
468.7554 26.1210
472.1037 26.4458
475.4519 26.2922
478.8002 26.2922
482.1485 26.4829
485.4967 26.7100
488.8450 26.6809
492.1932 27.0114
495.5415 27.0026
498.8897 26.9249
502.2380 27.1458
505.5862 27.5066
508.9345 27.8171
512.2827 28.0628
515.6310 28.1758
518.9792 28.4205
522.3275 28.9581
525.6757 29.4262
529.0240 29.9492
532.3722 30.2755
535.7205 30.9130
539.0688 31.2095
542.4170 31.5228
545.7653 31.8419
549.1135 31.9251
552.4618 32.6596
555.8100 33.1915
559.1583 33.9130
562.5065 34.9339
565.8548 35.4829
569.2030 35.9103
572.5513 35.7017
575.8995 36.1199
579.2478 36.4277
582.5960 36.9221
585.9443 37.4828
589.2926 37.4828
592.6408 37.7191
595.9891 37.9763
599.3373 37.8738
602.6856 37.5277
606.0338 37.3815
609.3821 37.2010
612.7303 36.8389
616.0786 36.6329
619.4268 36.2230
622.7751 36.1671
626.1233 35.8430
629.4716 35.5839
632.8198 35.3699
636.1681 35.0962
639.5163 34.9766
642.8646 35.3789
646.2129 37.0688
649.5611 37.8438
652.9094 37.9870
656.2576 37.9870
659.6059 37.9127
662.9541 37.9913
666.3024 37.9607
669.6506 37.6950
