0.0000 143.0547
3.3483 142.8103
6.6965 141.9585
10.0448 141.6506
13.3930 140.6295
16.7413 139.6781
20.0895 139.3357
23.4378 138.5082
26.7860 137.2988
30.1343 137.1672
33.4825 137.0331
36.8308 136.4423
40.1790 136.2345
43.5273 136.1174
46.8755 136.0176
50.2238 135.7329
53.5721 135.3344
56.9203 135.0571
60.2686 134.7877
63.6168 134.6950
66.9651 134.3704
70.3133 134.1232
73.6616 133.5217
77.0098 132.5829
80.3581 131.9680
83.7063 131.2182
87.0546 130.1206
90.4028 129.3632
93.7511 129.0082
97.0993 128.6974
100.4476 128.4496
103.7958 128.2489
107.1441 127.6324
110.4924 127.1545
113.8406 126.8168
117.1889 126.0796
120.5371 125.8008
123.8854 125.5229
127.2336 124.5992
130.5819 124.4143
133.9301 124.2441
137.2784 124.2748
140.6266 124.2441
143.9749 124.1522
147.3231 124.1660
150.6714 124.3816
154.0196 124.3510
157.3679 124.3510
160.7162 124.7060
164.0644 125.0779
167.4127 125.1085
170.7609 125.1085
174.1092 124.6298
177.4574 124.4746
180.8057 124.2887
184.1539 124.1195
187.5022 124.1660
190.8504 124.0582
194.1987 123.9188
197.5469 123.6251
200.8952 123.1771
204.2434 122.9922
207.5917 122.7914
210.9399 122.6521
214.2882 122.4057
217.6365 122.4364
220.9847 122.9913
224.3330 123.7645
227.6812 124.1799
231.0295 124.4756
234.3777 124.4291
237.7260 124.3045
241.0742 124.3193
244.4225 124.4272
247.7707 124.5972
251.1190 124.8120
254.4672 124.7980
257.8155 124.6112
261.1637 124.6112
264.5120 124.6112
267.8603 124.6112
271.2085 124.6121
274.5568 124.7357
277.9050 124.7664
281.2533 124.7664
284.6015 124.7664
287.9498 124.7664
291.2980 124.7664
294.6463 124.7664
297.9945 124.7664
301.3428 124.7664
304.6910 124.7506
308.0393 124.7506
311.3875 124.7506
314.7358 124.5369
318.0840 124.5369
321.4323 124.5369
324.7806 124.5369
328.1288 124.5369
331.4771 124.5369
334.8253 124.5369
338.1736 124.5369
341.5218 124.7050
344.8701 124.7655
348.2183 124.7962
351.5666 124.6428
354.9148 124.6288
358.2631 124.6288
361.6113 124.6288
364.9596 124.6288
368.3078 124.6288
371.6561 124.8148
375.0044 124.9681
378.3526 125.0452
381.7009 125.8455
385.0491 126.3259
388.3974 126.4792
391.7456 127.0797
395.0939 127.1884
398.4421 127.4174
401.7904 127.7252
405.1386 127.9705
408.4869 128.7236
411.8351 129.3094
415.1834 129.4176
418.5316 129.5110
421.8799 129.5110
425.2281 129.5110
428.5764 129.5110
431.9247 129.4822
435.2729 129.4986
438.6212 129.4992
441.9694 129.4682
445.3177 129.4682
448.6659 129.4394
452.0142 129.2079
455.3624 129.1769
458.7107 129.1769
462.0589 129.4228
465.4072 129.6067
468.7554 129.6523
472.1037 129.6337
475.4519 129.5105
478.8002 129.5105
482.1485 129.5254
485.4967 129.9423
488.8450 129.9269
492.1932 130.3747
495.5415 130.3282
498.8897 130.3287
502.2380 130.4669
505.5862 130.5747
508.9345 130.7607
512.2827 130.8701
515.6310 130.9936
518.9792 131.2714
522.3275 131.7059
525.6757 132.1245
529.0240 132.6355
532.3722 132.7494
535.7205 133.1152
539.0688 133.2758
542.4170 133.5717
545.7653 133.9124
549.1135 133.9161
552.4618 134.4843
555.8100 134.9840
559.1583 135.7737
562.5065 136.8300
565.8548 137.2585
569.2030 137.6797
572.5513 137.6224
575.8995 138.4518
579.2478 138.8798
582.5960 139.5089
585.9443 139.9073
589.2926 139.9073
592.6408 140.2721
595.9891 140.4775
599.3373 140.2087
602.6856 139.5465
606.0338 139.1887
609.3821 138.8288
612.7303 137.9800
616.0786 137.7621
619.4268 137.4706
622.7751 137.6831
626.1233 136.7638
629.4716 136.7435
632.8198 136.5830
636.1681 136.3893
639.5163 136.3228
642.8646 136.6705
646.2129 138.0279
649.5611 138.3831
652.9094 138.3402
656.2576 138.3402
659.6059 138.0074
662.9541 138.1143
666.3024 138.0970
669.6506 138.1133
