0.0000 19.4752
3.3483 19.2369
6.6965 18.3875
10.0448 18.0836
13.3930 17.0161
16.7413 16.0339
20.0895 15.6567
23.4378 14.8168
26.7860 13.6509
30.1343 13.5380
33.4825 13.4346
36.8308 12.8624
40.1790 12.7644
43.5273 12.7104
46.8755 12.6712
50.2238 12.4617
53.5721 12.2437
56.9203 12.3208
60.2686 12.4528
63.6168 12.3895
66.9651 12.1902
70.3133 12.1046
73.6616 11.7187
77.0098 11.2703
80.3581 10.9780
83.7063 10.8054
87.0546 9.9195
90.4028 9.3397
93.7511 9.1112
97.0993 8.7418
100.4476 8.5104
103.7958 8.3840
107.1441 8.1215
110.4924 7.9337
113.8406 7.9402
117.1889 7.9438
120.5371 7.7715
123.8854 7.6812
127.2336 7.6514
130.5819 7.6439
133.9301 7.5962
137.2784 7.5837
140.6266 7.5962
143.9749 7.6346
147.3231 7.5128
150.6714 7.5025
154.0196 7.5146
157.3679 7.5146
160.7162 7.5752
164.0644 7.7609
167.4127 7.7519
170.7609 7.7519
174.1092 7.6404
177.4574 7.5438
180.8057 7.4623
184.1539 7.4938
187.5022 7.5128
190.8504 7.5203
194.1987 7.4662
197.5469 7.4117
200.8952 7.3752
204.2434 7.4025
207.5917 7.4053
210.9399 7.3751
214.2882 7.4553
217.6365 7.4354
220.9847 7.3256
224.3330 7.4604
227.6812 7.3910
231.0295 7.6204
234.3777 7.5997
237.7260 7.4945
241.0742 7.4500
244.4225 7.4464
247.7707 7.4986
251.1190 7.4249
254.4672 7.5441
257.8155 7.3785
261.1637 7.3785
264.5120 7.3785
267.8603 7.3785
271.2085 7.4549
274.5568 7.4885
277.9050 7.4782
281.2533 7.4782
284.6015 7.4782
287.9498 7.4782
291.2980 7.4782
294.6463 7.4782
297.9945 7.4782
301.3428 7.4782
304.6910 7.4453
308.0393 7.4453
311.3875 7.4453
314.7358 7.5974
318.0840 7.5974
321.4323 7.5974
324.7806 7.5974
328.1288 7.5974
331.4771 7.5974
334.8253 7.5974
338.1736 7.5974
341.5218 7.4990
344.8701 7.4021
348.2183 7.3919
351.5666 7.4440
354.9148 7.5640
358.2631 7.5640
361.6113 7.5640
364.9596 7.5640
368.3078 7.5640
371.6561 7.6532
375.0044 7.6041
378.3526 7.6187
381.7009 7.6524
385.0491 7.9819
388.3974 7.9648
391.7456 8.1069
395.0939 8.2096
398.4421 8.1102
401.7904 8.1949
405.1386 8.1538
408.4869 8.1380
411.8351 8.1981
415.1834 8.1554
418.5316 8.0333
421.8799 8.0333
425.2281 8.0333
428.5764 8.0333
431.9247 7.7661
435.2729 7.6988
438.6212 7.6500
441.9694 7.6358
445.3177 7.6358
448.6659 7.4766
452.0142 7.2960
455.3624 7.2820
458.7107 7.2820
462.0589 7.5415
465.4072 7.7728
468.7554 7.8670
472.1037 8.2911
475.4519 8.1376
478.8002 8.1376
482.1485 8.3836
485.4967 8.5199
488.8450 8.4880
492.1932 8.7607
495.5415 8.7637
498.8897 8.6667
502.2380 8.9006
505.5862 9.3211
508.9345 9.6539
512.2827 9.9306
515.6310 10.0322
518.9792 10.2500
522.3275 10.7885
525.6757 11.2453
529.0240 11.7447
532.3722 12.1154
535.7205 12.7995
539.0688 13.1209
542.4170 13.4210
545.7653 13.7160
549.1135 13.8181
552.4618 14.5612
555.8100 15.0746
559.1583 15.7451
562.5065 16.7189
565.8548 17.2751
569.2030 17.6896
572.5513 17.4573
575.8995 17.7969
579.2478 18.0841
582.5960 18.5576
585.9443 19.1276
589.2926 19.1276
592.6408 19.3493
595.9891 19.6083
599.3373 19.5230
602.6856 19.2224
606.0338 19.1127
609.3821 18.9692
612.7303 18.7244
616.0786 18.5299
619.4268 18.1083
622.7751 17.9918
626.1233 17.8327
629.4716 17.5211
632.8198 17.3032
636.1681 17.0213
639.5163 16.8933
642.8646 17.2908
646.2129 18.9891
649.5611 19.8360
652.9094 20.0218
656.2576 20.0218
659.6059 20.0243
662.9541 20.0903
666.3024 20.0576
669.6506 19.7271
