0.0000 8.4077
3.3483 8.1301
6.6965 8.4535
10.0448 8.7086
13.3930 8.9542
16.7413 8.5635
20.0895 8.6202
23.4378 8.5902
26.7860 8.3718
30.1343 8.3698
33.4825 8.2802
36.8308 8.0553
40.1790 7.6604
43.5273 7.6804
46.8755 7.8177
50.2238 7.6710
53.5721 7.7084
56.9203 7.4235
60.2686 7.6779
63.6168 8.0633
66.9651 8.3696
70.3133 8.4184
73.6616 8.9315
77.0098 9.4801
80.3581 11.2765
83.7063 11.7594
87.0546 12.1785
90.4028 13.3204
93.7511 13.7924
97.0993 14.0244
100.4476 14.1910
103.7958 14.1526
107.1441 14.1664
110.4924 14.1664
113.8406 14.1664
117.1889 14.1526
120.5371 14.1824
123.8854 14.1913
127.2336 14.2696
130.5819 14.3935
133.9301 14.3991
137.2784 14.4683
140.6266 14.4683
143.9749 14.5612
147.3231 14.6290
150.6714 14.7501
154.0196 14.7501
157.3679 14.8377
160.7162 14.8514
164.0644 14.9813
167.4127 15.1393
170.7609 15.3106
174.1092 15.2366
177.4574 15.2503
180.8057 15.2549
184.1539 15.2257
187.5022 15.5346
190.8504 15.5464
194.1987 15.7159
197.5469 15.7795
200.8952 15.2778
204.2434 15.0977
207.5917 14.5895
210.9399 14.3718
214.2882 13.8013
217.6365 13.4981
220.9847 12.7225
224.3330 12.5944
227.6812 11.9850
231.0295 11.6246
234.3777 11.4706
237.7260 10.7766
241.0742 10.4916
244.4225 10.2694
247.7707 10.0916
251.1190 10.3111
254.4672 10.4839
257.8155 10.5235
261.1637 10.6766
264.5120 11.4168
267.8603 11.2552
271.2085 11.7662
274.5568 11.7064
277.9050 11.7897
281.2533 11.4666
284.6015 11.0100
287.9498 10.9212
291.2980 10.9212
294.6463 10.8687
297.9945 10.8394
301.3428 10.3547
304.6910 10.0700
308.0393 11.0171
311.3875 11.6119
314.7358 11.8626
318.0840 11.5220
321.4323 11.4626
324.7806 11.4931
328.1288 12.4897
331.4771 12.2644
334.8253 12.5320
338.1736 13.3619
341.5218 13.3020
344.8701 13.1826
348.2183 12.4030
351.5666 11.3501
354.9148 11.1010
358.2631 10.8236
361.6113 10.0920
364.9596 10.4387
368.3078 10.9673
371.6561 11.2546
375.0044 11.3977
378.3526 11.3977
381.7009 10.9802
385.0491 11.2506
388.3974 10.2313
391.7456 9.9847
395.0939 9.4892
398.4421 7.9969
401.7904 6.8685
405.1386 6.1196
408.4869 5.0405
411.8351 4.4068
415.1834 3.9176
418.5316 3.7335
421.8799 3.2680
425.2281 2.8523
428.5764 2.1764
431.9247 1.6322
435.2729 1.0308
438.6212 0.8359
441.9694 0.7392
445.3177 0.8444
448.6659 1.2716
452.0142 1.7033
455.3624 2.4300
458.7107 2.6899
462.0589 3.1053
465.4072 3.4236
468.7554 3.9492
472.1037 4.1837
475.4519 4.2264
478.8002 4.0925
482.1485 4.1729
485.4967 4.0319
488.8450 3.4176
492.1932 3.3209
495.5415 3.9441
498.8897 4.4789
502.2380 4.9295
505.5862 5.9368
508.9345 6.5459
512.2827 7.1624
515.6310 7.3639
518.9792 7.7965
522.3275 7.7488
525.6757 7.8226
529.0240 8.3812
532.3722 9.1950
535.7205 9.8487
539.0688 9.9420
542.4170 10.0883
545.7653 11.1449
549.1135 11.8951
552.4618 12.5522
555.8100 13.3366
559.1583 14.0404
562.5065 14.4801
565.8548 14.9645
569.2030 15.7237
572.5513 16.3378
575.8995 16.6753
579.2478 16.9977
582.5960 16.9977
585.9443 16.9577
589.2926 16.9577
592.6408 16.9577
595.9891 17.0367
599.3373 17.0367
602.6856 17.0367
606.0338 17.0581
609.3821 17.1925
612.7303 17.6533
616.0786 17.9901
619.4268 18.3569
622.7751 18.5511
626.1233 18.6749
629.4716 18.9008
632.8198 19.2405
636.1681 19.3672
639.5163 19.8552
642.8646 19.1949
646.2129 18.9613
649.5611 19.1870
652.9094 20.2669
656.2576 21.4139
659.6059 21.5575
662.9541 21.7732
666.3024 22.1013
669.6506 23.1794
