0.0000 92.3523
3.3483 92.4591
6.6965 92.3507
10.0448 92.2870
13.3930 92.2310
16.7413 92.0505
20.0895 91.9173
23.4378 91.8202
26.7860 91.6930
30.1343 91.5720
33.4825 90.8842
36.8308 90.8084
40.1790 90.7014
43.5273 90.8301
46.8755 90.9607
50.2238 91.1960
53.5721 91.3965
56.9203 91.3386
60.2686 91.3563
63.6168 91.2248
66.9651 91.4979
70.3133 91.7172
73.6616 91.8283
77.0098 92.0496
80.3581 92.2697
83.7063 92.2697
87.0546 92.3433
90.4028 92.5092
93.7511 92.8402
97.0993 92.9143
100.4476 93.1220
103.7958 93.3428
107.1441 92.9744
110.4924 93.1046
113.8406 93.3967
117.1889 92.8983
120.5371 92.2015
123.8854 91.5578
127.2336 91.1345
130.5819 91.2825
133.9301 91.6665
137.2784 91.8527
140.6266 91.8713
143.9749 92.0542
147.3231 92.0552
150.6714 92.1665
154.0196 92.1665
157.3679 92.4002
160.7162 91.8660
164.0644 91.9398
167.4127 91.9582
170.7609 91.8303
174.1092 92.0343
177.4574 92.2211
180.8057 92.3835
184.1539 92.8267
187.5022 92.8923
190.8504 92.9429
194.1987 92.9174
197.5469 92.9174
200.8952 93.1245
204.2434 93.1445
207.5917 93.2861
210.9399 93.2861
214.2882 93.6745
217.6365 93.6575
220.9847 93.6575
224.3330 93.5797
227.6812 93.5797
231.0295 93.5797
234.3777 93.5797
237.7260 93.5797
241.0742 92.9379
244.4225 92.9379
247.7707 92.9379
251.1190 92.9379
254.4672 92.9379
257.8155 92.9379
261.1637 93.3308
264.5120 93.6964
267.8603 93.6964
271.2085 93.6964
274.5568 93.6964
277.9050 94.2205
281.2533 94.2426
284.6015 94.5190
287.9498 94.7156
291.2980 94.8308
294.6463 94.9895
297.9945 95.3351
301.3428 96.1206
304.6910 96.6366
308.0393 97.0161
311.3875 97.6080
314.7358 97.9235
318.0840 97.9235
321.4323 98.0045
324.7806 98.5352
328.1288 98.8227
331.4771 99.0740
334.8253 99.0943
338.1736 98.8837
341.5218 98.8837
344.8701 98.8837
348.2183 98.8837
351.5666 98.8837
354.9148 98.8837
358.2631 98.8837
361.6113 98.8837
364.9596 98.8837
368.3078 98.8837
371.6561 98.8837
375.0044 98.8837
378.3526 98.8837
381.7009 98.8837
385.0491 98.8837
388.3974 98.8837
391.7456 98.8837
395.0939 98.8837
398.4421 98.8837
401.7904 98.9478
405.1386 99.0247
408.4869 99.0013
411.8351 99.0013
415.1834 99.0013
418.5316 99.0013
421.8799 99.0013
425.2281 99.0013
428.5764 99.0013
431.9247 98.9330
435.2729 99.0551
438.6212 99.0551
441.9694 98.8967
445.3177 98.8560
448.6659 98.8560
452.0142 98.8560
455.3624 98.8560
458.7107 98.8560
462.0589 98.8560
465.4072 98.8560
468.7554 98.8560
472.1037 98.8560
475.4519 98.8560
478.8002 98.8560
482.1485 98.8560
485.4967 98.8560
488.8450 98.7907
492.1932 98.8067
495.5415 98.8067
498.8897 98.5191
502.2380 98.3764
505.5862 98.3966
508.9345 98.3620
512.2827 98.1387
515.6310 97.6851
518.9792 97.4222
522.3275 97.0678
525.6757 96.9998
529.0240 96.8242
532.3722 96.8242
535.7205 96.9847
539.0688 96.8744
542.4170 96.6786
545.7653 96.2982
549.1135 96.4127
552.4618 95.9831
555.8100 95.9084
559.1583 96.2693
562.5065 96.3622
565.8548 96.4714
569.2030 97.4666
572.5513 97.6080
575.8995 97.7495
579.2478 97.8021
582.5960 98.0930
585.9443 98.7150
589.2926 99.5286
592.6408 99.6307
595.9891 99.6881
599.3373 99.5067
602.6856 99.5823
606.0338 99.5303
609.3821 98.7211
612.7303 98.5346
616.0786 98.5346
619.4268 98.5346
622.7751 98.5346
626.1233 98.5346
629.4716 98.5346
632.8198 98.3417
636.1681 98.5160
639.5163 98.3677
642.8646 98.2512
646.2129 98.3620
649.5611 98.2967
652.9094 98.1628
656.2576 98.2429
659.6059 98.2824
662.9541 98.1613
666.3024 98.1289
669.6506 98.0644
