0.0000 31.9002
3.3483 32.0624
6.6965 32.0318
10.0448 32.0501
13.3930 31.8215
16.7413 31.8779
20.0895 31.8779
23.4378 32.0461
26.7860 31.9450
30.1343 31.9898
33.4825 31.9975
36.8308 31.9975
40.1790 31.9975
43.5273 31.9975
46.8755 31.9975
50.2238 31.9975
53.5721 31.9975
56.9203 31.9975
60.2686 32.1736
63.6168 32.1736
66.9651 32.1473
70.3133 32.1473
73.6616 32.1473
77.0098 32.1473
80.3581 32.1473
83.7063 32.1473
87.0546 32.8061
90.4028 33.0687
93.7511 33.6404
97.0993 34.0368
100.4476 35.0708
103.7958 35.0708
107.1441 35.6055
110.4924 37.9608
113.8406 38.1414
117.1889 38.0730
120.5371 38.3383
123.8854 37.6345
127.2336 37.7631
130.5819 37.7431
133.9301 37.8863
137.2784 37.9837
140.6266 38.9433
143.9749 39.3286
147.3231 39.5554
150.6714 39.2090
154.0196 38.5469
157.3679 39.1307
160.7162 39.1056
164.0644 39.1115
167.4127 39.5670
170.7609 39.6408
174.1092 39.6408
177.4574 37.6706
180.8057 37.5964
184.1539 37.7961
187.5022 37.7961
190.8504 37.7961
194.1987 37.7833
197.5469 37.8550
200.8952 38.8986
204.2434 39.0375
207.5917 39.5162
210.9399 39.6179
214.2882 39.8066
217.6365 39.3764
220.9847 39.4928
224.3330 39.7053
227.6812 40.0177
231.0295 40.5715
234.3777 40.7852
237.7260 40.6413
241.0742 40.9294
244.4225 41.3133
247.7707 41.3627
251.1190 41.2657
254.4672 41.2898
257.8155 41.4824
261.1637 41.4824
264.5120 41.6280
267.8603 41.8721
271.2085 42.8110
274.5568 42.8110
277.9050 42.9215
281.2533 42.9215
284.6015 42.9215
287.9498 42.9215
291.2980 42.9215
294.6463 42.9215
297.9945 42.9215
301.3428 42.9215
304.6910 42.9215
308.0393 42.9215
311.3875 42.9215
314.7358 42.9215
318.0840 42.7627
321.4323 42.8252
324.7806 42.8444
328.1288 42.8444
331.4771 42.7993
334.8253 42.7420
338.1736 42.7420
341.5218 42.7420
344.8701 42.7420
348.2183 42.7420
351.5666 42.7420
354.9148 42.7420
358.2631 42.7420
361.6113 42.7420
364.9596 42.8043
368.3078 43.3841
371.6561 43.3841
375.0044 43.4037
378.3526 43.4905
381.7009 43.4540
385.0491 43.4540
388.3974 43.3530
391.7456 43.3530
395.0939 43.4456
398.4421 43.4456
401.7904 43.4456
405.1386 43.4375
408.4869 43.4091
411.8351 43.4091
415.1834 43.4010
418.5316 43.4010
421.8799 43.3984
425.2281 43.4375
428.5764 43.4375
431.9247 43.4375
435.2729 43.5382
438.6212 43.4849
441.9694 43.4849
445.3177 43.4849
448.6659 43.4849
452.0142 43.4849
455.3624 43.4849
458.7107 43.4849
462.0589 43.4849
465.4072 43.4849
468.7554 43.4652
472.1037 43.4652
475.4519 43.4652
478.8002 43.4652
482.1485 43.4821
485.4967 43.4821
488.8450 43.4821
492.1932 43.4821
495.5415 43.3346
498.8897 43.1134
502.2380 43.0101
505.5862 42.7261
508.9345 42.8047
512.2827 42.6055
515.6310 42.7993
518.9792 42.7993
522.3275 42.7993
525.6757 42.7993
529.0240 42.7154
532.3722 42.7250
535.7205 42.6028
539.0688 42.6581
542.4170 42.5273
545.7653 42.6535
549.1135 42.6535
552.4618 42.5047
555.8100 42.4861
559.1583 42.6302
562.5065 42.5413
565.8548 42.7604
569.2030 42.4534
572.5513 42.3568
575.8995 42.2805
579.2478 42.3352
582.5960 42.3356
585.9443 42.2990
589.2926 42.1159
592.6408 41.8421
595.9891 41.4408
599.3373 41.5865
602.6856 41.2625
606.0338 40.5319
609.3821 40.4790
612.7303 40.5423
616.0786 40.7586
619.4268 40.9378
622.7751 41.1190
626.1233 41.5179
629.4716 42.0636
632.8198 42.1919
636.1681 42.1738
639.5163 42.1558
642.8646 42.1553
646.2129 42.1553
649.5611 42.1553
652.9094 42.1553
656.2576 42.1553
659.6059 41.8100
662.9541 41.9001
666.3024 41.9182
669.6506 41.9884
