4 4 5.30776 5.53292
4 4 5.30776 5.53292
4.02112 3.98513 5.31142 5.49181
4.02112 3.98513 5.31501 5.49181
4.02112 3.98513 5.31501 5.49181
4.02112 3.98513 5.31501 5.49181
4.03721 3.96592 5.31596 5.36232
4.03721 3.96592 5.31596 5.36232
4.03721 3.96592 5.31596 5.36232
4.03721 3.96592 5.31596 5.36232
3.99195 4.02568 5.31462 2.24142
3.99195 4.02568 5.31325 2.24142
3.99195 4.02568 5.31186 2.24142
3.99195 4.02568 5.31043 2.24142
3.99195 4.02568 5.31043 2.24142
3.9393 4.07815 5.30485 2.45194
3.9393 4.07815 5.30485 2.45194
3.9393 4.07815 5.30485 2.45194
3.9393 4.07815 5.30485 2.45194
3.90236 4.1433 5.30714 2.04829
3.90236 4.1433 5.30948 2.04829
3.90236 4.1433 5.31187 2.04829
3.90236 4.1433 5.31187 2.04829
3.90236 4.1433 5.31187 2.04829
3.90906 4.11848 5.30848 5.14168
3.90906 4.11848 5.30516 5.14168
3.90906 4.11848 5.30516 5.14168
3.90906 4.11848 5.30516 5.14168
3.91824 4.09489 5.30293 5.19353
3.91824 4.09489 5.30075 5.19353
3.91824 4.09489 5.29861 5.19353
3.91824 4.09489 5.29861 5.19353
3.93673 4.07756 5.30093 5.41519
3.93673 4.07756 5.30093 5.41519
3.93673 4.07756 5.30093 5.41519
3.93673 4.07756 5.30093 5.41519
3.93673 4.07756 5.30093 5.41519
3.93673 4.07756 5.30093 5.41519
3.94969 4.05617 5.3005 5.27908
3.94969 4.05617 5.3005 5.27908
3.94969 4.05617 5.3005 5.27908
3.95649 4.03145 5.29728 5.1387
3.95649 4.03145 5.29412 5.1387
3.95649 4.03145 5.29102 5.1387
3.95649 4.03145 5.29102 5.1387
3.95649 4.03145 5.29102 5.1387
3.95649 4.03145 5.29102 5.1387
3.95649 4.03145 5.29102 5.1387
3.96276 4.00652 5.28767 5.12256
3.96276 4.00652 5.28438 5.12256
3.96276 4.00652 5.28116 5.12256
3.96276 4.00652 5.278 5.12256
3.96276 4.00652 5.2749 5.12256
3.96276 4.00652 5.27187 5.12256
3.96276 4.00652 5.27187 5.12256
3.96276 4.00652 5.27187 5.12256
3.96276 4.00652 5.27187 5.12256
3.96276 4.00652 5.27187 5.12256
3.91654 4.06532 5.26868 2.29037
3.91654 4.06532 5.26868 2.29037
3.94045 4.05304 5.27421 5.54882
3.94045 4.05304 5.27963 5.54882
3.94045 4.05304 5.27963 5.54882
3.95212 4.03088 5.27881 5.2383
3.95212 4.03088 5.278 5.2383
3.95212 4.03088 5.2772 5.2383
3.95212 4.03088 5.27643 5.2383
3.95212 4.03088 5.27643 5.2383
3.95212 4.03088 5.27643 5.2383
3.97472 4.01727 5.28115 5.51509
3.97472 4.01727 5.28115 5.51509
3.92347 4.07108 5.27548 2.42746
3.92347 4.07108 5.27548 2.42746
3.88956 4.1378 5.27825 1.99455
3.88956 4.1378 5.28109 1.99455
3.88956 4.1378 5.28109 1.99455
3.88956 4.1378 5.28109 1.99455
3.83814 4.19141 5.2753 2.43277
3.83814 4.19141 5.2753 2.43277
3.83814 4.19141 5.2753 2.43277
3.83814 4.19141 5.2753 2.43277
3.85567 4.17323 5.27735 5.37789
3.85567 4.17323 5.27735 5.37789
3.85567 4.17323 5.27735 5.37789
3.87068 4.15318 5.27813 5.31617
3.87068 4.15318 5.27813 5.31617
3.882 4.13083 5.27716 5.22971
3.882 4.13083 5.27621 5.22971
3.882 4.13083 5.27528 5.22971
3.882 4.13083 5.27528 5.22971
3.88895 4.10627 5.27239 5.13006
3.88895 4.10627 5.27239 5.13006
3.84188 4.16431 5.26877 2.31271
3.84188 4.16431 5.26877 2.31271
3.8478 4.13934 5.2655 5.10473
3.8478 4.13934 5.2623 5.10473
3.8478 4.13934 5.25916 5.10473
3.8478 4.13934 5.25609 5.10473
3.8478 4.13934 5.25609 5.10473
3.8478 4.13934 5.25609 5.10473
3.8478 4.13934 5.25609 5.10473
3.8478 4.13934 5.25609 5.10473
3.80064 4.19719 5.25192 2.32457
3.80064 4.19719 5.24766 2.32457
3.80064 4.19719 5.24333 2.32457
3.80064 4.19719 5.23891 2.32457
3.80064 4.19719 5.2344 2.32457
3.80064 4.19719 5.2344 2.32457
3.82125 4.18136 5.23839 5.43507
3.82125 4.18136 5.23839 5.43507
3.8267 4.15633 5.23525 5.08077
3.8267 4.15633 5.23217 5.08077
3.8267 4.15633 5.23217 5.08077
3.8267 4.15633 5.23217 5.08077
3.84134 4.13598 5.23321 5.28408
3.84134 4.13598 5.23423 5.28408
3.84134 4.13598 5.23522 5.28408
3.84134 4.13598 5.2362 5.28408
3.84134 4.13598 5.23716 5.28408
3.84134 4.13598 5.23716 5.28408
3.84134 4.13598 5.23716 5.28408
3.86357 4.12168 5.24199 5.48114
3.86357 4.12168 5.24673 5.48114
3.86357 4.12168 5.24673 5.48114
3.86357 4.12168 5.24673 5.48114
3.86357 4.12168 5.24673 5.48114
3.86357 4.12168 5.24673 5.48114
3.88247 4.10447 5.24972 5.39721
3.88247 4.10447 5.24972 5.39721
3.90391 4.0895 5.25403 5.46661
3.90391 4.0895 5.25403 5.46661
3.87848 4.15933 5.25971 1.82429
3.87848 4.15933 5.25971 1.82429
3.89405 4.13965 5.26093 5.32083
3.89405 4.13965 5.26213 5.32083
3.89405 4.13965 5.2633 5.32083
3.89405 4.13965 5.2633 5.32083
3.89341 4.11252 5.25741 4.9639
3.89341 4.11252 5.25741 4.9639
3.89341 4.11252 5.25741 4.9639
3.91237 4.09542 5.26035 5.40498
3.91237 4.09542 5.26035 5.40498
3.87234 4.15884 5.2599 2.14131
3.87234 4.15884 5.25943 2.14131
3.87234 4.15884 5.25943 2.14131
3.88963 4.14042 5.26151 5.36324
3.88963 4.14042 5.26151 5.36324
3.88963 4.14042 5.26151 5.36324
3.9051 4.12067 5.26266 5.31914
3.9051 4.12067 5.26379 5.31914
3.9051 4.12067 5.26379 5.31914
3.92217 4.10209 5.26571 5.36024
3.92217 4.10209 5.26571 5.36024
3.92217 4.10209 5.26571 5.36024
3.93749 4.08224 5.26675 5.31771
3.93749 4.08224 5.26777 5.31771
3.93749 4.08224 5.26877 5.31771
3.93749 4.08224 5.26975 5.31771
3.93749 4.08224 5.26975 5.31771
3.88934 4.13924 5.26547 2.34404
3.88934 4.13924 5.2611 2.34404
3.88934 4.13924 5.25664 2.34404
3.88934 4.13924 5.25664 2.34404
3.88934 4.13924 5.25664 2.34404
3.88934 4.13924 5.25664 2.34404
3.91133 4.12486 5.26119 5.486
3.91133 4.12486 5.26119 5.486
3.92315 4.10281 5.26062 5.23267
3.92315 4.10281 5.26006 5.23267
3.92315 4.10281 5.26006 5.23267
3.92315 4.10281 5.26006 5.23267
3.92315 4.10281 5.26006 5.23267
3.94183 4.08549 5.26284 5.39922
3.94183 4.08549 5.26556 5.39922
3.94183 4.08549 5.26822 5.39922
3.94183 4.08549 5.27083 5.39922
3.94183 4.08549 5.27083 5.39922
3.9661 4.07363 5.27655 5.56084
3.9661 4.07363 5.27655 5.56084
3.9661 4.07363 5.27655 5.56084
3.9661 4.07363 5.27655 5.56084
3.9661 4.07363 5.27655 5.56084
3.97732 4.05122 5.27555 5.22649
3.97732 4.05122 5.27457 5.22649
3.97732 4.05122 5.27361 5.22649
3.97732 4.05122 5.27267 5.22649
3.97732 4.05122 5.27174 5.22649
3.97732 4.05122 5.27084 5.22649
3.97732 4.05122 5.27084 5.22649
3.99116 4.0304 5.27112 5.28497
3.99116 4.0304 5.27112 5.28497
3.99116 4.0304 5.27112 5.28497
3.95815 4.09752 5.27416 1.97711
3.95815 4.09752 5.27416 1.97711
3.95815 4.09752 5.27416 1.97711
3.95815 4.09752 5.27416 1.97711
3.95815 4.09752 5.27416 1.97711
3.95996 4.07103 5.26913 5.01988
3.95996 4.07103 5.26913 5.01988
3.95996 4.07103 5.26913 5.01988
3.9773 4.05267 5.27113 5.36956
3.9773 4.05267 5.2731 5.36956
