0 0.00660017
0.01 0.0184829
0.02 0.0319696
0.03 0.0488419
0.04 0.0677224
0.05 0.0859358
0.06 0.101639
0.07 0.118446
0.08 0.135673
0.09 0.148999
0.1 0.166924
0.11 0.192627
0.12 0.207954
0.13 0.231529
0.14 0.255101
0.15 0.2788
0.16 0.301992
0.17 0.322994
0.18 0.353051
0.19 0.375773
0.2 0.403741
0.21 0.429767
0.22 0.454123
0.23 0.475954
0.24 0.500326
0.25 0.527414
0.26 0.568946
0.27 0.602009
0.28 0.623772
0.29 0.649127
0.3 0.690592
0.31 0.722392
0.32 0.754614
0.33 0.792703
0.34 0.832646
0.35 0.868553
0.36 0.898738
0.37 0.926563
0.38 0.954766
0.39 0.978502
0.4 1.01536
0.41 1.04441
0.42 1.07309
0.43 1.11911
0.44 1.17223
0.45 1.2333
0.46 1.28104
0.47 1.3255
0.48 1.37348
0.49 1.41457
0.5 1.46319
0.51 1.50932
0.52 1.55067
0.53 1.59743
0.54 1.64788
0.55 1.69195
0.56 1.74914
0.57 1.80577
0.58 1.87421
0.59 1.93779
0.6 1.98883
0.61 2.03754
0.62 2.08877
0.63 2.13215
0.64 2.18167
0.65 2.24727
0.66 2.30862
0.67 2.37043
0.68 2.42653
0.69 2.50156
0.7 2.55608
0.71 2.59756
0.72 2.64092
0.73 2.6613
0.74 2.71556
0.75 2.76647
0.76 2.84467
0.77 2.90534
0.78 2.97523
0.79 3.03397
0.8 3.07763
0.81 3.12042
0.82 3.20332
0.83 3.26989
0.84 3.35041
0.85 3.42941
0.86 3.53098
0.87 3.60566
0.88 3.67874
0.89 3.75971
0.9 3.84214
0.91 3.90434
0.92 3.98466
0.93 4.05137
0.94 4.1351
0.95 4.19789
0.96 4.26517
0.97 4.30885
0.98 4.3806
0.99 4.45308
1 4.52163
1.01 4.60763
1.02 4.68992
1.03 4.76764
1.04 4.8311
1.05 4.88896
1.06 4.95777
1.07 5.04457
1.08 5.14194
1.09 5.19897
1.1 5.27654
1.11 5.36156
1.12 5.45342
1.13 5.55173
1.14 5.64399
1.15 5.75657
1.16 5.88148
1.17 5.95209
1.18 6.02092
1.19 6.11922
1.2 6.23356
1.21 6.31063
1.22 6.41402
1.23 6.48123
1.24 6.57158
1.25 6.70277
1.26 6.81909
1.27 6.93727
1.28 7.05256
1.29 7.16501
1.3 7.23424
1.31 7.35222
1.32 7.47005
1.33 7.56714
1.34 7.66011
1.35 7.73898
1.36 7.82584
1.37 7.91293
1.38 8.00647
1.39 8.09114
1.4 8.18449
1.41 8.2482
1.42 8.33438
1.43 8.4536
1.44 8.55732
1.45 8.63149
1.46 8.74255
1.47 8.81235
1.48 8.92898
1.49 9.01736
1.5 9.10382
1.51 9.2269
1.52 9.31153
1.53 9.35872
1.54 9.45357
1.55 9.54802
1.56 9.67143
1.57 9.73675
1.58 9.84285
1.59 9.95425
1.6 10.0818
1.61 10.2143
1.62 10.3341
1.63 10.4556
1.64 10.5659
1.65 10.6466
1.66 10.7597
1.67 10.8986
1.68 11.0244
1.69 11.1323
1.7 11.2809
1.71 11.4027
1.72 11.5406
1.73 11.6601
1.74 11.7671
1.75 11.8758
1.76 11.9648
1.77 12.0889
1.78 12.2154
1.79 12.3583
1.8 12.4731
1.81 12.5851
1.82 12.6887
1.83 12.8391
1.84 12.9843
1.85 13.1103
1.86 13.2236
1.87 13.3205
1.88 13.4773
1.89 13.5912
1.9 13.694
1.91 13.8203
1.92 13.9306
1.93 14.0656
1.94 14.1952
1.95 14.3024
1.96 14.4728
1.97 14.6438
1.98 14.7689
1.99 14.9185
2 15.0839
2.01 15.2503
2.02 15.3864
2.03 15.522
2.04 15.632
2.05 15.7977
2.06 15.941
2.07 16.1065
2.08 16.2984
2.09 16.4508
2.1 16.5839
2.11 16.6746
2.12 16.7573
2.13 16.8802
2.14 17.0408
2.15 17.1898
2.16 17.3324
2.17 17.5359
2.18 17.6913
2.19 17.8136
2.2 18.0137
2.21 18.1453
2.22 18.2838
2.23 18.376
2.24 18.5375
2.25 18.7018
2.26 18.905
2.27 19.0282
2.28 19.1656
2.29 19.3118
2.3 19.4825
2.31 19.6383
2.32 19.7742
2.33 19.9211
2.34 20.0333
2.35 20.1782
2.36 20.306
2.37 20.403
2.38 20.518
2.39 20.7143
2.4 20.8841
2.41 21.0783
2.42 21.2115
2.43 21.3594
2.44 21.4739
2.45 21.6243
2.46 21.8442
2.47 22.09
2.48 22.2528
2.49 22.4152
2.5 22.6423
2.51 22.839
2.52 23.0612
2.53 23.2331
2.54 23.4044
2.55 23.5476
2.56 23.6925
2.57 23.8519
2.58 24.0993
2.59 24.3202
2.6 24.4822
2.61 24.608
2.62 24.7628
2.63 24.8882
2.64 25.0809
2.65 25.2725
2.66 25.4514
2.67 25.6176
2.68 25.8017
2.69 26.0055
2.7 26.1435
2.71 26.2825
2.72 26.541
2.73 26.7637
2.74 26.9193
2.75 27.1202
2.76 27.3204
2.77 27.5345
2.78 27.7476
2.79 27.9802
2.8 28.2174
2.81 28.4244
2.82 28.6278
2.83 28.8559
2.84 29.0054
2.85 29.1881
2.86 29.3502
2.87 29.5451
2.88 29.699
2.89 29.8738
2.9 29.9693
2.91 30.1326
2.92 30.3939
2.93 30.6509
2.94 30.874
2.95 31.0578
2.96 31.222
2.97 31.3653
2.98 31.5466
2.99 31.714
3 31.8612
3.01 32.0615
3.02 32.2389
3.03 32.4076
3.04 32.5917
3.05 32.7442
3.06 32.8924
3.07 33.0954
3.08 33.2208
3.09 33.3948
3.1 33.5583
3.11 33.7418
3.12 33.9945
3.13 34.1584
3.14 34.3074
3.15 34.4931
3.16 34.591
3.17 34.7993
3.18 35.0931
3.19 35.4549
3.2 35.724
3.21 35.8581
3.22 36.0731
3.23 36.2829
3.24 36.5184
3.25 36.7368
3.26 36.9687
3.27 37.1758
3.28 37.3192
3.29 37.5065
3.3 37.7117
3.31 38.01
3.32 38.2349
3.33 38.4235
3.34 38.5741
3.35 38.7248
3.36 38.9767
3.37 39.1328
3.38 39.3145
3.39 39.4968
3.4 39.7121
3.41 39.8786
3.42 40.0932
3.43 40.2501
3.44 40.3582
3.45 40.5737
3.46 40.7021
3.47 40.8988
3.48 41.1247
3.49 41.2958
3.5 41.5562
3.51 41.8113
3.52 42.0113
3.53 42.1706
3.54 42.4364
3.55 42.6477
3.56 42.7974
3.57 43.0591
3.58 43.2913
3.59 43.5237
3.6 43.8646
3.61 44.0291
3.62 44.2208
3.63 44.4725
3.64 44.697
3.65 44.9521
3.66 45.1657
3.67 45.3342
3.68 45.5033
3.69 45.6793
3.7 45.9947
3.71 46.2348
3.72 46.442
3.73 46.7211
3.74 46.9248
3.75 47.113
3.76 47.339
3.77 47.6173
3.78 47.7781
3.79 47.8862
3.8 47.9993
3.81 48.2203
3.82 48.3854
3.83 48.6265
3.84 48.9376
3.85 49.1902
3.86 49.4776
3.87 49.7516
3.88 49.9919
3.89 50.2314
3.9 50.5445
3.91 50.8195
3.92 51.1269
3.93 51.3763
3.94 51.6127
3.95 51.908
3.96 52.1921
3.97 52.414
3.98 52.6815
3.99 52.9841
4 53.1827
4.01 53.4436
4.02 53.7056
4.03 53.9336
4.04 54.2193
4.05 54.4473
4.06 54.7064
4.07 54.9816
4.08 55.2542
4.09 55.5183
4.1 55.7684
4.11 56.0527
4.12 56.3348
4.13 56.6429
4.14 56.8891
4.15 57.2346
4.16 57.5332
4.17 57.7561
4.18 57.955
4.19 58.2334
4.2 58.4631
4.21 58.7819
4.22 59.0487
4.23 59.2423
4.24 59.5025
4.25 59.7681
4.26 59.968
4.27 60.0912
4.28 60.3228
4.29 60.5927
4.3 60.8471
4.31 61.1578
4.32 61.3893
4.33 61.7755
4.34 62.1431
4.35 62.5178
4.36 62.7091
4.37 62.9782
4.38 63.2556
4.39 63.6313
4.4 63.9902
4.41 64.288
4.42 64.5504
4.43 64.8957
4.44 65.1206
4.45 65.3076
4.46 65.6201
4.47 65.9138
4.48 66.1655
4.49 66.5681
4.5 66.8324
4.51 67.132
4.52 67.3508
4.53 67.5372
4.54 67.7944
4.55 68.1084
4.56 68.412
4.57 68.6256
4.58 68.8636
4.59 69.2013
4.6 69.5233
4.61 69.8337
4.62 70.0659
4.63 70.3229
4.64 70.7147
4.65 71.0574
4.66 71.3389
4.67 71.5406
4.68 71.7271
4.69 71.8546
4.7 72.1039
4.71 72.4334
4.72 72.7548
4.73 73.1319
4.74 73.4093
4.75 73.6687
4.76 73.9635
4.77 74.2489
4.78 74.5611
4.79 74.8673
4.8 75.1974
4.81 75.4357
4.82 75.7693
4.83 76.0733
4.84 76.3905
4.85 76.7192
4.86 76.9964
4.87 77.3591
4.88 77.6773
4.89 77.9953
4.9 78.3022
4.91 78.6648
4.92 78.9184
4.93 79.1307
4.94 79.4589
4.95 79.766
4.96 80.061
4.97 80.3843
4.98 80.7542
4.99 81.0214
5 81.355
5.01 81.668
5.02 82.0125
5.03 82.3661
5.04 82.7258
5.05 83.0673
5.06 83.406
5.07 83.7245
5.08 83.9536
5.09 84.2152
5.1 84.4747
5.11 84.8499
5.12 85.1066
5.13 85.4744
5.14 85.7219
5.15 86.1445
5.16 86.4951
5.17 86.8446
5.18 87.094
5.19 87.4532
5.2 87.7655
5.21 88.1523
5.22 88.4021
5.23 88.6053
5.24 88.9205
5.25 89.2561
5.26 89.5615
5.27 89.8522
5.28 90.1555
5.29 90.4768
5.3 90.7903
5.31 91.1568
5.32 91.3917
5.33 91.6232
5.34 91.9026
5.35 92.31
5.36 92.608
5.37 92.8641
5.38 93.0979
5.39 93.5363
5.4 94.0651
5.41 94.4192
5.42 94.7692
5.43 95.2208
5.44 95.7635
5.45 96.164
5.46 96.5281
5.47 96.8088
5.48 97.1589
5.49 97.5819
5.5 97.8685
5.51 98.1871
5.52 98.4543
5.53 98.7328
5.54 99.1114
5.55 99.5828
5.56 99.8945
5.57 100.199
5.58 100.52
5.59 100.911
5.6 101.264
5.61 101.565
5.62 101.791
5.63 102.232
5.64 102.548
5.65 103.025
5.66 103.475
5.67 103.862
5.68 104.181
5.69 104.514
5.7 104.997
5.71 105.452
5.72 105.777
5.73 106.034
5.74 106.325
5.75 106.591
5.76 106.879
5.77 107.13
5.78 107.496
5.79 107.798
5.8 108.175
5.81 108.54
5.82 108.908
5.83 109.28
5.84 109.58
5.85 109.935
5.86 110.343
5.87 110.643
5.88 110.94
5.89 111.156
5.9 111.492
5.91 111.87
5.92 112.175
5.93 112.596
5.94 113.037
5.95 113.443
5.96 113.721
5.97 114.085
5.98 114.439
5.99 114.738
6 115.055
6.01 115.358
6.02 115.672
6.03 116.026
6.04 116.391
6.05 116.796
6.06 117.249
6.07 117.654
6.08 118.15
6.09 118.497
6.1 118.894
6.11 119.301
6.12 119.673
6.13 119.948
6.14 120.194
6.15 120.545
6.16 120.957
6.17 121.19
6.18 121.522
6.19 121.791
6.2 122.058
6.21 122.395
6.22 122.749
6.23 122.994
6.24 123.207
6.25 123.548
6.26 123.932
6.27 124.32
6.28 124.666
6.29 125.035
6.3 125.413
6.31 125.741
6.32 126.186
6.33 126.577
6.34 126.934
6.35 127.37
6.36 127.77
6.37 128.195
6.38 128.668
6.39 129.06
6.4 129.38
6.41 129.719
6.42 130.082
6.43 130.426
6.44 130.824
6.45 131.188
6.46 131.531
6.47 131.966
6.48 132.302
6.49 132.482
6.5 132.678
6.51 133.028
6.52 133.303
6.53 133.686
6.54 134.035
6.55 134.347
6.56 134.68
6.57 134.988
6.58 135.202
6.59 135.44
6.6 135.811
6.61 136.102
6.62 136.428
6.63 136.7
6.64 137.036
6.65 137.368
6.66 137.657
6.67 138.023
6.68 138.507
6.69 138.923
6.7 139.333
6.71 139.741
6.72 140.038
6.73 140.426
6.74 140.819
6.75 141.124
6.76 141.354
6.77 141.63
6.78 141.918
6.79 142.247
6.8 142.654
6.81 142.976
6.82 143.33
6.83 143.728
6.84 144.208
6.85 144.665
6.86 145.011
6.87 145.445
6.88 145.841
6.89 146.258
6.9 146.62
6.91 147.137
6.92 147.599
6.93 147.98
6.94 148.334
6.95 148.656
6.96 149.085
6.97 149.542
6.98 149.959
6.99 150.417
7 150.789
7.01 151.322
7.02 151.739
7.03 152.069
7.04 152.548
7.05 152.904
7.06 153.188
7.07 153.419
7.08 153.697
7.09 153.972
7.1 154.364
7.11 154.693
7.12 155.19
7.13 155.655
7.14 155.906
7.15 156.271
7.16 156.57
7.17 156.951
7.18 157.335
7.19 157.732
7.2 158.211
7.21 158.639
7.22 159.169
7.23 159.681
7.24 160.18
7.25 160.623
7.26 160.938
7.27 161.342
7.28 161.69
7.29 161.926
7.3 162.306
7.31 162.651
7.32 163.14
7.33 163.503
7.34 163.909
7.35 164.219
7.36 164.73
7.37 165.119
7.38 165.41
7.39 165.694
7.4 165.984
7.41 166.452
7.42 166.813
7.43 167.218
7.44 167.567
7.45 167.864
7.46 168.333
7.47 168.848
7.48 169.114
7.49 169.484
7.5 169.808
7.51 170.187
7.52 170.532
7.53 170.957
7.54 171.394
7.55 171.691
7.56 172.013
7.57 172.396
7.58 172.873
7.59 173.31
7.6 173.718
7.61 174.088
7.62 174.499
7.63 174.958
7.64 175.356
7.65 175.683
7.66 175.993
7.67 176.273
7.68 176.663
7.69 177.077
7.7 177.468
7.71 177.811
7.72 178.253
7.73 178.684
7.74 179.066
7.75 179.431
7.76 179.743
7.77 180.196
7.78 180.547
7.79 180.806
7.8 181.065
7.81 181.43
7.82 181.964
7.83 182.385
7.84 182.817
7.85 183.366
7.86 183.757
7.87 184.163
7.88 184.672
7.89 185.143
7.9 185.615
7.91 186.135
7.92 186.617
7.93 186.942
7.94 187.239
7.95 187.61
7.96 187.985
7.97 188.399
7.98 188.952
7.99 189.335
8 189.667
8.01 190.061
8.02 190.521
8.03 191.024
8.04 191.432
8.05 191.682
8.06 191.825
8.07 192.152
8.08 192.612
8.09 193.157
8.1 193.663
8.11 194.203
8.12 194.625
8.13 194.98
8.14 195.546
8.15 195.989
8.16 196.441
8.17 196.985
8.18 197.469
8.19 197.9
8.2 198.404
8.21 199.016
8.22 199.632
8.23 199.975
8.24 200.324
8.25 200.654
8.26 200.929
8.27 201.29
8.28 201.696
8.29 202.13
8.3 202.668
8.31 203.12
8.32 203.574
8.33 204.031
8.34 204.624
8.35 205.144
8.36 205.584
8.37 206.028
8.38 206.521
8.39 206.914
8.4 207.226
8.41 207.551
8.42 207.79
8.43 208.319
8.44 208.83
8.45 209.199
8.46 209.642
8.47 210.055
8.48 210.446
8.49 210.935
8.5 211.292
8.51 211.527
8.52 212.171
8.53 212.536
8.54 213.049
8.55 213.62
8.56 214.139
8.57 214.644
8.58 214.923
8.59 215.387
8.6 215.807
8.61 216.244
8.62 216.829
8.63 217.367
8.64 217.683
8.65 218.117
8.66 218.495
8.67 218.884
8.68 219.327
8.69 219.855
8.7 220.363
8.71 220.82
8.72 221.344
8.73 221.906
8.74 222.339
8.75 222.58
8.76 223.19
8.77 223.759
8.78 224.314
8.79 224.971
8.8 225.572
8.81 226.093
8.82 226.437
8.83 226.958
8.84 227.243
8.85 227.523
8.86 227.957
8.87 228.474
8.88 229.025
8.89 229.626
8.9 230.033
8.91 230.585
8.92 231.159
8.93 231.713
8.94 232.266
8.95 232.816
8.96 233.235
8.97 233.361
8.98 233.546
8.99 233.791
9 234.102
9.01 234.418
9.02 234.678
9.03 235.053
9.04 235.735
9.05 236.185
9.06 236.711
9.07 237.114
9.08 237.676
9.09 238.259
9.1 238.66
9.11 238.876
9.12 239.329
9.13 239.844
9.14 240.289
9.15 240.694
9.16 241.085
9.17 241.58
9.18 242.154
9.19 242.638
9.2 243.029
9.21 243.543
9.22 244.05
9.23 244.452
9.24 244.872
9.25 245.338
9.26 245.914
9.27 246.36
9.28 246.931
9.29 247.459
9.3 248.05
9.31 248.524
9.32 248.862
9.33 249.36
9.34 249.78
9.35 250.273
9.36 250.761
9.37 251.125
9.38 251.679
9.39 252.298
9.4 252.757
9.41 253.14
9.42 253.443
9.43 253.842
9.44 254.45
9.45 255.023
9.46 255.691
9.47 256.357
9.48 256.783
9.49 257.129
9.5 257.272
9.51 257.661
9.52 258.188
9.53 258.715
9.54 259.071
9.55 259.552
9.56 260.097
9.57 260.534
9.58 261.099
9.59 261.665
9.6 262.267
9.61 262.881
9.62 263.267
9.63 263.696
9.64 264.26
9.65 264.68
9.66 265.205
9.67 265.576
9.68 265.982
9.69 266.512
9.7 266.989
9.71 267.546
9.72 268.138
9.73 268.802
9.74 269.409
9.75 269.962
9.76 270.426
9.77 270.967
9.78 271.397
9.79 271.983
9.8 272.495
9.81 272.851
9.82 273.374
9.83 273.878
9.84 274.402
9.85 274.78
9.86 275.335
9.87 275.795
9.88 276.317
9.89 276.845
9.9 277.285
9.91 277.879
9.92 278.435
9.93 279.111
9.94 279.597
9.95 279.98
9.96 280.282
9.97 280.695
9.98 280.939
9.99 281.385
10 281.801
10.01 282.264
10.02 282.715
10.03 283.23
10.04 283.633
10.05 284.093
10.06 284.456
10.07 285.074
10.08 285.613
10.09 285.992
10.1 286.566
10.11 287.149
10.12 287.567
10.13 288.072
10.14 288.477
10.15 289.003
10.16 289.437
10.17 289.791
10.18 290.225
10.19 290.749
10.2 291.345
10.21 291.832
10.22 292.293
10.23 292.831
10.24 293.368
10.25 293.891
10.26 294.39
10.27 294.75
10.28 295.445
10.29 295.806
10.3 296.09
10.31 296.454
10.32 296.998
10.33 297.51
10.34 298.093
10.35 298.736
10.36 299.283
10.37 299.968
10.38 300.55
10.39 300.962
10.4 301.186
10.41 301.651
10.42 302.103
10.43 302.36
10.44 302.609
10.45 303.079
10.46 303.503
10.47 304.006
10.48 304.602
10.49 305.234
10.5 305.71
10.51 306.045
10.52 306.467
10.53 306.915
10.54 307.512
10.55 308.262
10.56 308.621
10.57 309.246
10.58 309.964
10.59 310.611
10.6 311.315
10.61 311.966
10.62 312.595
10.63 313.044
10.64 313.634
10.65 314.267
10.66 314.907
10.67 315.281
10.68 315.789
10.69 316.148
10.7 316.446
10.71 316.733
10.72 317.288
10.73 317.657
10.74 318.103
10.75 318.504
10.76 319.115
10.77 319.622
10.78 320.118
10.79 320.628
10.8 321.315
10.81 321.854
10.82 322.245
10.83 322.658
10.84 323.159
10.85 323.626
10.86 324.268
10.87 324.876
10.88 325.68
10.89 326.321
10.9 326.88
10.91 327.432
10.92 328.01
10.93 328.844
10.94 329.468
10.95 329.648
10.96 330.002
10.97 330.328
10.98 330.779
10.99 331.634
11 332.332
11.01 333.028
11.02 333.805
11.03 334.464
11.04 335.115
11.05 335.554
11.06 336.15
11.07 336.818
11.08 337.401
11.09 337.998
11.1 338.687
11.11 339.129
11.12 339.682
11.13 340.301
11.14 340.748
11.15 341.288
11.16 341.923
11.17 342.574
11.18 343.311
11.19 343.918
11.2 344.613
11.21 345.281
11.22 345.933
11.23 346.654
11.24 347.357
11.25 347.768
11.26 348.493
11.27 348.91
11.28 349.381
11.29 350.066
11.3 350.673
11.31 351.214
11.32 351.61
11.33 352.442
11.34 353.099
11.35 353.59
11.36 353.897
11.37 354.352
11.38 354.772
11.39 355.38
11.4 356.221
11.41 356.932
11.42 357.438
11.43 357.803
11.44 358.42
11.45 359.041
11.46 359.686
11.47 360.169
11.48 360.603
11.49 361.164
11.5 361.775
11.51 362.528
11.52 363.369
11.53 364.126
11.54 364.749
11.55 365.429
11.56 366.009
11.57 366.685
11.58 367.195
11.59 367.615
11.6 368.084
11.61 368.587
11.62 369.256
11.63 370.086
11.64 370.576
11.65 371.209
11.66 371.907
11.67 372.62
11.68 373.139
11.69 373.538
11.7 374.14
11.71 374.714
11.72 375.13
11.73 375.685
11.74 376.069
11.75 376.573
11.76 376.997
11.77 377.481
11.78 378.094
11.79 378.625
11.8 379.081
11.81 379.688
11.82 380.142
11.83 380.577
11.84 380.898
11.85 381.535
11.86 381.862
11.87 382.416
11.88 383.2
11.89 383.655
11.9 384.199
11.91 384.859
11.92 385.498
11.93 386.097
11.94 386.498
11.95 386.98
11.96 387.527
11.97 388.048
11.98 388.721
11.99 389.301
12 389.645
12.01 390.218
12.02 390.537
12.03 391.131
12.04 391.816
12.05 392.513
12.06 393.111
12.07 393.493
12.08 394.062
12.09 394.848
12.1 395.292
12.11 395.806
12.12 396.255
12.13 396.816
12.14 397.439
12.15 398.074
12.16 398.553
12.17 399.013
12.18 399.674
12.19 400.216
12.2 400.884
12.21 401.43
12.22 401.936
12.23 402.675
12.24 403.152
12.25 403.589
12.26 404.435
12.27 405.009
12.28 405.635
12.29 406.096
12.3 406.396
12.31 406.707
12.32 407.09
12.33 407.483
12.34 408.09
12.35 408.742
12.36 409.48
12.37 410.124
12.38 410.892
12.39 411.651
12.4 412.45
12.41 412.909
12.42 413.551
12.43 414.244
12.44 414.799
12.45 415.2
12.46 415.554
12.47 416.047
12.48 416.507
12.49 416.917
12.5 417.403
12.51 417.945
12.52 418.429
12.53 419.149
12.54 419.724
12.55 420.126
12.56 420.679
12.57 421.223
12.58 421.714
12.59 422.065
12.6 422.421
12.61 422.803
12.62 423.237
12.63 423.76
12.64 424.234
12.65 424.879
12.66 425.426
12.67 425.882
12.68 426.381
12.69 426.915
12.7 427.323
12.71 427.713
12.72 428.482
12.73 428.878
12.74 429.58
12.75 430.188
12.76 430.675
12.77 431.225
12.78 431.61
12.79 432.219
12.8 432.89
12.81 433.509
12.82 433.861
12.83 434.163
12.84 434.759
12.85 435.363
12.86 435.945
12.87 436.528
12.88 437.133
12.89 437.903
12.9 438.456
12.91 439.091
12.92 439.563
12.93 440.274
12.94 440.804
12.95 441.375
12.96 442.308
12.97 442.974
12.98 443.333
12.99 443.734
13 444.466
13.01 445.217
13.02 445.8
13.03 446.606
13.04 446.973
13.05 447.427
13.06 448.017
13.07 448.651
13.08 449.231
13.09 449.83
13.1 450.238
13.11 450.884
13.12 451.63
13.13 452.161
13.14 452.804
13.15 453.351
13.16 453.943
13.17 454.478
13.18 455.115
13.19 455.532
13.2 455.871
13.21 456.551
13.22 457.088
13.23 457.614
13.24 458.125
13.25 458.512
13.26 458.981
13.27 459.704
13.28 460.541
13.29 460.882
13.3 461.529
13.31 462.308
13.32 462.961
13.33 463.435
13.34 464.018
13.35 464.705
13.36 465.363
13.37 465.972
13.38 466.748
13.39 467.372
13.4 468.146
13.41 469.055
13.42 469.516
13.43 469.823
13.44 470.437
13.45 471.218
13.46 471.879
13.47 472.346
13.48 473.167
13.49 473.743
13.5 474.455
13.51 475.233
13.52 475.933
13.53 476.373
13.54 477.356
13.55 477.953
13.56 478.372
13.57 479.088
13.58 479.663
13.59 480.371
13.6 481.028
13.61 481.738
13.62 482.292
13.63 483.093
13.64 483.822
13.65 484.372
13.66 484.738
13.67 485.236
13.68 485.938
13.69 486.41
13.7 486.866
13.71 487.329
13.72 488.049
13.73 488.798
13.74 489.613
13.75 490.397
13.76 491.123
13.77 491.47
13.78 491.998
13.79 492.555
13.8 493.214
13.81 493.993
13.82 494.855
13.83 495.501
13.84 496.357
13.85 497.197
13.86 497.916
13.87 498.685
13.88 499.413
13.89 500.259
13.9 501.02
13.91 501.801
13.92 502.74
13.93 503.415
13.94 504.057
13.95 504.929
13.96 505.497
13.97 506.191
13.98 507.157
13.99 507.729
14 508.314
14.01 508.835
14.02 509.601
14.03 510.256
14.04 510.989
14.05 511.456
14.06 512.132
14.07 512.984
14.08 513.698
14.09 514.486
14.1 515.189
14.11 515.649
14.12 516.124
14.13 516.916
14.14 517.565
14.15 518.336
14.16 518.772
14.17 519.393
14.18 520.06
14.19 520.921
14.2 521.567
14.21 522.242
14.22 523.024
14.23 523.679
14.24 524.46
14.25 525.134
14.26 525.809
14.27 526.472
14.28 526.865
14.29 527.522
14.3 528.102
14.31 528.914
14.32 529.546
14.33 530.316
14.34 531.219
14.35 531.894
14.36 532.434
14.37 532.786
14.38 533.133
14.39 533.719
14.4 534.199
14.41 534.926
14.42 535.661
14.43 536.299
14.44 537.025
14.45 537.767
14.46 538.442
14.47 539.08
14.48 539.905
14.49 540.299
14.5 540.65
14.51 541.386
14.52 542.116
14.53 542.888
14.54 543.409
14.55 544.044
14.56 544.656
14.57 545.221
14.58 545.92
14.59 546.704
14.6 547.536
14.61 548.259
14.62 548.879
14.63 549.469
14.64 550.162
14.65 550.72
14.66 551.317
14.67 551.716
14.68 552.189
14.69 552.8
14.7 553.437
14.71 554.199
14.72 555.153
14.73 555.819
14.74 556.324
14.75 556.863
14.76 557.431
14.77 558.005
14.78 558.773
14.79 559.353
14.8 560.039
14.81 560.911
14.82 561.643
14.83 562.355
14.84 562.759
14.85 563.226
14.86 563.943
14.87 564.716
14.88 565.424
14.89 566.279
14.9 566.912
14.91 567.5
14.92 568.053
14.93 568.642
14.94 569.468
14.95 570.335
14.96 570.775
14.97 571.376
14.98 571.907
14.99 572.671
15 573.365
15.01 574.391
15.02 575.17
15.03 575.905
15.04 576.594
15.05 577.111
15.06 577.756
15.07 578.317
15.08 578.729
15.09 579.317
15.1 579.91
15.11 580.305
15.12 580.712
15.13 581.215
15.14 581.917
15.15 582.382
15.16 582.72
15.17 583.225
15.18 583.58
15.19 584.135
15.2 584.827
15.21 585.427
15.22 586.155
15.23 586.885
15.24 587.892
15.25 588.528
15.26 588.942
15.27 589.55
15.28 590.197
15.29 590.883
15.3 591.472
15.31 592.169
15.32 592.917
15.33 593.316
15.34 593.783
15.35 594.165
15.36 594.757
15.37 595.564
15.38 596.614
15.39 597.39
15.4 597.948
15.41 598.264
15.42 598.872
15.43 599.514
15.44 600.238
15.45 600.676
15.46 601.554
15.47 602.128
15.48 602.858
15.49 603.338
15.5 603.691
15.51 604.252
15.52 605.077
15.53 605.737
15.54 606.467
15.55 607.126
15.56 607.945
15.57 608.666
15.58 609.299
15.59 609.895
15.6 610.63
15.61 611.43
15.62 611.953
15.63 612.874
15.64 613.553
15.65 614.042
15.66 614.874
15.67 615.732
15.68 616.355
15.69 617.195
15.7 617.604
15.71 618.266
15.72 618.873
15.73 619.769
15.74 620.314
15.75 620.936
15.76 621.49
15.77 621.902
15.78 622.575
15.79 623.057
15.8 623.458
15.81 624.056
15.82 624.557
15.83 625.197
15.84 626.318
15.85 627.009
15.86 627.554
15.87 628.416
15.88 628.809
15.89 629.44
15.9 629.956
15.91 630.668
15.92 631.337
15.93 631.983
15.94 632.813
15.95 633.781
15.96 634.44
15.97 634.924
15.98 635.629
15.99 636.465
16 637.187
16.01 637.934
16.02 638.82
16.03 639.81
16.04 640.72
16.05 641.264
16.06 641.807
16.07 642.416
16.08 642.892
16.09 643.561
16.1 644.127
16.11 644.431
16.12 644.907
16.13 645.406
16.14 646.046
16.15 646.617
16.16 647.502
16.17 648.564
16.18 649.244
16.19 650.047
16.2 650.659
16.21 651.486
16.22 652.396
16.23 653.302
16.24 653.973
16.25 654.629
16.26 655.274
16.27 656.027
16.28 656.688
16.29 657.363
16.3 657.749
16.31 658.32
16.32 658.934
16.33 659.382
16.34 659.892
16.35 660.479
16.36 661.167
16.37 661.982
16.38 662.801
16.39 663.429
16.4 664.325
16.41 664.875
16.42 665.61
16.43 666.398
16.44 667.186
16.45 667.812
16.46 668.205
16.47 668.595
16.48 669.304
16.49 669.669
16.5 670.102
16.51 670.764
16.52 671.639
16.53 672.363
16.54 673.361
16.55 673.845
16.56 674.482
16.57 675.039
16.58 675.629
16.59 676.423
16.6 677.416
16.61 678.309
16.62 678.826
16.63 679.273
16.64 679.838
16.65 680.095
16.66 680.644
16.67 681.27
16.68 682.205
16.69 682.947
16.7 683.728
16.71 684.644
16.72 685.432
16.73 686.145
16.74 686.929
16.75 687.61
16.76 688.339
16.77 689.318
16.78 690.02
16.79 690.557
16.8 690.779
16.81 691.009
16.82 691.744
16.83 692.73
16.84 693.682
16.85 694.587
16.86 695.488
16.87 696.203
16.88 697.094
16.89 697.776
16.9 698.724
16.91 699.396
16.92 700.206
16.93 701.109
16.94 701.643
16.95 702.203
16.96 703.021
16.97 703.619
16.98 704.417
16.99 705.158
17 705.618
17.01 706.2
17.02 706.923
17.03 707.279
17.04 707.923
17.05 708.625
17.06 709.177
17.07 709.909
17.08 710.776
17.09 711.414
17.1 712.101
17.11 713.031
17.12 713.914
17.13 714.775
17.14 715.401
17.15 715.888
17.16 716.746
17.17 717.501
17.18 718.361
17.19 718.986
17.2 719.637
17.21 720.44
17.22 721.068
17.23 721.725
17.24 722.19
17.25 722.433
17.26 722.888
17.27 723.514
17.28 724.229
17.29 725.14
17.3 725.922
17.31 726.959
17.32 727.951
17.33 728.68
17.34 729.692
17.35 730.734
17.36 731.494
17.37 732.345
17.38 733.01
17.39 733.752
17.4 734.299
17.41 735.16
17.42 735.722
17.43 736.608
17.44 737.45
17.45 738.17
17.46 738.71
17.47 739.082
17.48 739.563
17.49 740.19
17.5 740.86
17.51 741.521
17.52 742.172
17.53 742.761
17.54 743.587
17.55 744.389
17.56 745.264
17.57 746.121
17.58 747.205
17.59 747.619
17.6 748.334
17.61 748.947
17.62 749.63
17.63 750.457
17.64 751.313
17.65 751.956
17.66 752.496
17.67 753.24
17.68 754.118
17.69 754.939
17.7 755.716
17.71 756.173
17.72 756.557
17.73 756.969
17.74 757.889
17.75 758.822
17.76 759.532
17.77 760.517
17.78 761.064
17.79 761.418
17.8 762.214
17.81 762.897
17.82 763.525
17.83 763.806
17.84 764.22
17.85 764.983
17.86 765.771
17.87 766.625
17.88 767.597
17.89 768.505
17.9 769.254
17.91 769.689
17.92 770.097
17.93 770.725
17.94 771.595
17.95 772.166
17.96 772.941
17.97 773.511
17.98 774.283
17.99 775.158
18 775.854
18.01 776.528
18.02 777.268
18.03 777.972
18.04 778.804
18.05 779.381
18.06 780.296
18.07 781.047
18.08 781.742
18.09 782.328
18.1 783.268
18.11 784.025
18.12 784.649
18.13 785.355
18.14 786.105
18.15 786.697
18.16 787.318
18.17 787.95
18.18 788.773
18.19 789.616
18.2 789.997
18.21 790.384
18.22 791.257
18.23 792.257
18.24 793.247
18.25 794.087
18.26 794.671
18.27 795.458
18.28 796.226
18.29 797.036
18.3 798.099
18.31 798.676
18.32 799.425
18.33 800.323
18.34 801.096
18.35 801.875
18.36 802.916
18.37 803.842
18.38 805.051
18.39 806.314
18.4 807.241
18.41 807.804
18.42 808.406
18.43 809.499
18.44 810.449
18.45 811.314
18.46 812.111
18.47 812.75
18.48 813.608
18.49 814.602
18.5 815.301
18.51 816.073
18.52 816.836
18.53 817.45
18.54 818.207
18.55 819.087
18.56 819.848
18.57 820.27
18.58 820.896
18.59 821.448
18.6 822.089
18.61 822.79
18.62 823.504
18.63 824.456
18.64 825.263
18.65 825.993
18.66 826.756
18.67 827.78
18.68 828.5
18.69 829.291
18.7 830.323
18.71 831.018
18.72 831.714
18.73 832.701
18.74 833.062
18.75 833.988
18.76 834.778
18.77 835.469
18.78 836.247
18.79 836.903
18.8 837.649
18.81 838.445
18.82 839.216
18.83 840.12
18.84 840.795
18.85 841.57
18.86 842.184
18.87 843.044
18.88 843.632
18.89 844.158
18.9 845.091
18.91 845.832
18.92 846.537
18.93 846.826
18.94 847.454
18.95 848.595
18.96 849.68
18.97 850.555
18.98 851.627
18.99 852.412
19 853.119
19.01 853.801
19.02 854.311
19.03 855.051
19.04 855.88
19.05 856.521
19.06 857.264
19.07 857.865
19.08 858.481
19.09 859.112
19.1 860.158
19.11 861.334
19.12 862.048
19.13 862.857
19.14 863.315
19.15 864.096
19.16 864.847
19.17 865.519
19.18 866.248
19.19 867.059
19.2 867.702
19.21 868.174
19.22 868.799
19.23 869.58
19.24 870.522
19.25 871.523
19.26 872.424
19.27 873.404
19.28 874.239
19.29 874.924
19.3 875.529
19.31 876.197
19.32 877.065
19.33 877.632
19.34 878.594
19.35 879.629
19.36 880.478
19.37 880.977
19.38 881.722
19.39 882.575
19.4 883.465
19.41 884.282
19.42 885.126
19.43 886.042
19.44 886.442
19.45 886.853
19.46 887.212
19.47 888.099
19.48 888.756
19.49 889.584
19.5 890.257
19.51 891.104
19.52 892.082
19.53 893.267
19.54 894.139
19.55 894.807
19.56 895.738
19.57 896.923
19.58 897.819
19.59 898.638
19.6 899.524
19.61 900.214
19.62 901.127
19.63 901.917
19.64 902.484
19.65 903.167
19.66 903.97
19.67 905.063
19.68 905.851
19.69 906.412
19.7 907.1
19.71 907.784
19.72 908.625
19.73 909.104
19.74 909.792
19.75 910.485
19.76 911.14
19.77 912.417
19.78 913.471
19.79 914.207
19.8 914.8
19.81 915.409
19.82 916.262
19.83 917.238
19.84 918.071
19.85 919.087
19.86 919.887
19.87 920.63
19.88 921.557
19.89 922.656
19.9 923.529
19.91 924.157
19.92 924.763
19.93 925.272
19.94 925.918
19.95 926.636
19.96 927.519
19.97 928.498
19.98 929.65
19.99 930.567
20 931.435
20.01 931.85
20.02 932.511
20.03 933.32
20.04 934.2
20.05 935.013
20.06 935.691
20.07 936.263
20.08 936.946
20.09 937.639
20.1 938.369
20.11 939.017
20.12 939.618
20.13 940.46
20.14 941.263
20.15 942.049
20.16 942.628
20.17 943.255
20.18 944.164
20.19 945.09
20.2 945.899
20.21 946.76
20.22 947.823
20.23 948.529
20.24 949.096
20.25 949.482
20.26 950.505
20.27 951.491
20.28 952.083
20.29 952.741
20.3 953.793
20.31 955.123
20.32 955.743
20.33 956.452
20.34 957.432
20.35 958.417
20.36 958.8
20.37 959.554
20.38 960.276
20.39 961.019
20.4 961.792
20.41 962.557
20.42 963.363
20.43 964.414
20.44 965.27
20.45 965.954
20.46 966.478
20.47 967.363
20.48 967.94
20.49 968.93
20.5 969.639
20.51 970.657
20.52 971.623
20.53 972.746
20.54 973.81
20.55 974.719
20.56 975.623
20.57 976.78
20.58 977.461
20.59 978.325
20.6 979.239
20.61 980.369
20.62 981.206
20.63 982.147
20.64 983.094
20.65 983.622
20.66 984.329
20.67 984.934
20.68 985.699
20.69 986.635
20.7 987.435
20.71 988.114
20.72 988.82
20.73 989.311
20.74 990.294
20.75 991.036
20.76 991.5
20.77 992.108
20.78 993.003
20.79 994.054
20.8 995.045
20.81 995.989
20.82 996.6
20.83 997.227
20.84 998.109
20.85 999.076
20.86 999.893
20.87 1000.78
20.88 1001.4
20.89 1001.8
20.9 1002.3
20.91 1002.92
20.92 1004.07
20.93 1005.01
20.94 1005.97
20.95 1007.07
20.96 1007.73
20.97 1008.54
20.98 1009.58
20.99 1010.25
21 1010.92
21.01 1011.76
21.02 1013.02
21.03 1013.52
21.04 1014.23
21.05 1015.01
21.06 1015.68
21.07 1016.5
21.08 1017.04
21.09 1017.57
21.1 1018.46
21.11 1019.37
21.12 1020.58
21.13 1021.68
21.14 1022.54
21.15 1023.17
21.16 1024.05
21.17 1024.88
21.18 1025.86
21.19 1026.85
21.2 1027.81
21.21 1028.93
21.22 1029.93
21.23 1031.06
21.24 1031.73
21.25 1032.73
21.26 1033.78
21.27 1034.59
21.28 1035.45
21.29 1036.61
21.3 1037.64
21.31 1038.5
21.32 1039.31
21.33 1040.53
21.34 1041.64
21.35 1042.47
21.36 1043.46
21.37 1044.28
21.38 1045.21
21.39 1045.88
21.4 1046.85
21.41 1047.9
21.42 1048.55
21.43 1049.4
21.44 1050.2
21.45 1050.55
21.46 1051.03
21.47 1051.7
21.48 1052.55
21.49 1053
21.5 1053.75
21.51 1054.91
21.52 1055.55
21.53 1056.15
21.54 1056.68
21.55 1057.4
21.56 1058.25
21.57 1059.39
21.58 1060.26
21.59 1060.89
21.6 1061.49
21.61 1062.17
21.62 1063.1
21.63 1064.02
21.64 1065.01
21.65 1065.78
21.66 1066.57
21.67 1067.7
21.68 1068.39
21.69 1068.84
21.7 1069.63
21.71 1070.36
21.72 1071.5
21.73 1072.38
21.74 1073.08
21.75 1073.85
21.76 1074.78
21.77 1075.54
21.78 1076.46
21.79 1077.37
21.8 1078.17
21.81 1079.41
21.82 1080.22
21.83 1081.21
21.84 1081.91
21.85 1082.85
21.86 1083.68
21.87 1084.55
21.88 1085.15
21.89 1085.77
21.9 1086.71
21.91 1087.45
21.92 1088.17
21.93 1089.19
21.94 1090.23
21.95 1090.97
21.96 1091.64
21.97 1092.76
21.98 1093.91
21.99 1094.83
22 1095.69
22.01 1096.28
22.02 1096.92
22.03 1097.82
22.04 1098.33
22.05 1098.95
22.06 1099.59
22.07 1100.29
22.08 1101.05
22.09 1101.8
22.1 1102.69
22.11 1103.4
22.12 1104.12
22.13 1104.69
22.14 1105.37
22.15 1106.24
22.16 1107.09
22.17 1108.17
22.18 1108.7
22.19 1109.2
22.2 1110
22.21 1110.7
22.22 1111.36
22.23 1112.1
22.24 1112.75
22.25 1113.5
22.26 1114.52
22.27 1115.45
22.28 1116.24
22.29 1117.12
22.3 1117.64
22.31 1118.41
22.32 1119.5
22.33 1120.65
22.34 1121.39
22.35 1122.53
22.36 1123.58
22.37 1124.37
22.38 1125.01
22.39 1125.93
22.4 1126.54
22.41 1127.45
22.42 1128.27
22.43 1128.97
22.44 1129.75
22.45 1130.56
22.46 1131.46
22.47 1132.39
22.48 1133.21
22.49 1134.15
22.5 1134.87
22.51 1135.44
22.52 1136.15
22.53 1136.86
22.54 1137.9
22.55 1138.92
22.56 1139.72
22.57 1140.51
22.58 1141.24
22.59 1141.77
22.6 1142.42
22.61 1143.4
22.62 1143.94
22.63 1144.56
22.64 1145.22
22.65 1145.97
22.66 1146.84
22.67 1147.49
22.68 1148.42
22.69 1149.18
22.7 1150.12
22.71 1151.03
22.72 1152.32
22.73 1152.87
22.74 1153.38
22.75 1154.02
22.76 1155.06
22.77 1155.81
22.78 1156.36
22.79 1156.85
22.8 1157.79
22.81 1158.86
22.82 1159.36
22.83 1159.92
22.84 1160.81
22.85 1161.63
22.86 1162.56
22.87 1163.33
22.88 1164.31
22.89 1165.09
22.9 1165.97
22.91 1166.71
22.92 1167.4
22.93 1168.09
22.94 1168.73
22.95 1169.5
22.96 1170.21
22.97 1171.21
22.98 1172.11
22.99 1173.26
23 1173.94
23.01 1174.76
23.02 1175.78
23.03 1176.37
23.04 1176.97
23.05 1177.4
23.06 1178.02
23.07 1178.92
23.08 1179.57
23.09 1180.21
23.1 1180.9
23.11 1181.56
23.12 1182.25
23.13 1182.8
23.14 1183.32
23.15 1184.2
23.16 1185.1
23.17 1185.83
23.18 1186.87
23.19 1187.81
23.2 1188.53
23.21 1189.32
23.22 1190.23
23.23 1190.81
23.24 1191.44
23.25 1192.13
23.26 1192.94
23.27 1193.95
23.28 1194.68
23.29 1195.38
23.3 1196.07
23.31 1197.04
23.32 1198.26
23.33 1199.47
23.34 1200.34
23.35 1201.36
23.36 1201.88
23.37 1202.85
23.38 1203.57
23.39 1203.98
23.4 1204.56
23.41 1205.36
23.42 1206.1
23.43 1207.19
23.44 1208.23
23.45 1209.29
23.46 1210.23
23.47 1210.59
23.48 1211.7
23.49 1212.71
23.5 1213.68
23.51 1214.77
23.52 1215.55
23.53 1216.42
23.54 1217.32
23.55 1218.01
23.56 1218.69
23.57 1219.86
23.58 1220.74
23.59 1221.39
23.6 1222.4
23.61 1223.13
23.62 1223.98
23.63 1225.02
23.64 1226.1
23.65 1227.12
23.66 1227.98
23.67 1228.71
23.68 1229.33
23.69 1230.16
23.7 1231.04
23.71 1231.95
23.72 1233.25
23.73 1234.37
23.74 1234.96
23.75 1235.68
23.76 1236.54
23.77 1237.19
23.78 1238.14
23.79 1238.8
23.8 1239.45
23.81 1240.18
23.82 1241
23.83 1242.05
23.84 1243.33
23.85 1244.52
23.86 1245.48
23.87 1246.11
23.88 1247.22
23.89 1248.44
23.9 1249.7
23.91 1250.68
23.92 1251.5
23.93 1252.4
23.94 1253.35
23.95 1253.98
23.96 1254.81
23.97 1255.62
23.98 1256.24
23.99 1257.1
24 1257.79
24.01 1258.58
24.02 1259.57
24.03 1260.46
24.04 1261.27
24.05 1262.23
24.06 1262.94
24.07 1263.74
24.08 1264.5
24.09 1265.15
24.1 1265.84
24.11 1266.44
24.12 1266.81
24.13 1267.44
24.14 1268.4
24.15 1269.42
24.16 1270.53
24.17 1271.49
24.18 1272.4
24.19 1273.1
24.2 1273.87
24.21 1275.29
24.22 1276.32
24.23 1276.99
24.24 1277.88
24.25 1279.07
24.26 1280.11
24.27 1281.03
24.28 1282.11
24.29 1283.03
24.3 1283.92
24.31 1284.64
24.32 1285.47
24.33 1286.35
24.34 1286.9
24.35 1287.65
24.36 1288.19
24.37 1288.9
24.38 1289.91
24.39 1290.46
24.4 1291.47
24.41 1292.49
24.42 1293.89
24.43 1294.76
24.44 1295.42
24.45 1296.2
24.46 1296.81
24.47 1297.66
24.48 1299.03
24.49 1299.84
24.5 1300.56
24.51 1301.35
24.52 1302.53
24.53 1303.25
24.54 1304.13
24.55 1305.07
24.56 1306
24.57 1306.34
24.58 1306.93
24.59 1307.62
24.6 1308.52
24.61 1309.3
24.62 1309.88
24.63 1310.56
24.64 1311.34
24.65 1312.46
24.66 1313.4
24.67 1314.37
24.68 1315.44
24.69 1316.44
24.7 1317.38
24.71 1317.96
24.72 1318.72
24.73 1319.46
24.74 1320.62
24.75 1321.43
24.76 1322.34
24.77 1323.31
24.78 1324.12
24.79 1325.13
24.8 1325.75
24.81 1326.54
24.82 1327.33
24.83 1328.08
24.84 1328.85
24.85 1329.85
24.86 1330.85
24.87 1331.69
24.88 1332.39
24.89 1333.12
24.9 1333.89
24.91 1334.51
24.92 1335.04
24.93 1335.7
24.94 1336.48
24.95 1337.32
24.96 1337.95
24.97 1338.62
24.98 1339.06
24.99 1339.68
25 1340.15
25.01 1340.88
25.02 1341.68
25.03 1342.49
25.04 1343.81
25.05 1344.58
25.06 1345.47
25.07 1346.45
25.08 1347.51
25.09 1348.5
25.1 1349.27
25.11 1350.31
25.12 1351.57
25.13 1352.55
25.14 1353.2
25.15 1353.84
25.16 1354.45
25.17 1355.25
25.18 1355.85
25.19 1356.91
25.2 1357.8
25.21 1358.64
25.22 1359.72
25.23 1360.51
25.24 1361.35
25.25 1362.4
25.26 1363.04
25.27 1364.03
25.28 1365
25.29 1365.82
25.3 1366.69
25.31 1367.49
25.32 1368.63
25.33 1369.54
25.34 1370.46
25.35 1371.19
25.36 1371.92
25.37 1372.96
25.38 1373.71
25.39 1374.66
25.4 1375.49
25.41 1375.85
25.42 1376.54
25.43 1377.38
25.44 1378.04
25.45 1379.05
25.46 1380.01
25.47 1380.59
25.48 1381.12
25.49 1382.1
25.5 1382.38
25.51 1383.64
25.52 1384.4
25.53 1385.47
25.54 1386.6
25.55 1387.83
25.56 1389.07
25.57 1390.03
25.58 1390.83
25.59 1391.81
25.6 1392.89
25.61 1393.73
25.62 1394.83
25.63 1395.66
25.64 1396.63
25.65 1397.22
25.66 1397.9
25.67 1398.48
25.68 1399.12
25.69 1400.21
25.7 1400.87
25.71 1401.59
25.72 1402.33
25.73 1402.88
25.74 1403.9
25.75 1405.31
25.76 1406.27
25.77 1407.17
25.78 1408.01
25.79 1409.3
25.8 1409.72
25.81 1410.07
25.82 1410.74
25.83 1411.46
25.84 1412.04
25.85 1412.73
25.86 1413.59
25.87 1414.48
25.88 1414.86
25.89 1415.58
25.9 1415.94
25.91 1416.58
25.92 1417.51
25.93 1418.43
25.94 1418.96
25.95 1419.43
25.96 1419.99
25.97 1420.85
25.98 1421.67
25.99 1422.7
26 1423.37
26.01 1424.68
26.02 1425.78
26.03 1426.78
26.04 1427.8
26.05 1428.63
26.06 1429.55
26.07 1430.44
26.08 1431.71
26.09 1432.89
26.1 1433.74
26.11 1434.72
26.12 1435.68
26.13 1437.05
26.14 1438.18
26.15 1439.19
26.16 1440.4
26.17 1441.27
26.18 1442.21
26.19 1442.89
26.2 1443.53
26.21 1444.23
26.22 1445.12
26.23 1446.57
26.24 1447.19
26.25 1447.83
26.26 1448.49
26.27 1449.48
26.28 1450.29
26.29 1450.86
26.3 1451.65
26.31 1452.65
26.32 1453.8
26.33 1454.52
26.34 1455.36
26.35 1456.16
26.36 1456.74
26.37 1457.71
26.38 1458.51
26.39 1459.26
26.4 1459.39
26.41 1460.13
26.42 1460.89
26.43 1461.75
26.44 1463.06
26.45 1463.95
26.46 1464.34
26.47 1465.03
26.48 1465.72
26.49 1466.53
26.5 1467.89
26.51 1469.08
26.52 1470.04
26.53 1471.02
26.54 1471.99
26.55 1473.09
26.56 1474.02
26.57 1475.13
26.58 1476.06
26.59 1476.7
26.6 1477.41
26.61 1478.32
26.62 1479.57
26.63 1480.65
26.64 1481.93
26.65 1482.87
26.66 1483.81
26.67 1485.1
26.68 1486.8
26.69 1487.74
26.7 1488.48
26.71 1488.92
26.72 1489.15
26.73 1490.1
26.74 1490.67
26.75 1491.26
26.76 1492.19
26.77 1493.04
26.78 1494.16
26.79 1495.57
26.8 1496.54
26.81 1497.44
26.82 1498.51
26.83 1499.49
26.84 1500.03
26.85 1500.53
26.86 1501.22
26.87 1501.92
26.88 1502.73
26.89 1503.54
26.9 1504.56
26.91 1505.25
26.92 1506.09
26.93 1507.14
26.94 1508.37
26.95 1509.34
26.96 1510.52
26.97 1511.34
26.98 1511.54
26.99 1512.02
27 1512.98
27.01 1513.79
27.02 1515.01
27.03 1515.93
27.04 1516.55
27.05 1517.07
27.06 1517.78
27.07 1518.7
27.08 1519.77
27.09 1520.8
27.1 1521.79
27.11 1523.05
27.12 1524.03
27.13 1524.8
27.14 1525.47
27.15 1526.61
27.16 1527.8
27.17 1528.82
27.18 1529.97
27.19 1530.84
27.2 1531.43
27.21 1531.97
27.22 1532.88
27.23 1533.59
27.24 1534.25
27.25 1535
27.26 1536.11
27.27 1537.07
27.28 1538.08
27.29 1538.91
27.3 1539.52
27.31 1540.18
27.32 1541.19
27.33 1542
27.34 1542.84
27.35 1544.17
27.36 1545.24
27.37 1546.3
27.38 1547.1
27.39 1547.91
27.4 1548.74
27.41 1549.33
27.42 1550.13
27.43 1551.02
27.44 1552.02
27.45 1553
27.46 1554.26
27.47 1555.46
27.48 1556.19
27.49 1557.25
27.5 1557.91
27.51 1558.74
27.52 1559.74
27.53 1560.57
27.54 1561.35
27.55 1562.28
27.56 1562.86
27.57 1563.7
27.58 1564.95
27.59 1565.35
27.6 1565.86
27.61 1566.27
27.62 1567.13
27.63 1568
27.64 1568.86
27.65 1570.06
27.66 1570.71
27.67 1571.87
27.68 1572.56
27.69 1573.16
27.7 1574.2
27.71 1575.2
27.72 1576.18
27.73 1576.8
27.74 1577.18
27.75 1577.54
27.76 1578.43
27.77 1579.36
27.78 1580.46
27.79 1581.61
27.8 1582.65
27.81 1583.23
27.82 1583.92
27.83 1584.68
27.84 1585.59
27.85 1586.85
27.86 1587.63
27.87 1588.17
27.88 1588.73
27.89 1589.28
27.9 1589.86
27.91 1590.63
27.92 1591.58
27.93 1592.48
27.94 1593.31
27.95 1594.35
27.96 1595.15
27.97 1596.59
27.98 1597.9
27.99 1599.36
28 1600.46
28.01 1600.93
28.02 1601.68
28.03 1602.79
28.04 1603.43
28.05 1604.57
28.06 1605.83
28.07 1606.78
28.08 1607.67
28.09 1608.61
28.1 1609.73
28.11 1610.35
28.12 1611.44
28.13 1612.63
28.14 1613.69
28.15 1615.01
28.16 1616.18
28.17 1617.57
28.18 1618.19
28.19 1619.06
28.2 1619.84
28.21 1620.63
28.22 1621.7
28.23 1622.56
28.24 1623.32
28.25 1624.22
28.26 1625.2
28.27 1626.02
28.28 1627.13
28.29 1627.45
28.3 1628.03
28.31 1628.91
28.32 1629.73
28.33 1630.37
28.34 1631.19
28.35 1631.92
28.36 1632.81
28.37 1633.6
28.38 1634.18
28.39 1635.15
28.4 1635.99
28.41 1637.15
28.42 1637.97
28.43 1638.78
28.44 1639.76
28.45 1640.67
28.46 1641.9
28.47 1643.06
28.48 1644.29
28.49 1645.11
28.5 1646.04
28.51 1646.88
28.52 1647.62
28.53 1648.38
28.54 1648.91
28.55 1649.67
28.56 1650.6
28.57 1651.26
28.58 1651.94
28.59 1652.42
28.6 1653.38
28.61 1654.71
28.62 1655.55
28.63 1656.43
28.64 1657.33
28.65 1658.06
28.66 1658.78
28.67 1659.99
28.68 1660.87
28.69 1661.68
28.7 1662.42
28.71 1662.92
28.72 1664.09
28.73 1664.78
28.74 1665.06
28.75 1665.57
28.76 1666.42
28.77 1667.55
28.78 1668.6
28.79 1669.38
28.8 1670.3
28.81 1671.09
28.82 1672.01
28.83 1673.07
28.84 1674.48
28.85 1675.73
28.86 1676.49
28.87 1677.17
28.88 1678.16
28.89 1678.78
28.9 1679.52
28.91 1680.3
28.92 1681.27
28.93 1682.45
28.94 1683.62
28.95 1684.81
28.96 1685.96
28.97 1687.15
28.98 1687.87
28.99 1689.14
29 1689.77
29.01 1690.36
29.02 1691.46
29.03 1692.15
29.04 1692.7
29.05 1693.44
29.06 1694.56
29.07 1695.24
29.08 1695.99
29.09 1696.99
29.1 1697.99
29.11 1698.94
29.12 1699.71
29.13 1700.23
29.14 1700.64
29.15 1701.41
29.16 1702.08
29.17 1703.51
29.18 1704.39
29.19 1705.46
29.2 1706.23
29.21 1706.87
29.22 1707.5
29.23 1708.4
29.24 1709.12
29.25 1709.94
29.26 1711.03
29.27 1711.75
29.28 1712.87
29.29 1713.17
29.3 1714
29.31 1714.62
29.32 1715.17
29.33 1716.35
29.34 1717.76
29.35 1718.58
29.36 1719.51
29.37 1720.18
29.38 1720.93
29.39 1721.82
29.4 1722.57
29.41 1723.59
29.42 1724.46
29.43 1725.49
29.44 1726.05
29.45 1726.5
29.46 1727.61
29.47 1728.3
29.48 1728.6
29.49 1728.87
29.5 1729.45
29.51 1730.42
29.52 1731.73
29.53 1732.88
29.54 1734.01
29.55 1734.86
29.56 1735.22
29.57 1735.74
29.58 1736.15
29.59 1736.8
29.6 1737.67
29.61 1738.38
29.62 1739.18
29.63 1740.06
29.64 1741
29.65 1741.66
29.66 1742.39
29.67 1742.83
29.68 1743.63
29.69 1744.14
29.7 1745
29.71 1745.9
29.72 1747.01
29.73 1747.99
29.74 1749.16
29.75 1750.35
29.76 1750.93
29.77 1751.95
29.78 1752.68
29.79 1753.44
29.8 1753.98
29.81 1754.49
29.82 1755.05
29.83 1755.94
29.84 1757.02
29.85 1757.39
29.86 1758.07
29.87 1758.59
29.88 1759.39
29.89 1760.36
29.9 1760.96
29.91 1761.78
29.92 1762.48
29.93 1763.57
29.94 1764.76
29.95 1765.91
29.96 1766.89
29.97 1767.51
29.98 1768.03
29.99 1768.8
30 1769.37
30.01 1770.03
30.02 1770.44
30.03 1771.1
30.04 1771.92
30.05 1773.04
30.06 1774.25
30.07 1774.64
30.08 1775.17
30.09 1776.02
30.1 1776.54
30.11 1777.18
30.12 1778.12
30.13 1778.94
30.14 1779.26
30.15 1779.87
30.16 1780.69
30.17 1781.76
30.18 1782.82
30.19 1783.19
30.2 1783.94
30.21 1784.5
30.22 1785.09
30.23 1785.67
30.24 1786.45
30.25 1787.48
30.26 1788.5
30.27 1789.5
30.28 1790.65
30.29 1791.93
30.3 1793.12
30.31 1793.92
30.32 1794.3
30.33 1795.21
30.34 1795.75
30.35 1796.53
30.36 1797.29
30.37 1797.79
30.38 1798.37
30.39 1798.95
30.4 1799.94
30.41 1800.82
30.42 1801.76
30.43 1802.83
30.44 1803.81
30.45 1804.33
30.46 1805.05
30.47 1805.77
30.48 1807.17
30.49 1807.98
30.5 1808.35
30.51 1808.96
30.52 1809.87
30.53 1810.62
30.54 1811.33
30.55 1812.55
30.56 1813.7
30.57 1814.51
30.58 1815.57
30.59 1816.32
30.6 1817.39
30.61 1818.12
30.62 1819.04
30.63 1819.86
30.64 1820.67
30.65 1821.48
30.66 1822.68
30.67 1823.73
30.68 1824.32
30.69 1824.53
30.7 1825.1
30.71 1826.05
30.72 1826.2
30.73 1826.69
30.74 1827.47
30.75 1828.55
30.76 1829.42
30.77 1830.28
30.78 1831.11
30.79 1831.83
30.8 1832.65
30.81 1833.6
30.82 1834.08
30.83 1834.58
30.84 1835.32
30.85 1836.41
30.86 1837.21
30.87 1838.2
30.88 1839.01
30.89 1839.69
30.9 1840.4
30.91 1841.07
30.92 1841.6
30.93 1842.04
30.94 1842.54
30.95 1843
30.96 1844.02
30.97 1845
30.98 1846.28
30.99 1847.32
31 1847.94
31.01 1848.54
31.02 1849.09
31.03 1849.73
31.04 1850.72
31.05 1851.36
31.06 1852
31.07 1852.81
31.08 1853.73
31.09 1854.51
31.1 1855.25
31.11 1855.97
31.12 1856.63
31.13 1857.85
31.14 1858.77
31.15 1860.03
31.16 1860.7
31.17 1861.57
31.18 1862.23
31.19 1862.86
31.2 1863.82
31.21 1864.17
31.22 1865.42
31.23 1866.45
31.24 1867.27
31.25 1868.01
31.26 1868.65
31.27 1869.75
31.28 1870.3
31.29 1870.86
31.3 1871.8
31.31 1872.43
31.32 1873.28
31.33 1874.22
31.34 1875.02
31.35 1875.6
31.36 1876.11
31.37 1876.93
31.38 1877.88
31.39 1878.75
31.4 1879.1
31.41 1879.74
31.42 1880.74
31.43 1881.43
31.44 1882.55
31.45 1883.59
31.46 1884.89
31.47 1885.67
31.48 1886.22
31.49 1886.85
31.5 1887.56
31.51 1888.1
31.52 1888.89
31.53 1889.96
31.54 1890.74
31.55 1891.99
31.56 1893.1
31.57 1893.9
31.58 1894.61
31.59 1895.42
31.6 1896.34
31.61 1896.7
31.62 1897.57
31.63 1898.72
31.64 1899.82
31.65 1900.49
31.66 1901.61
31.67 1902.3
31.68 1902.84
31.69 1903.37
31.7 1904.27
31.71 1905.43
31.72 1906.56
31.73 1907.75
31.74 1908.64
31.75 1909.71
31.76 1910.76
31.77 1911.82
31.78 1913.07
31.79 1914.03
31.8 1914.95
31.81 1916.31
31.82 1917.74
31.83 1918.71
31.84 1919.64
31.85 1920.24
31.86 1921.25
31.87 1922.52
31.88 1923.08
31.89 1924.31
31.9 1925.6
31.91 1926.53
31.92 1927.61
31.93 1928.72
31.94 1929.38
31.95 1930.21
31.96 1930.84
31.97 1931.38
31.98 1931.66
31.99 1932.66
32 1933.31
32.01 1934.37
32.02 1935.3
32.03 1935.92
32.04 1936.85
32.05 1937.31
32.06 1938.14
32.07 1939.31
32.08 1940.58
32.09 1941.23
32.1 1942.12
32.11 1942.87
32.12 1943.61
32.13 1944.5
32.14 1945.19
32.15 1945.89
32.16 1946.69
32.17 1947.54
32.18 1948.23
32.19 1949.14
32.2 1950.14
32.21 1951.03
32.22 1952.44
32.23 1953.6
32.24 1954.76
32.25 1955.72
32.26 1956.21
32.27 1957.12
32.28 1957.93
32.29 1958.94
32.3 1959.84
32.31 1960.88
32.32 1962.11
32.33 1962.78
32.34 1963.77
32.35 1964.51
32.36 1965.38
32.37 1966.63
32.38 1967.72
32.39 1968.48
32.4 1968.9
32.41 1969.86
32.42 1970.76
32.43 1971.74
32.44 1972.27
32.45 1973.22
32.46 1974.53
32.47 1976.37
32.48 1977.83
32.49 1978.67
32.5 1979.41
32.51 1980.59
32.52 1981.3
32.53 1982.35
32.54 1983.38
32.55 1984.38
32.56 1985.39
32.57 1986.66
32.58 1987.35
32.59 1988.2
32.6 1989.04
32.61 1989.51
32.62 1990.09
32.63 1991.18
32.64 1991.67
32.65 1992.36
32.66 1993.47
32.67 1994.62
32.68 1995.64
32.69 1996.68
32.7 1997.56
32.71 1998.24
32.72 1998.82
32.73 1999.45
32.74 1999.92
32.75 2000.51
32.76 2000.69
32.77 2001.13
32.78 2002.05
32.79 2003.36
32.8 2004.34
32.81 2005.4
32.82 2006.26
32.83 2007.64
32.84 2008.55
32.85 2010
32.86 2010.84
32.87 2012.19
32.88 2013.27
32.89 2014.18
32.9 2015.06
32.91 2016.12
32.92 2017.33
32.93 2018.18
32.94 2018.97
32.95 2019.71
32.96 2020.64
32.97 2021.49
32.98 2021.76
32.99 2022.31
33 2023.19
33.01 2023.9
33.02 2024.95
33.03 2026.05
33.04 2027.06
33.05 2027.93
33.06 2028.09
33.07 2028.95
33.08 2029.84
33.09 2030.61
33.1 2031.49
33.11 2032.73
33.12 2033.92
33.13 2034.76
33.14 2035.32
33.15 2035.77
33.16 2036.9
33.17 2037.89
33.18 2039.09
33.19 2040.21
33.2 2040.82
33.21 2041.29
33.22 2042.01
33.23 2042.86
33.24 2043.33
33.25 2044.08
33.26 2044.53
33.27 2045.34
33.28 2046.44
33.29 2047.54
33.3 2048.33
33.31 2048.97
33.32 2049.47
33.33 2050.35
33.34 2051.27
33.35 2052.6
33.36 2053.99
33.37 2054.92
33.38 2055.82
33.39 2056.85
33.4 2057.56
33.41 2058.38
33.42 2059.05
33.43 2059.78
33.44 2060.98
33.45 2062
33.46 2063.2
33.47 2064.24
33.48 2064.6
33.49 2065.18
33.5 2065.84
33.51 2066.98
33.52 2068.14
33.53 2069.15
33.54 2069.94
33.55 2070.89
33.56 2071.82
33.57 2072.53
33.58 2072.95
33.59 2073.62
33.6 2074.47
33.61 2075.4
33.62 2076.64
33.63 2076.9
33.64 2077.9
33.65 2078.96
33.66 2079.93
33.67 2080.9
33.68 2082.4
33.69 2083.42
33.7 2083.88
33.71 2084.42
33.72 2085.27
33.73 2086.22
33.74 2087.55
33.75 2088.36
33.76 2089.26
33.77 2090.47
33.78 2091.55
33.79 2092.3
33.8 2092.76
33.81 2093.28
33.82 2094.89
33.83 2095.59
33.84 2096.12
33.85 2096.62
33.86 2097.9
33.87 2098.37
33.88 2099.61
33.89 2100.74
33.9 2101.7
33.91 2102.68
33.92 2103.95
33.93 2104.98
33.94 2106.44
33.95 2107.71
33.96 2108.97
33.97 2109.77
33.98 2110.36
33.99 2110.96
34 2111.76
34.01 2112
34.02 2112.37
34.03 2112.59
34.04 2113.23
34.05 2113.84
34.06 2114.75
34.07 2115.76
34.08 2116.47
34.09 2117.06
34.1 2117.75
34.11 2118.61
34.12 2119.26
34.13 2120.36
34.14 2120.76
34.15 2121.81
34.16 2122.73
34.17 2123.64
34.18 2124.57
34.19 2125.46
34.2 2126.2
34.21 2126.91
34.22 2127.53
34.23 2128.18
34.24 2128.73
34.25 2129.45
34.26 2130.85
34.27 2131.48
34.28 2132.71
34.29 2133.55
34.3 2134.61
34.31 2135.05
34.32 2135.41
34.33 2136.51
34.34 2137.63
34.35 2138.61
34.36 2139.27
34.37 2139.6
34.38 2140.44
34.39 2141.2
34.4 2142.15
34.41 2142.95
34.42 2143.49
34.43 2144.02
34.44 2144.77
34.45 2145.81
34.46 2146.85
34.47 2147.94
34.48 2148.82
34.49 2149.98
34.5 2151.22
34.51 2152.27
34.52 2153.03
34.53 2153.49
34.54 2153.98
34.55 2154.65
34.56 2155.14
34.57 2155.95
34.58 2156.87
34.59 2158.08
34.6 2159.42
34.61 2160.31
34.62 2161.42
34.63 2162.04
34.64 2162.42
34.65 2163.6
34.66 2164.22
34.67 2165
34.68 2165.28
34.69 2166.26
34.7 2166.99
34.71 2168.07
34.72 2168.98
34.73 2169.95
34.74 2170.73
34.75 2171.2
34.76 2171.6
34.77 2172.44
34.78 2173.36
34.79 2174
34.8 2174.68
34.81 2175.13
34.82 2176.14
34.83 2176.86
34.84 2177.8
34.85 2178.69
34.86 2180.04
34.87 2180.78
34.88 2181.69
34.89 2182.53
34.9 2183.69
34.91 2185.11
34.92 2186.14
34.93 2186.9
34.94 2187.96
34.95 2189.01
34.96 2189.64
34.97 2190.2
34.98 2191.27
34.99 2192.45
35 2193.62
35.01 2194.77
35.02 2195.89
35.03 2196.2
35.04 2196.67
35.05 2197.32
35.06 2197.99
35.07 2198.73
35.08 2199.61
35.09 2200.37
35.1 2201.37
35.11 2202.68
35.12 2203.82
35.13 2204.71
35.14 2205.8
35.15 2206.89
35.16 2207.76
35.17 2208.61
35.18 2209.62
35.19 2210.1
35.2 2210.65
35.21 2211.17
35.22 2212.2
35.23 2213.07
35.24 2214.14
35.25 2214.77
35.26 2215.45
35.27 2215.96
35.28 2216.72
35.29 2218.24
35.3 2219.02
35.31 2220.1
35.32 2220.73
35.33 2221.36
35.34 2222.28
35.35 2223.42
35.36 2224.48
35.37 2225.56
35.38 2226.04
35.39 2226.46
35.4 2227.01
35.41 2228.06
35.42 2229.11
35.43 2230.22
35.44 2231.39
35.45 2232.68
35.46 2233.64
35.47 2234.42
35.48 2235.06
35.49 2235.84
35.5 2236.69
35.51 2236.9
35.52 2237.72
35.53 2238.39
35.54 2239.31
35.55 2239.84
35.56 2240.29
35.57 2241.14
35.58 2242.49
35.59 2243.94
35.6 2244.61
35.61 2245.42
35.62 2246.67
35.63 2247.35
35.64 2248.32
35.65 2249.06
35.66 2250.12
35.67 2251.25
35.68 2252.06
35.69 2252.66
35.7 2253.73
35.71 2254.59
35.72 2255.75
35.73 2256.5
35.74 2257.45
35.75 2258.32
35.76 2259.17
35.77 2259.66
35.78 2260.83
35.79 2261.83
35.8 2262.49
35.81 2263.16
35.82 2264.2
35.83 2265.03
35.84 2265.93
35.85 2266.64
35.86 2267.85
35.87 2269.12
35.88 2270.25
35.89 2271.05
35.9 2271.74
35.91 2272.76
35.92 2273.44
35.93 2274.56
35.94 2275.12
35.95 2275.78
35.96 2276.79
35.97 2278.08
35.98 2278.92
35.99 2279.87
36 2280.92
36.01 2281.91
36.02 2282.72
36.03 2283.61
36.04 2284.2
36.05 2285.26
36.06 2285.89
36.07 2286.2
36.08 2287.11
36.09 2288.01
36.1 2288.87
36.11 2289.25
36.12 2289.83
36.13 2290.59
36.14 2291.32
36.15 2292.54
36.16 2293.65
36.17 2294.54
36.18 2295.3
36.19 2296.24
36.2 2296.62
36.21 2297.4
36.22 2298.21
36.23 2299.34
36.24 2300.15
36.25 2301.33
36.26 2302.38
36.27 2303.18
36.28 2304.32
36.29 2305.33
36.3 2306.62
36.31 2307.87
36.32 2308.8
36.33 2310.01
36.34 2311.63
36.35 2313.11
36.36 2314.28
36.37 2315.39
36.38 2316.39
36.39 2317.06
36.4 2317.2
36.41 2317.77
36.42 2318.43
36.43 2319.97
36.44 2321.1
36.45 2322.14
36.46 2323.31
36.47 2324.74
36.48 2326.16
36.49 2327.16
36.5 2327.98
36.51 2328.63
36.52 2329.71
36.53 2330.46
36.54 2331.23
36.55 2331.73
36.56 2333.03
36.57 2334.44
36.58 2335.44
36.59 2336.15
36.6 2337.38
36.61 2338.85
36.62 2339.55
36.63 2340.45
36.64 2341.35
36.65 2342.51
36.66 2343.13
36.67 2344.2
36.68 2345.11
36.69 2345.73
36.7 2346.81
36.71 2347.75
36.72 2348.66
36.73 2349.6
36.74 2350.53
36.75 2351.46
36.76 2352.32
36.77 2352.92
36.78 2353.76
36.79 2354.5
36.8 2355.84
36.81 2356.76
36.82 2357.39
36.83 2358.36
36.84 2359.11
36.85 2359.81
36.86 2360.81
36.87 2361.49
36.88 2362.48
36.89 2363.65
36.9 2364.91
36.91 2366.18
36.92 2367.08
36.93 2368.33
36.94 2369.89
36.95 2370.86
36.96 2371.87
36.97 2372.95
36.98 2373.6
36.99 2374.77
37 2375.59
37.01 2376.48
37.02 2376.75
37.03 2377.86
37.04 2378.64
37.05 2379.43
37.06 2380.03
37.07 2381.35
37.08 2382.67
37.09 2383.77
37.1 2384.46
37.11 2385.69
37.12 2386.57
37.13 2387.44
37.14 2387.93
37.15 2388.69
37.16 2389.65
37.17 2390.52
37.18 2390.96
37.19 2391.65
37.2 2392.2
37.21 2393.34
37.22 2394.49
37.23 2395.41
37.24 2396.04
37.25 2396.69
37.26 2397.72
37.27 2398.39
37.28 2398.98
37.29 2400.34
37.3 2401.43
37.31 2402.31
37.32 2403.67
37.33 2404.82
37.34 2405.86
37.35 2407.13
37.36 2408.25
37.37 2409.01
37.38 2410.17
37.39 2411.36
37.4 2412.59
37.41 2414.15
37.42 2415.38
37.43 2416.46
37.44 2417.21
37.45 2417.51
37.46 2418.23
37.47 2419.39
37.48 2419.67
37.49 2420.21
37.5 2420.63
37.51 2421.74
37.52 2422.16
37.53 2423.05
37.54 2424.32
37.55 2425.3
37.56 2426.33
37.57 2427.23
37.58 2428.43
37.59 2429.2
37.6 2430.2
37.61 2431.36
37.62 2432.22
37.63 2433.32
37.64 2434.65
37.65 2435.82
37.66 2436.98
37.67 2437.62
37.68 2438.44
37.69 2439.39
37.7 2440.7
37.71 2441.61
37.72 2442.56
37.73 2443.34
37.74 2444.55
37.75 2445.46
37.76 2446.36
37.77 2447.18
37.78 2448.35
37.79 2449.52
37.8 2450.93
37.81 2451.99
37.82 2453.39
37.83 2453.89
37.84 2454.57
37.85 2455.29
37.86 2456.09
37.87 2457.23
37.88 2458.27
37.89 2459
37.9 2460.38
37.91 2461.55
37.92 2462.35
37.93 2462.85
37.94 2463.38
37.95 2463.92
37.96 2464.36
37.97 2464.84
37.98 2465.83
37.99 2466.74
38 2467.68
38.01 2468.24
38.02 2469.17
38.03 2469.77
38.04 2471.08
38.05 2472.03
38.06 2472.73
38.07 2473.62
38.08 2474.41
38.09 2474.94
38.1 2475.87
38.11 2476.92
38.12 2477.81
38.13 2478.59
38.14 2479.24
38.15 2480.28
38.16 2480.86
38.17 2481.54
38.18 2482.4
38.19 2483.15
38.2 2484.14
38.21 2484.69
38.22 2485.75
38.23 2486.38
38.24 2486.76
38.25 2487.48
38.26 2488.16
38.27 2488.46
38.28 2489.32
38.29 2489.98
38.3 2491.04
38.31 2491.79
38.32 2492.37
38.33 2493.01
38.34 2494.5
38.35 2495.46
38.36 2496.02
38.37 2496.48
38.38 2496.79
38.39 2498.33
38.4 2499.41
38.41 2500.23
38.42 2501.42
38.43 2502.26
38.44 2502.54
38.45 2503.19
38.46 2504.31
38.47 2505.13
38.48 2506.14
38.49 2506.94
38.5 2508.06
38.51 2508.59
38.52 2509.76
38.53 2511.5
38.54 2512.69
38.55 2513.95
38.56 2514.75
38.57 2515.46
38.58 2516.37
38.59 2516.77
38.6 2516.89
38.61 2517.49
38.62 2517.98
38.63 2518.37
38.64 2518.56
38.65 2518.63
38.66 2519.54
38.67 2520.72
38.68 2522.05
38.69 2522.81
38.7 2523.97
38.71 2524.76
38.72 2525.3
38.73 2526.49
38.74 2527.61
38.75 2528.53
38.76 2529.34
38.77 2529.83
38.78 2530.7
38.79 2531.5
38.8 2532.58
38.81 2533.59
38.82 2535.03
38.83 2535.91
38.84 2536.17
38.85 2537.05
38.86 2538
38.87 2539.15
38.88 2539.59
38.89 2540.28
38.9 2540.87
38.91 2541.72
38.92 2542.6
38.93 2543.49
38.94 2544.32
38.95 2545.21
38.96 2545.78
38.97 2546.55
38.98 2547.26
38.99 2547.75
39 2548.52
39.01 2549.47
39.02 2549.98
39.03 2551.17
39.04 2552.04
39.05 2553.05
39.06 2553.98
39.07 2554.43
39.08 2555.22
39.09 2555.76
39.1 2557.08
39.11 2557.91
39.12 2559.03
39.13 2559.72
39.14 2560.57
39.15 2561.7
39.16 2562.4
39.17 2563.29
39.18 2563.65
39.19 2564.55
39.2 2565.69
39.21 2566.04
39.22 2567.22
39.23 2568.21
39.24 2568.99
39.25 2570.16
39.26 2571.41
39.27 2572.5
39.28 2573.73
39.29 2574.92
39.3 2575.77
39.31 2576.73
39.32 2578.09
39.33 2579.06
39.34 2580.11
39.35 2581.23
39.36 2581.64
39.37 2582.42
39.38 2583.01
39.39 2584.17
39.4 2584.94
39.41 2586.13
39.42 2587.59
39.43 2588.93
39.44 2590.19
39.45 2591.15
39.46 2592.58
39.47 2593.7
39.48 2594.72
39.49 2595.5
39.5 2596.56
39.51 2597.56
39.52 2598.26
39.53 2598.83
39.54 2599.29
39.55 2600.35
39.56 2601.84
39.57 2602.94
39.58 2604.03
39.59 2604.76
39.6 2605.52
39.61 2606.08
39.62 2606.98
39.63 2607.56
39.64 2608.22
39.65 2609.53
39.66 2610.4
39.67 2610.94
39.68 2611.3
39.69 2612.06
39.7 2612.92
39.71 2613.36
39.72 2613.76
39.73 2614.61
39.74 2615.58
39.75 2616.28
39.76 2617.05
39.77 2617.97
39.78 2618.87
39.79 2619.66
39.8 2620.14
39.81 2620.99
39.82 2622.36
39.83 2623.6
39.84 2624.39
39.85 2625.44
39.86 2626.34
39.87 2627.22
39.88 2627.85
39.89 2628.56
39.9 2629.57
39.91 2630.28
39.92 2630.86
39.93 2631.71
39.94 2632.34
39.95 2632.97
39.96 2634.16
39.97 2635.76
39.98 2636.7
39.99 2637.79
40 2638.65
40.01 2639.62
40.02 2639.82
40.03 2640.56
40.04 2641.32
40.05 2642.29
40.06 2642.8
40.07 2643.87
40.08 2644.64
40.09 2645.55
40.1 2646.43
40.11 2646.89
40.12 2647.37
40.13 2648.09
40.14 2648.93
40.15 2650.33
40.16 2651.17
40.17 2652.43
40.18 2653.47
40.19 2654.42
40.2 2655.28
40.21 2656.38
40.22 2657.19
40.23 2657.93
40.24 2658.57
40.25 2659.64
40.26 2660.32
40.27 2661.19
40.28 2661.91
40.29 2663.14
40.3 2663.86
40.31 2665.02
40.32 2665.94
40.33 2666.81
40.34 2667.78
40.35 2668.67
40.36 2669.44
40.37 2671.16
40.38 2671.99
40.39 2673.06
40.4 2673.96
40.41 2674.75
40.42 2675.81
40.43 2676.71
40.44 2677.39
40.45 2677.9
40.46 2678.29
40.47 2679.04
40.48 2680.02
40.49 2680.84
40.5 2681.92
40.51 2683.38
40.52 2684.33
40.53 2685.4
40.54 2686.17
40.55 2686.76
40.56 2688.03
40.57 2689.28
40.58 2689.84
40.59 2690.79
40.6 2691.26
40.61 2692.3
40.62 2693.83
40.63 2694.74
40.64 2695.92
40.65 2696.98
40.66 2697.85
40.67 2699.34
40.68 2700.95
40.69 2701.86
40.7 2702.4
40.71 2702.64
40.72 2703.6
40.73 2704.65
40.74 2705.45
40.75 2706.14
40.76 2706.64
40.77 2707.29
40.78 2707.99
40.79 2708.73
40.8 2709.48
40.81 2709.94
40.82 2710.69
40.83 2711.69
40.84 2712.82
40.85 2713.94
40.86 2714.9
40.87 2716.17
40.88 2717.05
40.89 2718.25
40.9 2719.3
40.91 2720.27
40.92 2721.52
40.93 2722.98
40.94 2723.96
40.95 2725.4
40.96 2726.87
40.97 2728.11
40.98 2729.11
40.99 2730.07
41 2730.72
41.01 2731.78
41.02 2732.68
41.03 2732.87
41.04 2733.6
41.05 2734.44
41.06 2735.64
41.07 2736.82
41.08 2737.81
41.09 2738.9
41.1 2739.73
41.11 2741.1
41.12 2742.33
41.13 2743.32
41.14 2743.95
41.15 2745.1
41.16 2745.97
41.17 2746.62
41.18 2747.66
41.19 2749
41.2 2749.91
41.21 2750.77
41.22 2751.99
41.23 2752.85
41.24 2753.48
41.25 2753.72
41.26 2754.84
41.27 2755.73
41.28 2756.9
41.29 2758.05
41.3 2759.17
41.31 2759.71
41.32 2760.14
41.33 2760.94
41.34 2761.78
41.35 2762.81
41.36 2763.47
41.37 2764.92
41.38 2765.66
41.39 2766.31
41.4 2767.28
41.41 2767.75
41.42 2768.47
41.43 2769.29
41.44 2770.43
41.45 2771.68
41.46 2772.73
41.47 2773.39
41.48 2774.43
41.49 2775.34
41.5 2776.47
41.51 2777.13
41.52 2777.97
41.53 2778.8
41.54 2779.49
41.55 2780.2
41.56 2780.54
41.57 2781.27
41.58 2781.82
41.59 2782.66
41.6 2783.86
41.61 2785.12
41.62 2786.44
41.63 2787.47
41.64 2788.46
41.65 2789.63
41.66 2790.01
41.67 2790.28
41.68 2791.29
41.69 2792.27
41.7 2792.98
41.71 2793.8
41.72 2795.05
41.73 2796.07
41.74 2796.97
41.75 2798.06
41.76 2798.81
41.77 2799.48
41.78 2800.43
41.79 2801.45
41.8 2802.64
41.81 2804.11
41.82 2804.85
41.83 2806.06
41.84 2807.39
41.85 2808.61
41.86 2809.69
41.87 2810.51
41.88 2811.32
41.89 2812.13
41.9 2813.33
41.91 2814.51
41.92 2815.05
41.93 2815.63
41.94 2816.89
41.95 2818.07
41.96 2818.56
41.97 2819.91
41.98 2820.77
41.99 2821.17
42 2821.9
42.01 2822.4
42.02 2823.55
42.03 2824.47
42.04 2824.98
42.05 2825.75
42.06 2826.15
42.07 2826.59
42.08 2827.41
42.09 2828.69
42.1 2829.76
42.11 2831.24
42.12 2832.44
42.13 2833.92
42.14 2834.91
42.15 2835.74
42.16 2836.47
42.17 2836.9
42.18 2837.64
42.19 2838.87
42.2 2840.72
42.21 2841.76
42.22 2842.96
42.23 2844.36
42.24 2845.82
42.25 2846.43
42.26 2847.59
42.27 2848.65
42.28 2849.63
42.29 2850.73
42.3 2852.04
42.31 2852.86
42.32 2854.14
42.33 2854.36
42.34 2855.09
42.35 2856.2
42.36 2857.81
42.37 2858.36
42.38 2859.08
42.39 2859.72
42.4 2860.41
42.41 2861.1
42.42 2861.91
42.43 2862.32
42.44 2863.45
42.45 2863.97
42.46 2864.7
42.47 2865.82
42.48 2866.72
42.49 2867.67
42.5 2868.74
42.51 2869.72
42.52 2871.12
42.53 2872.66
42.54 2874.05
42.55 2874.87
42.56 2875.77
42.57 2876.35
42.58 2877.15
42.59 2877.78
42.6 2878.24
42.61 2879.06
42.62 2880.17
42.63 2881.23
42.64 2882.65
42.65 2883.29
42.66 2884.48
42.67 2886.12
42.68 2887.34
42.69 2888.59
42.7 2889.97
42.71 2891.55
42.72 2892.36
42.73 2893.27
42.74 2893.68
42.75 2894.5
42.76 2895.04
42.77 2895.52
42.78 2896.28
42.79 2897.35
42.8 2899.13
42.81 2900.61
42.82 2901.51
42.83 2902.38
42.84 2903.07
42.85 2904.29
42.86 2905.48
42.87 2906.84
42.88 2907.98
42.89 2908.6
42.9 2909.1
42.91 2909.88
42.92 2910.85
42.93 2911.97
42.94 2912.86
42.95 2913.37
42.96 2914.04
42.97 2915.01
42.98 2915.9
42.99 2917.34
43 2918.83
43.01 2920.11
43.02 2921.21
43.03 2921.98
43.04 2922.77
43.05 2923.13
43.06 2923.72
43.07 2924.69
43.08 2924.91
43.09 2925.83
43.1 2926.42
43.11 2927.23
43.12 2928.79
43.13 2930.16
43.14 2931.23
43.15 2932.94
43.16 2933.84
43.17 2935.19
43.18 2936.12
43.19 2936.89
43.2 2937.33
43.21 2937.99
43.22 2938.54
43.23 2939.53
43.24 2940.23
43.25 2941.49
43.26 2942.91
43.27 2943.5
43.28 2944.53
43.29 2945.34
43.3 2946.42
43.31 2947.26
43.32 2947.98
43.33 2948.92
43.34 2949.96
43.35 2950.99
43.36 2951.31
43.37 2952.06
43.38 2953.39
43.39 2954.36
43.4 2955.23
43.41 2956.2
43.42 2957.27
43.43 2958.39
43.44 2959.54
43.45 2960.67
43.46 2961.7
43.47 2962.76
43.48 2963.62
43.49 2964.27
43.5 2964.97
43.51 2965.85
43.52 2966.93
43.53 2967.47
43.54 2968.01
43.55 2968.89
43.56 2969.69
43.57 2970.15
43.58 2971.19
43.59 2972.45
43.6 2973.53
43.61 2974.44
43.62 2975.48
43.63 2977.02
43.64 2978.28
43.65 2979.42
43.66 2980.26
43.67 2981.07
43.68 2982.4
43.69 2982.98
43.7 2983.66
43.71 2984.58
43.72 2985.7
43.73 2986.4
43.74 2987.27
43.75 2988.08
43.76 2989.02
43.77 2990.59
43.78 2992.13
43.79 2993.25
43.8 2994.88
43.81 2996.77
43.82 2998.57
43.83 2999.82
43.84 3000.92
43.85 3001.71
43.86 3002.72
43.87 3003.68
43.88 3004.5
43.89 3005.44
43.9 3006.29
43.91 3006.77
43.92 3007.51
43.93 3008.89
43.94 3009.97
43.95 3010.48
43.96 3011.38
43.97 3012.46
43.98 3013.31
43.99 3014.24
44 3014.91
44.01 3015.95
44.02 3016.99
44.03 3017.74
44.04 3018.38
44.05 3019.78
44.06 3020.95
44.07 3022.26
44.08 3023.09
44.09 3024.07
44.1 3025.3
44.11 3026.64
44.12 3028.03
44.13 3028.99
44.14 3030.76
44.15 3031.85
44.16 3032.11
44.17 3032.38
44.18 3033.09
44.19 3033.84
44.2 3034.58
44.21 3035.92
44.22 3036.98
44.23 3038.25
44.24 3039.4
44.25 3040.36
44.26 3040.42
44.27 3041.1
44.28 3042.04
44.29 3043.67
44.3 3045.23
44.31 3046.62
44.32 3047.59
44.33 3048.51
44.34 3049.15
44.35 3049.68
44.36 3050.39
44.37 3051.77
44.38 3052.11
44.39 3053.09
44.4 3053.39
44.41 3054.03
44.42 3054.93
44.43 3056.2
44.44 3056.66
44.45 3057.12
44.46 3058.36
44.47 3059.6
44.48 3060.39
44.49 3061.68
44.5 3062.66
44.51 3063.53
44.52 3064.18
44.53 3064.78
44.54 3065.66
44.55 3066.92
44.56 3067.28
44.57 3068.05
44.58 3068.65
44.59 3069.15
44.6 3070.49
44.61 3071.26
44.62 3071.71
44.63 3072.54
44.64 3074.16
44.65 3075.48
44.66 3076.54
44.67 3077.38
44.68 3078.73
44.69 3079.42
44.7 3081.03
44.71 3082.39
44.72 3083.16
44.73 3084.15
44.74 3085.51
44.75 3086.54
44.76 3087.91
44.77 3088.73
44.78 3090.01
44.79 3091.03
44.8 3091.82
44.81 3093.22
44.82 3094.08
44.83 3094.85
44.84 3095.61
44.85 3097.09
44.86 3098.1
44.87 3098.79
44.88 3100.01
44.89 3101.4
44.9 3101.94
44.91 3102.57
44.92 3103.28
44.93 3104.81
44.94 3106.45
44.95 3107.91
44.96 3108.99
44.97 3109.89
44.98 3110.61
44.99 3111.72
45 3112.34
45.01 3113.29
45.02 3114.59
45.03 3115.02
45.04 3115.4
45.05 3116.09
45.06 3117.25
45.07 3118.44
45.08 3119.46
45.09 3120.06
45.1 3120.96
45.11 3122.08
45.12 3122.99
45.13 3124.06
45.14 3125.21
45.15 3126.05
45.16 3126.9
45.17 3127.73
45.18 3128.78
45.19 3129.66
45.2 3130.47
45.21 3131.97
45.22 3132.14
45.23 3132.8
45.24 3133.92
45.25 3134.62
45.26 3135.64
45.27 3136.81
45.28 3137.32
45.29 3138.85
45.3 3139.95
45.31 3141.08
45.32 3141.77
45.33 3142.85
45.34 3144.21
45.35 3144.82
45.36 3145.78
45.37 3146.6
45.38 3147.41
45.39 3148.78
45.4 3149.61
45.41 3150.4
45.42 3151.43
45.43 3152.49
45.44 3153.24
45.45 3154.34
45.46 3154.67
45.47 3155.05
45.48 3155.94
45.49 3157.08
45.5 3158.51
45.51 3159.63
45.52 3160.72
45.53 3162.02
45.54 3163.13
45.55 3164.18
45.56 3165.22
45.57 3166.23
45.58 3167.47
45.59 3168.41
45.6 3169.55
45.61 3170.35
45.62 3171.24
45.63 3172.49
45.64 3173.4
45.65 3174.59
45.66 3176.04
45.67 3176.97
45.68 3177.73
45.69 3179.05
45.7 3180.06
45.71 3181.22
45.72 3182.44
45.73 3183.85
45.74 3184.57
45.75 3185.81
45.76 3186.93
45.77 3188.24
45.78 3189.38
45.79 3190.65
45.8 3191.75
45.81 3192.96
45.82 3193.94
45.83 3194.6
45.84 3195.57
45.85 3196.54
45.86 3198.14
45.87 3199.26
45.88 3200.77
45.89 3202.02
45.9 3202.97
45.91 3204.21
45.92 3205.01
45.93 3205.73
45.94 3206.53
45.95 3207.52
45.96 3208.67
45.97 3209.84
45.98 3210.55
45.99 3211.17
46 3212.11
46.01 3212.19
46.02 3212.62
46.03 3213.46
46.04 3213.9
46.05 3214.62
46.06 3215.35
46.07 3216.59
46.08 3218
46.09 3218.68
46.1 3219.9
46.11 3220.84
46.12 3222.57
46.13 3223.9
46.14 3224
46.15 3225
46.16 3226.27
46.17 3227.38
46.18 3228.42
46.19 3229.36
46.2 3230.16
46.21 3230.96
46.22 3232.26
46.23 3233.17
46.24 3234.54
46.25 3235.47
46.26 3236.58
46.27 3238.01
46.28 3239.48
46.29 3240.79
46.3 3241.91
46.31 3243.26
46.32 3244.07
46.33 3245.94
46.34 3247.04
46.35 3247.9
46.36 3249.25
46.37 3250.1
46.38 3250.76
46.39 3251.46
46.4 3251.76
46.41 3253.07
46.42 3254.88
46.43 3256
46.44 3257.28
46.45 3258.52
46.46 3259.35
46.47 3259.86
46.48 3260.29
46.49 3261.21
46.5 3261.53
46.51 3262.76
46.52 3263.65
46.53 3265.05
46.54 3266.08
46.55 3267.18
46.56 3268.05
46.57 3269.28
46.58 3270.22
46.59 3271.05
46.6 3271.83
46.61 3272.81
46.62 3274.09
46.63 3274.79
46.64 3275.72
46.65 3276.65
46.66 3278.02
46.67 3279.37
46.68 3280.44
46.69 3281.78
46.7 3282.57
46.71 3283.08
46.72 3283.63
46.73 3284.85
46.74 3285.94
46.75 3287.43
46.76 3288.46
46.77 3289.26
46.78 3290.25
46.79 3291.86
46.8 3293.56
46.81 3294.81
46.82 3296.37
46.83 3297.89
46.84 3298.87
46.85 3300.32
46.86 3301.23
46.87 3302.77
46.88 3304.2
46.89 3305.59
46.9 3306.52
46.91 3307.65
46.92 3308.59
46.93 3309.04
46.94 3310.23
46.95 3311.5
46.96 3312.31
46.97 3312.99
46.98 3314.02
46.99 3314.61
47 3314.99
47.01 3315.93
47.02 3316.67
47.03 3317.4
47.04 3318.07
47.05 3319.05
47.06 3320.39
47.07 3322.09
47.08 3323.16
47.09 3324.04
47.1 3325.88
47.11 3327.76
47.12 3329.44
47.13 3331.4
47.14 3332.4
47.15 3333.24
47.16 3334.82
47.17 3336.13
47.18 3337.12
47.19 3337.94
47.2 3338.59
47.21 3339.2
47.22 3340.63
47.23 3341.56
47.24 3342.85
47.25 3344.02
47.26 3344.67
47.27 3346.07
47.28 3347.06
47.29 3348.02
47.3 3349.33
47.31 3350.42
47.32 3351.83
47.33 3352.92
47.34 3353.7
47.35 3354.14
47.36 3354.72
47.37 3355.68
47.38 3356.34
47.39 3356.92
47.4 3357.39
47.41 3357.64
47.42 3359.08
47.43 3360.47
47.44 3361.48
47.45 3362.13
47.46 3362.77
47.47 3363.57
47.48 3365.03
47.49 3366.11
47.5 3367.55
47.51 3368.98
47.52 3370.25
47.53 3371.78
47.54 3372.94
47.55 3373.59
47.56 3374.14
47.57 3374.64
47.58 3375.49
47.59 3376.23
47.6 3377.37
47.61 3378.1
47.62 3378.97
47.63 3380.02
47.64 3380.99
47.65 3382.04
47.66 3382.91
47.67 3384.42
47.68 3385.7
47.69 3387.41
47.7 3388.42
47.71 3389.3
47.72 3390.27
47.73 3391.44
47.74 3392.3
47.75 3393.1
47.76 3394.09
47.77 3395.55
47.78 3397
47.79 3398.38
47.8 3399.33
47.81 3400.92
47.82 3402.52
47.83 3403.58
47.84 3404.34
47.85 3405.7
47.86 3406.28
47.87 3407.68
47.88 3409.16
47.89 3410.4
47.9 3411.28
47.91 3412
47.92 3413.94
47.93 3414.89
47.94 3416.52
47.95 3417.34
47.96 3417.78
47.97 3418.19
47.98 3419.61
47.99 3420.49
48 3421.24
48.01 3422.52
48.02 3423.49
48.03 3424.22
48.04 3424.92
48.05 3426.03
48.06 3427.6
48.07 3428.44
48.08 3429.73
48.09 3431.01
48.1 3432.23
48.11 3433.47
48.12 3434.99
48.13 3435.63
48.14 3435.99
48.15 3437.2
48.16 3438.36
48.17 3439.56
48.18 3441.11
48.19 3442.54
48.2 3443.47
48.21 3444.88
48.22 3446.54
48.23 3448.06
48.24 3449.34
48.25 3450.9
48.26 3452.37
48.27 3453.74
48.28 3454.38
48.29 3455.43
48.3 3456.35
48.31 3457.25
48.32 3458.03
48.33 3458.76
48.34 3459.52
48.35 3460.41
48.36 3461.33
48.37 3462.34
48.38 3463.17
48.39 3464.91
48.4 3465.55
48.41 3466.61
48.42 3467.72
48.43 3468.66
48.44 3470.56
48.45 3471.73
48.46 3472.97
48.47 3474.35
48.48 3475.21
48.49 3475.94
48.5 3476.74
48.51 3477.41
48.52 3477.98
48.53 3479.16
48.54 3480.75
48.55 3481.94
48.56 3483.35
48.57 3484.62
48.58 3485.59
48.59 3486.39
48.6 3486.71
48.61 3487.55
48.62 3488.53
48.63 3489.88
48.64 3491.42
48.65 3492.87
48.66 3493.74
48.67 3494.23
48.68 3494.97
48.69 3497.02
48.7 3498.12
48.71 3499.08
48.72 3499.81
48.73 3500.59
48.74 3500.88
48.75 3501.76
48.76 3502.64
48.77 3503.48
48.78 3503.68
48.79 3504.46
48.8 3504.89
48.81 3505.93
48.82 3506.45
48.83 3506.96
48.84 3507.53
48.85 3507.96
48.86 3508.56
48.87 3509.67
48.88 3510.5
48.89 3511.54
48.9 3512.63
48.91 3514.01
48.92 3515.16
48.93 3516.45
48.94 3517.69
48.95 3518.87
48.96 3519.69
48.97 3521.01
48.98 3522.1
48.99 3523.09
49 3523.81
49.01 3524.69
49.02 3525.76
49.03 3526.68
49.04 3527.97
49.05 3529.9
49.06 3531.59
49.07 3533.6
49.08 3534.89
49.09 3536.17
49.1 3537.19
49.11 3538.4
49.12 3539.7
49.13 3540.44
49.14 3542.1
49.15 3543.21
49.16 3544
49.17 3546.13
49.18 3547.45
49.19 3549.11
49.2 3550.7
49.21 3551.86
49.22 3553.67
49.23 3554.75
49.24 3555.66
49.25 3556.01
49.26 3557.05
49.27 3557.87
49.28 3558.85
49.29 3559.48
49.3 3560
49.31 3560.06
49.32 3561
49.33 3562.06
49.34 3562.82
49.35 3563.78
49.36 3564.6
49.37 3565.65
49.38 3566.48
49.39 3567.07
49.4 3568.21
49.41 3569.59
49.42 3570.2
49.43 3571.52
49.44 3572.84
49.45 3573.41
49.46 3574.73
49.47 3575.79
49.48 3576.99
49.49 3578.16
49.5 3579.15
49.51 3579.74
49.52 3580.89
49.53 3581.39
49.54 3581.98
49.55 3583.91
49.56 3585.32
49.57 3585.77
49.58 3587.11
49.59 3588.04
49.6 3589.19
49.61 3590.67
49.62 3591.84
49.63 3592.83
49.64 3594.5
49.65 3595.74
49.66 3597.2
49.67 3597.93
49.68 3598.47
49.69 3599.87
49.7 3601.32
49.71 3602.54
49.72 3603.23
49.73 3603.58
49.74 3604.41
49.75 3605.27
49.76 3606.16
49.77 3607.02
49.78 3607.71
49.79 3609.07
49.8 3610
49.81 3611.09
49.82 3611.97
49.83 3612.63
49.84 3613.38
49.85 3614.46
49.86 3615.33
49.87 3616.42
49.88 3617.56
49.89 3618.43
49.9 3619.62
49.91 3620.84
49.92 3621.71
49.93 3623.15
49.94 3623.91
49.95 3624.72
49.96 3625.47
49.97 3626.55
49.98 3627.05
49.99 3627.73
