0.0 0.0
3.348253133 0.5808422139000157
6.696506266 0.5951252180400145
10.0447594 1.5616085768400565
13.39301253 0.34755312282000717
16.74126566 0.1380690538200016
20.0895188 0.1380690538200016
23.43777193 0.1380690538200016
26.78602506 0.1380690538200016
30.1342782 0.3904021504200114
33.48253133 0.2904210993600015
36.83078446 0.11902504001999906
40.17903759 0.17139606624000722
43.52729073 0.34755312696001706
46.87554386 1.0521813960600488
50.22379699 2.1948218086800724
53.57205013 4.808611745700152
56.92030326 6.094082208000185
60.26855639 6.417830337720201
63.61680952 9.760053557640346
66.96506266 14.701973326800506
70.31331579 17.948976495660627
73.66156892 24.957171034860878
77.00982206 33.91737632340115
80.35807519 36.87395838462116
83.70632832 42.968040548461424
87.05458145 44.63915217360146
90.40283459 65.17811360766223
93.75108772 66.06842102718232
97.09934085 66.06842102718232
100.447594 70.86751069422239
103.7958471 70.65802662660239
107.1441003 76.57595179872247
110.4923534 72.29581116066235
113.8406065 72.29581116066235
117.1888596 76.79495776284261
120.5371128 78.73744653702269
123.8853659 80.4609292063226
127.233619 77.53291311060254
130.5818722 80.22287912904275
133.9301253 82.96045502190279
137.2783784 99.57159000696339
140.6266316 106.48248169698348
143.9748847 105.62817943966849
147.3231378 106.26823661728858
150.671391 111.8894919110138
154.0196441 107.5644193537386
157.3678972 105.62817943966849
160.7161504 111.8894919110138
164.0644035 102.67159733221843
167.4126566 91.88971382700305
170.7609098 89.56783277010288
174.1091629 93.59564027913314
177.457416 97.54578394668333
180.8056692 91.28179341180311
184.1539223 91.28179341180311
187.5021754 93.28766297571315
190.8504286 93.28766297571315
194.1986817 98.93034265144834
197.5469348 99.40971601800334
200.895188 95.00697962028323
204.2434411 95.00697962028323
207.5916942 89.5651548525031
210.9399474 84.84372889411773
214.2882005 84.84372889411773
217.6364536 87.29683506423287
220.9847068 86.73176366455786
224.3329599 86.73176366455786
227.681213 97.1949575014682
231.0294662 100.09797833821824
234.3777193 100.09797833821824
237.7259724 100.09797833821824
241.0742256 98.56612601482821
244.4224787 101.49057135985828
247.7707318 101.49057135985828
251.118985 101.49057135985828
254.4672381 101.49057135985828
257.8154912 98.56612601482821
261.1637444 100.61484459529827
264.5119975 102.05028663349849
267.8602506 106.53336493830348
271.2085038 115.76197162530394
274.5567569 119.71211529285392
277.90501 122.9365037517341
281.2532632 122.9365037517341
284.6015163 164.50272685382035
287.9497694 171.3639254824858
291.2980226 178.43669096585108
294.6462757 195.26831984138153
297.9945288 210.04855231302685
301.342782 224.97072189224264
304.6910351 241.1596154924631
308.0392882 261.85568995170865
311.3875414 294.51467406137476
314.7357945 307.4470425738102
318.0840476 311.1749067889004
321.4323008 350.51833736393655
324.7805539 353.2526402010868
328.128807 379.24056820031745
331.4770602 368.42119152409236
334.8253133 358.0303054916371
338.1735664 367.56421120531235
341.5218195 395.50980348095834
344.8700727 408.4716309603438
348.2183258 427.453744675424
351.5665789 466.9819615681356
354.9148321 479.9973497707061
358.2630852 494.0973542193466
361.6113383 502.118154409382
364.9595915 510.1737689865317
368.3078446 513.7409495716818
371.6560977 526.1216372380976
375.0043509 530.7814677331078
378.352604 539.6860284249782
381.7008571 542.5462002430982
385.0491103 556.3944666138783
388.3973634 563.1699672756639
391.7456165 591.4235367574394
395.0938697 626.9078776781456
398.4421228 652.7244093410013
401.7903759 665.833530184402
405.1386291 683.9774104156428
408.4868822 683.9774104156428
411.8351353 689.3228251673329
415.1833885 689.3228251673329
418.5316416 693.331886230583
421.8798947 702.3221448882983
425.2281479 717.3032321219638
428.576401 721.8452278214337
431.9246541 731.9816981813494
435.2729073 751.6172591516051
438.6211604 758.4945262256502
441.9694135 780.307353454301
445.3176667 801.7961344487363
448.6659198 856.2572330340432
452.0141729 878.9538212178592
455.3624261 874.5484067555691
458.7106792 896.2353650001446
462.0589323 906.92619391668
465.4071855 907.630524618105
468.7554386 947.1373172654263
472.1036917 973.6260427689623
475.4519449 973.7572678832123
478.800198 977.7100894528375
482.1484511 998.9096402975732
485.4967043 1010.9287891373285
488.8449574 1055.0552406776899
492.1932105 1162.1001159064285
495.5414637 1200.3214375611847
498.8897168 1195.9508379258846
502.2379699 1214.011698186505
505.5862231 1197.0354536441046
508.9344762 1215.2516415887198
512.2827293 1211.68713906607
515.6309825 1199.3653688916097
518.9792356 1212.911014087075
522.3274887 1195.8115786230996
525.6757419 1189.0092973269996
529.023995 1189.0092973269996
532.3722481 1167.7481513914886
535.7205013 1167.7481513914886
539.0687544 1210.58109883957
542.4170075 1200.3214375611847
545.7652607 1186.716874968984
549.1135138 1175.4690082596387
552.4617669 1194.6305526217593
555.8100201 1179.9145936749537
559.1582732 1204.7670229765
562.5065263 1208.1761978151549
565.8547794 1203.6288459875798
569.2030326 1188.912887041809
572.5512857 1197.9647416803998
575.8995388 1201.3632042649149
579.247792 1203.6407482736797
582.5960451 1169.8078800121589
585.9442982 1181.7960823543287
589.2925514 1204.0573359254795
592.6408045 1214.4327491202102
595.9890576 1221.0981515338303
599.3373108 1245.3316503879112
602.6855639 1263.932883910482
606.033817 1304.183583012733
609.3820702 1358.1150200233947
612.7303233 1403.2302727062163
616.0785764 1424.248904777807
619.4268296 1451.584196388378
622.7750827 1480.8679281024788
626.1233358 1535.5492226497104
629.471589 1539.4627663126107
632.8198421 1568.2323094340013
636.1680952 1567.280108985502
639.5163484 1585.7873127539324
642.8646015 1646.5745927488447
646.2128546 1662.9381556448948
649.5611078 1689.9389864810655
652.9093609 1704.1065377669365
656.257614 1710.4493823063567
659.6058672 1744.1465615227778
662.9541203 1930.502882221474
666.3023734 1941.9554716068637
669.6506266 1927.3796647503939
