0.0000 894.9541
3.3360 894.8566
6.6710 894.8566
10.0070 894.7639
13.3430 894.7639
16.6780 894.6211
20.0140 894.5005
23.3500 894.3563
26.6850 894.3868
30.0210 894.3284
33.3570 894.2642
36.6930 894.2251
40.0280 894.1889
43.3640 894.2329
46.7000 894.2329
50.0350 894.0794
53.3710 894.3043
56.7070 894.5209
60.0420 894.6860
63.3780 894.6084
66.7140 894.7418
70.0490 895.3687
73.3850 895.4586
76.7210 895.5288
80.0560 895.6062
83.3920 896.2471
86.7280 896.6519
90.0630 896.6527
93.3990 896.9218
96.7350 896.8893
100.0710 896.7613
103.4060 896.9285
106.7420 897.1084
110.0780 896.9228
113.4130 896.4216
116.7490 896.4349
120.0850 896.2994
123.4200 896.6585
126.7560 896.7040
130.0920 897.3071
133.4270 897.5822
136.7630 897.9680
140.0990 898.2633
143.4340 898.5587
146.7700 899.2078
150.1060 899.4256
153.4410 899.6692
156.7770 899.7007
160.1130 900.3490
163.4490 901.1699
166.7840 901.5945
170.1200 901.6779
173.4560 902.4490
176.7910 902.5321
180.1270 903.1542
183.4630 903.7627
186.7980 904.7423
190.1340 904.9026
193.4700 905.1259
196.8050 904.9405
200.1410 905.9058
203.4770 906.3737
206.8120 906.8400
210.1480 907.3119
213.4840 907.8251
216.8190 908.2032
220.1550 908.7074
223.4910 909.0079
226.8270 908.7495
230.1620 908.7676
233.4980 908.6576
236.8340 908.4908
240.1690 908.6634
243.5050 908.5731
246.8410 908.5799
250.1760 908.3035
253.5120 908.5548
256.8480 908.6703
260.1830 908.3679
263.5190 907.7720
266.8550 907.4703
270.1900 907.0861
273.5260 906.7990
276.8620 906.0601
280.1970 905.8705
283.5330 905.6042
286.8690 905.4347
290.2050 905.4356
293.5400 905.5045
296.8760 905.2779
300.2120 905.0257
303.5470 903.9469
306.8830 902.9976
310.2190 902.9113
313.5540 902.2628
316.8900 901.2599
320.2260 901.0063
323.5610 900.3123
326.8970 900.4699
330.2330 900.0405
333.5680 899.9563
336.9040 899.4427
340.2400 899.1725
343.5750 897.7971
346.9110 897.5591
350.2470 897.4352
353.5830 897.4743
356.9180 897.2145
360.2540 896.5904
363.5900 896.5604
366.9250 896.9344
370.2610 896.8241
373.5970 896.8918
376.9320 896.8505
380.2680 897.2682
383.6040 897.1495
386.9390 897.1774
390.2750 897.3399
393.6110 897.3693
396.9460 897.4681
400.2820 897.5082
403.6180 897.6403
406.9530 897.3830
410.2890 897.6321
413.6250 897.5847
416.9610 897.6673
420.2960 897.7300
423.6320 897.7417
426.9680 897.6862
430.3030 897.9434
433.6390 897.7624
436.9750 897.8361
440.3100 897.1801
443.6460 897.0848
446.9820 896.7245
450.3170 896.6945
453.6530 896.6768
456.9890 896.5581
460.3240 896.5219
463.6600 896.6117
466.9960 896.6094
470.3310 896.6014
473.6670 896.5515
477.0030 896.5477
480.3390 896.5833
483.6740 896.2301
487.0100 896.3428
490.3460 895.8736
493.6810 896.2129
497.0170 896.4432
500.3530 896.5063
503.6880 897.0819
507.0240 897.5542
510.3600 897.7144
513.6950 897.8754
517.0310 897.8626
520.3670 897.5997
523.7020 897.6640
527.0380 897.6388
530.3740 897.6388
533.7090 897.6388
537.0450 897.9773
540.3810 898.0115
543.7170 898.2618
547.0520 898.0361
550.3880 897.9501
553.7240 897.7838
557.0590 897.6321
560.3950 897.0645
563.7310 896.6590
567.0660 895.3285
570.4020 894.7063
573.7380 895.0835
577.0730 894.0170
580.4090 893.5752
583.7450 893.5668
587.0800 893.3112
590.4160 893.3000
593.7520 892.7856
597.0870 892.2306
600.4230 891.4733
603.7590 890.3884
607.0950 889.5544
610.4300 889.0993
613.7660 888.4989
617.1020 887.5596
620.4370 887.5631
623.7730 887.4346
627.1090 887.1709
630.4440 886.7264
633.7800 886.6845
637.1160 886.0747
640.4510 885.8392
643.7870 885.8795
647.1230 886.0013
650.4580 886.2678
653.7940 886.2988
657.1300 886.5856
660.4650 887.0083
663.8010 887.5532
667.1370 887.9303
670.4730 888.4045
673.8080 888.5206
677.1440 888.7906
680.4800 889.0474
683.8150 889.1445
687.1510 889.3301
690.4870 889.3941
693.8220 889.9788
697.1580 890.9094
700.4940 891.4369
703.8290 891.8426
707.1650 892.2735
710.5010 892.7588
713.8360 893.3924
717.1720 893.5659
720.5080 894.2451
723.8430 895.0121
727.1790 895.6501
730.5150 896.7541
733.8510 897.1079
737.1860 897.3198
740.5220 897.4421
743.8580 897.8137
747.1930 898.2698
750.5290 898.6907
753.8650 899.0559
757.2000 899.3896
760.5360 899.5286
763.8720 899.4170
767.2070 899.7960
770.5430 900.7908
773.8790 902.0205
777.2140 903.3151
780.5500 904.3031
783.8860 904.8679
787.2210 905.0374
790.5570 905.4546
793.8930 906.3959
797.2290 906.0650
800.5640 906.3076
803.9000 906.3076
807.2360 907.1470
810.5710 906.9292
813.9070 906.8999
817.2430 907.0875
820.5780 906.8489
823.9140 906.9307
827.2500 906.9764
830.5850 907.1276
833.9210 907.2193
837.2570 906.8821
840.5920 907.0510
843.9280 907.3657
847.2640 906.3734
850.5990 906.7674
853.9350 906.9444
857.2710 907.2351
860.6070 908.9164
863.9420 909.2052
867.2780 909.3457
870.6140 909.4866
873.9490 910.4520
877.2850 910.4254
880.6210 910.3989
883.9560 910.2100
887.2920 909.9014
890.6280 910.2151
893.9630 910.7561
897.2990 910.5757
900.6350 910.5757
903.9700 910.3450
907.3060 910.4775
910.6420 911.0956
913.9770 911.1621
917.3130 911.1221
920.6490 911.1221
923.9850 911.1221
927.3200 910.8094
930.6560 910.5281
933.9920 910.9045
937.3270 911.1438
940.6630 912.0196
943.9990 911.7325
947.3340 912.6198
950.6700 913.1200
954.0060 913.8220
957.3410 914.1897
960.6770 914.8525
964.0130 915.4230
967.3480 915.6915
970.6840 916.3408
974.0200 916.1849
977.3550 916.1496
980.6910 915.5691
984.0270 915.0334
987.3630 914.8568
990.6980 914.8025
994.0340 914.8614
997.3700 914.9290
1000.7050 914.3815
1004.0410 913.8252
1007.3770 913.0987
1010.7120 912.9039
1014.0480 913.0627
1017.3840 912.8352
1020.7190 912.5545
1024.0550 911.9845
1027.3910 910.8853
1030.7260 909.7626
1034.0620 909.2616
1037.3980 908.7641
1040.7330 908.0367
1044.0690 907.1679
1047.4050 906.9424
1050.7410 906.7066
1054.0760 906.5936
1057.4120 907.2201
1060.7480 907.6380
1064.0830 907.9740
1067.4190 908.4871
1070.7550 908.7334
1074.0900 908.8869
1077.4260 909.3896
1080.7620 910.3000
1084.0970 910.5420
1087.4330 910.6849
1090.7690 911.1127
1094.1040 911.6390
1097.4400 912.0890
1100.7760 912.4226
1104.1110 912.7534
1107.4470 913.1890
1110.7830 913.7027
1114.1190 914.3024
1117.4540 914.9512
1120.7900 915.2959
1124.1260 915.8487
1127.4610 916.3790
1130.7970 916.5129
1134.1330 916.6332
1137.4680 916.7270
1140.8040 916.8812
1144.1400 917.0780
1147.4750 917.0780
1150.8110 917.4008
1154.1470 917.8546
1157.4820 918.4428
1160.8180 918.6884
1164.1540 919.0824
1167.4890 919.2398
1170.8250 920.1079
1174.1610 920.3786
1177.4970 921.0215
1180.8320 921.5014
1184.1680 921.9893
1187.5040 922.0211
1190.8390 922.3239
1194.1750 922.0610
1197.5110 922.6458
1200.8460 923.7200
1204.1820 923.8170
1207.5180 924.0022
1210.8530 925.1442
1214.1890 925.6217
1217.5250 926.4292
1220.8600 927.4917
1224.1960 928.0631
1227.5320 928.5511
1230.8670 929.8796
1234.2030 930.9530
1237.5390 931.8892
1240.8750 932.6029
1244.2100 933.5846
1247.5460 934.3382
1250.8820 935.2494
1254.2170 936.0342
1257.5530 936.2576
1260.8890 936.7892
1264.2240 937.2020
1267.5600 937.9169
1270.8960 938.1402
1274.2310 938.4407
1277.5670 939.1048
1280.9030 939.1871
1284.2380 939.6167
1287.5740 940.0049
1290.9100 939.9945
1294.2450 940.8132
1297.5810 940.9681
1300.9170 941.7934
1304.2530 942.2058
1307.5880 942.3069
1310.9240 942.8633
1314.2600 943.1993
1317.5950 943.7356
1320.9310 944.2961
1324.2670 944.6914
1327.6020 945.4553
1330.9380 946.9866
