0.0000 924.8671
3.3360 924.5246
6.6710 925.3122
10.0070 925.5726
13.3430 925.7871
16.6780 926.5094
20.0140 925.5500
23.3500 925.7025
26.6850 926.7340
30.0210 926.8105
33.3570 927.3375
36.6930 927.7702
40.0280 929.1831
43.3640 929.6718
46.7000 929.7981
50.0350 929.9697
53.3710 930.2461
56.7070 931.2729
60.0420 931.4309
63.3780 931.4309
66.7140 931.1028
70.0490 931.3716
73.3850 931.7356
76.7210 931.8597
80.0560 931.7191
83.3920 931.7191
86.7280 931.6379
90.0630 931.5066
93.3990 931.4325
96.7350 931.4788
100.0710 931.0217
103.4060 930.8407
106.7420 930.7161
110.0780 931.0485
113.4130 930.9891
116.7490 930.9891
120.0850 930.8646
123.4200 930.6373
126.7560 930.5925
130.0920 930.3109
133.4270 930.4491
136.7630 930.2894
140.0990 929.9489
143.4340 929.7782
146.7700 929.7554
150.1060 929.8101
153.4410 929.6347
156.7770 929.7983
160.1130 929.7518
163.4490 929.7872
166.7840 929.6698
170.1200 929.7673
173.4560 929.8709
176.7910 929.6874
180.1270 929.6274
183.4630 929.5981
186.7980 929.6130
190.1340 929.5148
193.4700 929.4816
196.8050 929.8023
200.1410 929.7581
203.4770 929.6773
206.8120 929.8177
210.1480 929.6268
213.4840 929.8530
216.8190 929.8070
220.1550 929.4867
223.4910 929.5766
226.8270 929.4777
230.1620 929.6808
233.4980 929.5483
236.8340 929.2466
240.1690 928.9311
243.5050 928.7097
246.8410 928.3891
250.1760 928.1919
253.5120 928.3118
256.8480 928.2218
260.1830 928.0310
263.5190 928.1352
266.8550 928.0990
270.1900 927.8127
273.5260 927.7959
276.8620 927.3559
280.1970 927.5198
283.5330 927.5305
286.8690 927.3409
290.2050 927.3915
293.5400 927.4203
296.8760 927.1217
300.2120 926.4569
303.5470 926.4569
306.8830 926.6742
310.2190 926.6742
313.5540 926.7047
316.8900 926.7209
320.2260 926.9577
323.5610 926.9577
326.8970 926.9577
330.2330 927.1447
333.5680 927.1913
336.9040 927.2067
340.2400 927.4382
343.5750 927.7176
346.9110 927.7176
350.2470 928.1398
353.5830 928.3259
356.9180 928.4676
360.2540 928.7011
363.5900 928.4663
366.9250 928.3105
370.2610 928.2485
373.5970 927.7980
376.9320 927.6120
380.2680 927.4258
383.6040 926.9410
386.9390 926.6123
390.2750 926.4568
393.6110 926.4558
396.9460 926.2373
400.2820 925.8950
403.6180 925.9071
406.9530 925.9521
410.2890 925.6290
413.6250 925.5512
416.9610 925.6113
420.2960 925.1587
423.6320 924.6146
426.9680 924.4131
430.3030 924.1660
433.6390 923.7334
436.9750 923.4244
440.3100 923.4404
443.6460 923.4090
446.9820 923.2236
450.3170 922.7754
453.6530 922.9149
456.9890 922.8531
460.3240 922.5126
463.6600 922.2194
466.9960 920.8152
470.3310 920.2749
473.6670 919.7029
477.0030 918.9930
480.3390 918.9930
483.6740 918.8696
487.0100 918.7775
490.3460 918.5924
493.6810 918.4533
497.0170 918.3916
500.3530 918.1912
503.6880 917.5592
507.0240 917.1745
510.3600 916.0203
513.6950 914.8815
517.0310 914.2049
520.3670 913.5747
523.7020 913.1280
527.0380 913.1280
530.3740 913.1438
533.7090 913.1592
537.0450 913.1896
540.3810 913.1896
543.7170 913.6196
547.0520 913.1280
550.3880 913.1135
553.7240 913.2519
557.0590 913.5123
560.3950 913.2519
563.7310 913.2519
567.0660 913.2669
570.4020 913.1750
573.7380 913.7290
577.0730 914.0055
580.4090 914.0976
583.7450 914.0529
587.0800 913.3447
590.4160 912.7442
593.7520 912.7442
597.0870 913.0370
600.4230 912.7293
603.7590 911.4502
607.0950 910.6183
610.4300 910.4188
613.7660 910.0969
617.1020 909.8663
620.4370 909.3904
623.7730 908.5924
627.1090 907.8574
630.4440 907.3058
633.7800 906.6304
637.1160 906.3704
640.4510 905.9405
643.7870 905.7720
647.1230 906.0016
650.4580 904.9723
653.7940 904.9109
657.1300 904.8036
660.4650 905.7863
663.8010 905.9247
667.1370 905.7560
670.4730 905.7408
673.8080 905.8177
677.1440 906.1392
680.4800 906.7973
683.8150 906.7218
687.1510 906.6904
690.4870 906.5061
693.8220 905.6332
697.1580 905.5108
700.4940 904.7725
703.8290 903.9259
707.1650 903.4815
710.5010 903.0468
713.8360 903.0468
717.1720 902.8926
720.5080 902.5243
723.8430 902.8947
727.1790 902.4331
730.5150 902.1077
733.8510 901.6462
737.1860 901.1501
740.5220 901.0576
743.8580 901.1787
747.1930 900.4855
750.5290 900.0546
753.8650 900.1652
757.2000 899.9509
760.5360 899.8584
763.8720 899.8584
767.2070 899.7054
770.5430 899.9349
773.8790 899.7054
777.2140 900.0580
780.5500 900.0580
783.8860 899.5672
787.2210 900.2266
790.5570 900.2421
793.8930 900.2421
797.2290 899.8895
800.5640 899.6299
803.9000 900.2434
807.2360 900.2106
810.5710 899.8735
813.9070 899.3827
817.2430 899.9349
820.5780 899.7508
823.9140 899.7508
827.2500 899.7508
830.5850 900.1803
833.9210 899.8121
837.2570 899.8282
840.5920 899.9669
843.9280 899.7041
847.2640 899.6881
850.5990 899.6285
853.9350 899.6285
857.2710 899.6285
860.6070 899.9336
863.9420 899.9790
867.2780 900.2106
870.6140 899.9349
873.9490 899.9349
877.2850 899.8580
880.6210 899.8735
883.9560 899.8735
887.2920 899.9353
890.6280 899.8882
893.9630 899.8882
897.2990 899.8882
900.6350 899.8882
903.9700 899.9037
907.3060 900.0909
910.6420 900.1541
913.9770 900.1229
917.3130 900.1843
920.6490 899.8917
923.9850 899.8917
927.3200 899.6001
930.6560 899.3044
933.9920 899.1968
937.3270 899.1968
940.6630 899.2128
943.9990 899.2128
947.3340 898.8883
950.6700 898.7029
954.0060 898.5802
957.3410 898.0386
960.6770 897.5616
964.0130 897.0058
967.3480 896.7467
970.6840 896.5027
974.0200 896.5027
977.3550 896.5027
980.6910 896.4065
984.0270 896.9880
987.3630 896.9880
990.6980 896.9880
994.0340 897.1125
997.3700 896.8955
1000.7050 897.3562
1004.0410 897.4617
1007.3770 897.3126
1010.7120 896.6991
1014.0480 896.8373
1017.3840 896.6835
1020.7190 896.5924
1024.0550 896.5924
1027.3910 896.5329
1030.7260 896.5329
1034.0620 896.2734
1037.3980 896.2734
1040.7330 896.2734
1044.0690 896.2734
1047.4050 896.2734
1050.7410 896.2734
1054.0760 896.2895
1057.4120 896.5782
1060.7480 896.5782
1064.0830 896.5782
1067.4190 896.7320
1070.7550 896.7320
1074.0900 896.7622
1077.4260 896.8849
1080.7620 897.0218
1084.0970 896.9605
1087.4330 896.8991
1090.7690 896.8675
1094.1040 896.8236
1097.4400 896.7764
1100.7760 897.0529
1104.1110 897.0053
1107.4470 897.1756
1110.7830 897.3584
1114.1190 896.8538
1117.4540 896.6697
1120.7900 896.6959
1124.1260 896.6959
1127.4610 896.6959
1130.7970 896.6935
1134.1330 896.4633
1137.4680 896.4866
1140.8040 896.4866
1144.1400 896.4881
1147.4750 896.6068
1150.8110 896.5567
1154.1470 896.6945
1157.4820 896.6945
1160.8180 896.7183
1164.1540 896.7183
1167.4890 896.7183
1170.8250 896.4881
1174.1610 896.4881
1177.4970 896.4881
1180.8320 896.4881
1184.1680 896.4881
1187.5040 896.4881
1190.8390 896.4404
1194.1750 896.9678
1197.5110 896.6244
1200.8460 896.5343
1204.1820 896.2579
1207.5180 896.3051
1210.8530 896.7622
1214.1890 896.4404
1217.5250 896.4881
1220.8600 896.4881
1224.1960 896.6473
1227.5320 896.6473
1230.8670 896.6473
1234.2030 896.8075
1237.5390 896.6935
1240.8750 896.6707
1244.2100 896.5997
1247.5460 896.5997
1250.8820 896.5567
1254.2170 896.5567
1257.5530 896.4881
1260.8890 896.4881
1264.2240 896.4881
1267.5600 896.5095
1270.8960 896.3489
1274.2310 896.3489
1277.5670 896.3489
1280.9030 896.3489
1284.2380 896.3026
1287.5740 896.4213
1290.9100 896.4404
1294.2450 896.4404
1297.5810 896.4404
1300.9170 896.4866
1304.2530 896.4866
1307.5880 896.6043
1310.9240 896.5535
1314.2600 896.3942
1317.5950 896.6473
1320.9310 896.6473
1324.2670 896.6473
1327.6020 896.6473
1330.9380 896.6945
