0 0.00121771
0.01 0.00656932
0.02 0.00817562
0.03 0.0103979
0.04 0.0150832
0.05 0.0277027
0.06 0.0439397
0.07 0.0450853
0.08 0.0529492
0.09 0.0826451
0.1 0.104035
0.11 0.113636
0.12 0.126126
0.13 0.129447
0.14 0.129451
0.15 0.133884
0.16 0.140418
0.17 0.157802
0.18 0.156307
0.19 0.162137
0.2 0.162137
0.21 0.169301
0.22 0.169187
0.23 0.171755
0.24 0.171755
0.25 0.181953
0.26 0.189047
0.27 0.19094
0.28 0.205018
0.29 0.20518
0.3 0.199248
0.31 0.22615
0.32 0.234185
0.33 0.252245
0.34 0.277342
0.35 0.297701
0.36 0.324361
0.37 0.320598
0.38 0.35886
0.39 0.3699
0.4 0.36955
0.41 0.42395
0.42 0.50658
0.43 0.50658
0.44 0.509751
0.45 0.501706
0.46 0.500748
0.47 0.536565
0.48 0.529288
0.49 0.553214
0.5 0.558014
0.51 0.571665
0.52 0.575698
0.53 0.575698
0.54 0.685163
0.55 0.704554
0.56 0.698848
0.57 0.700883
0.58 0.696427
0.59 0.715867
0.6 0.723443
0.61 0.735052
0.62 0.755288
0.63 0.809826
0.64 0.812146
0.65 0.8035
0.66 0.81825
0.67 0.838402
0.68 0.886095
0.69 0.96327
0.7 1.00973
0.71 1.04064
0.72 1.08998
0.73 1.10909
0.74 1.19821
0.75 1.21334
0.76 1.25567
0.77 1.38701
0.78 1.47363
0.79 1.51472
0.8 1.53424
0.81 1.52768
0.82 1.53931
0.83 1.55053
0.84 1.60536
0.85 1.60955
0.86 1.62205
0.87 1.63003
0.88 1.65567
0.89 1.68174
0.9 1.74883
0.91 1.76875
0.92 1.76875
0.93 1.79098
0.94 1.78705
0.95 1.78865
0.96 1.81459
0.97 1.81068
0.98 1.77583
0.99 1.81194
1 1.83363
1.01 1.82593
1.02 1.83995
1.03 1.85955
1.04 1.91113
1.05 1.93783
1.06 1.98532
1.07 2.01438
1.08 1.97097
1.09 1.99785
1.1 1.99083
1.11 2.03862
1.12 2.09055
1.13 2.1618
1.14 2.19158
1.15 2.14895
1.16 2.14507
1.17 2.22529
1.18 2.24086
1.19 2.23463
1.2 2.22675
1.21 2.22737
1.22 2.24331
1.23 2.25932
1.24 2.28544
1.25 2.32515
1.26 2.40036
1.27 2.47747
1.28 2.54317
1.29 2.57617
1.3 2.6471
1.31 2.64006
1.32 2.70007
1.33 2.78029
1.34 2.76791
1.35 2.90397
1.36 2.91132
1.37 2.96968
1.38 3.04858
1.39 3.11894
1.4 3.12094
1.41 3.19088
1.42 3.32951
1.43 3.39198
1.44 3.44289
1.45 3.47485
1.46 3.46952
1.47 3.56787
1.48 3.60659
1.49 3.63043
1.5 3.64617
1.51 3.70449
1.52 3.86819
1.53 3.93838
1.54 4.02886
1.55 4.13294
1.56 4.25499
1.57 4.34919
1.58 4.40773
1.59 4.39712
1.6 4.49778
1.61 4.64281
1.62 4.7278
1.63 4.74892
1.64 4.77523
1.65 4.799
1.66 4.83954
1.67 4.90577
1.68 4.99892
1.69 5.0459
1.7 5.01213
1.71 5.10377
1.72 5.15828
1.73 5.22734
1.74 5.21943
1.75 5.27339
1.76 5.37615
1.77 5.37151
1.78 5.4901
1.79 5.57283
1.8 5.6094
1.81 5.83017
1.82 5.85686
1.83 5.93317
1.84 6.04554
1.85 6.13489
1.86 6.31018
1.87 6.52597
1.88 6.64698
1.89 6.64602
1.9 6.7781
1.91 6.81643
1.92 6.98532
1.93 7.06283
1.94 7.10823
1.95 7.13271
1.96 7.31698
1.97 7.31193
1.98 7.27038
1.99 7.36652
2 7.47448
2.01 7.46754
2.02 7.54685
2.03 7.67081
2.04 7.94378
2.05 8.0813
2.06 8.29545
2.07 8.37033
2.08 8.44981
2.09 8.48857
2.1 8.7513
2.11 8.82396
2.12 8.83823
2.13 8.8185
2.14 8.84903
2.15 8.97102
2.16 9.05754
2.17 9.05754
2.18 9.05754
2.19 9.10689
2.2 9.03972
2.21 9.03659
2.22 9.14863
2.23 9.19224
2.24 9.28475
2.25 9.49927
2.26 9.67358
2.27 9.86238
2.28 10.1071
2.29 10.2234
2.3 10.275
2.31 10.2526
2.32 10.2779
2.33 10.3989
2.34 10.4108
2.35 10.5367
2.36 10.5367
2.37 10.655
2.38 10.7437
2.39 10.8358
2.4 10.8799
2.41 10.8546
2.42 10.8536
2.43 10.9334
2.44 11.1065
2.45 11.171
2.46 11.2484
2.47 11.3522
2.48 11.4671
2.49 11.4671
2.5 11.4659
2.51 11.5781
2.52 11.5686
2.53 11.6934
2.54 11.8093
2.55 11.9827
2.56 12.0157
2.57 12.0723
2.58 12.1056
2.59 12.3737
2.6 12.3582
2.61 12.4605
2.62 12.5136
2.63 12.7229
2.64 12.8247
2.65 12.83
2.66 13.0178
2.67 12.9068
2.68 12.9577
2.69 13.2527
2.7 13.3145
2.71 13.266
2.72 13.2574
2.73 13.3422
2.74 13.4977
2.75 13.4977
2.76 13.675
2.77 13.9349
2.78 13.9333
2.79 14.1711
2.8 14.1711
2.81 14.2315
2.82 14.2146
2.83 14.272
2.84 14.3984
2.85 14.488
2.86 14.5931
2.87 14.7236
2.88 14.6671
2.89 14.4964
2.9 14.6495
2.91 14.645
2.92 14.7955
2.93 15.081
2.94 15.3858
2.95 15.6438
2.96 15.9199
2.97 16.0906
2.98 16.206
2.99 16.2501
3 16.3485
3.01 16.3485
3.02 16.5792
3.03 16.7968
3.04 16.7579
3.05 16.7413
3.06 16.8874
3.07 16.9718
3.08 17.1184
3.09 17.1826
3.1 17.1676
3.11 17.248
3.12 17.3181
3.13 17.4155
3.14 17.4817
3.15 17.5589
3.16 17.9599
3.17 18.0953
3.18 18.0359
3.19 17.9122
3.2 17.9504
3.21 18.0464
3.22 18.0194
3.23 18.24
3.24 18.3242
3.25 18.3547
3.26 18.2916
3.27 18.2934
3.28 18.4693
3.29 18.5597
3.3 18.7375
3.31 18.9784
3.32 19.3951
3.33 19.5424
3.34 19.5881
3.35 19.7557
3.36 19.737
3.37 19.8065
3.38 19.7775
3.39 19.7616
3.4 19.8209
3.41 19.9675
3.42 19.9085
3.43 19.9575
3.44 19.9905
3.45 20.0672
3.46 20.2903
3.47 20.447
3.48 20.4232
3.49 20.6075
3.5 20.8106
3.51 20.7766
3.52 20.7766
3.53 20.9422
3.54 20.9504
3.55 21.1328
3.56 21.1021
3.57 21.1835
3.58 21.4225
3.59 21.6006
3.6 21.7787
3.61 21.8625
3.62 22.2315
3.63 22.3672
3.64 22.3879
3.65 22.4759
3.66 22.7862
3.67 22.9941
3.68 23.2301
3.69 23.4886
3.7 23.5709
3.71 23.652
3.72 23.7506
3.73 23.7218
3.74 23.6711
3.75 23.7408
3.76 23.8284
3.77 23.7348
3.78 23.9719
3.79 24.0308
3.8 24.1579
3.81 24.1924
3.82 24.4145
3.83 24.3864
3.84 24.5444
3.85 24.6244
3.86 24.5832
3.87 24.5261
3.88 24.5283
3.89 24.3989
3.9 24.3989
3.91 24.4926
3.92 24.5392
3.93 24.7757
3.94 24.9386
3.95 25.0574
3.96 25.1
3.97 25.2916
3.98 25.2515
3.99 25.2515
4 25.2818
4.01 25.5334
4.02 25.6144
4.03 25.845
4.04 25.87
4.05 25.7034
4.06 25.6873
4.07 25.687
4.08 25.6378
4.09 25.8306
4.1 26.1527
4.11 26.5039
4.12 26.6713
4.13 26.9013
4.14 26.8343
4.15 26.9216
4.16 26.8397
4.17 27.2121
4.18 27.4156
4.19 27.6036
4.2 27.5092
4.21 27.6641
4.22 27.9037
4.23 27.9112
4.24 28.2193
4.25 28.3305
4.26 28.5475
4.27 28.6338
4.28 28.5342
4.29 28.51
4.3 28.456
4.31 28.9105
4.32 29.1084
4.33 29.2626
4.34 29.5455
4.35 29.6739
4.36 29.6518
4.37 29.618
4.38 29.5992
4.39 29.7498
4.4 29.7498
4.41 29.8151
4.42 29.9646
4.43 30.0455
4.44 30.3268
4.45 30.7903
4.46 30.9632
4.47 31.0299
4.48 31.1151
4.49 31.2933
4.5 31.6461
4.51 31.8274
4.52 31.8694
4.53 31.9829
4.54 31.9311
4.55 32.0451
4.56 32.3249
4.57 32.7246
4.58 32.8799
4.59 33.0709
4.6 32.9506
4.61 32.897
4.62 32.9817
4.63 33.2119
4.64 33.3905
4.65 33.5967
4.66 33.7485
4.67 34.0359
4.68 34.1918
4.69 34.4953
4.7 34.826
4.71 35.029
4.72 35.1544
4.73 35.1359
4.74 35.1671
4.75 35.1163
4.76 35.0503
4.77 35.1797
4.78 35.3621
4.79 35.5283
4.8 35.9092
4.81 36.377
4.82 36.5001
4.83 36.568
4.84 36.6279
4.85 36.6279
4.86 36.8873
4.87 36.9971
4.88 36.9679
4.89 36.917
4.9 37.2642
4.91 37.5258
4.92 37.6168
4.93 37.6528
4.94 38.0378
4.95 38.1806
4.96 38.0463
4.97 38.0772
4.98 38.2316
4.99 38.1825
5 38.5905
5.01 38.8931
5.02 39.1687
5.03 39.6435
5.04 39.7092
5.05 39.7588
5.06 39.7419
5.07 39.8258
5.08 39.6454
5.09 39.7625
5.1 39.9265
5.11 40.0062
5.12 39.8399
5.13 39.7754
5.14 39.7892
5.15 39.8413
5.16 39.9017
5.17 39.8416
5.18 39.993
5.19 40.1385
5.2 40.1796
5.21 40.4331
5.22 40.6998
5.23 40.8541
5.24 40.9855
5.25 41.0335
5.26 41.3228
5.27 41.4742
5.28 41.4742
5.29 41.6222
5.3 42.0704
5.31 42.1099
5.32 42.1901
5.33 42.3383
5.34 42.7554
5.35 43.3514
5.36 43.4294
5.37 43.8204
5.38 43.907
5.39 43.8604
5.4 43.9171
5.41 43.9547
5.42 43.9434
5.43 43.854
5.44 44.0348
5.45 44.3594
5.46 44.5258
5.47 44.5724
5.48 44.7803
5.49 44.9193
5.5 45.0492
5.51 45.6323
5.52 45.7367
5.53 45.8888
5.54 46.0563
5.55 46.0949
5.56 46.0044
5.57 46.0982
5.58 46.1366
5.59 46.3075
5.6 46.6115
5.61 46.8624
5.62 47.115
5.63 47.6597
5.64 47.5364
5.65 47.4957
5.66 47.534
5.67 47.5719
5.68 47.7813
5.69 47.9148
5.7 48.1398
5.71 48.2284
5.72 48.302
5.73 48.3678
5.74 48.5711
5.75 48.8656
5.76 49.2257
5.77 49.212
5.78 49.1555
5.79 48.946
5.8 49.0688
5.81 49.2456
5.82 49.2226
5.83 49.5511
5.84 49.8546
5.85 49.9719
5.86 50.255
5.87 50.4179
5.88 50.6212
5.89 51.0097
5.9 51.274
5.91 51.255
5.92 51.7051
5.93 51.6536
5.94 51.9767
5.95 52.0068
5.96 52.5551
5.97 52.6368
5.98 52.5084
5.99 52.7606
6 52.8276
6.01 52.8194
6.02 52.7972
6.03 53.2798
6.04 53.585
6.05 54.1234
6.06 54.1234
6.07 54.4249
6.08 54.3749
6.09 54.4906
6.1 54.5055
6.11 54.7694
6.12 54.7694
6.13 54.8336
6.14 55.2748
6.15 55.5564
6.16 55.5941
6.17 55.4463
6.18 55.231
6.19 55.3904
6.2 55.308
6.21 55.5206
6.22 55.6835
6.23 55.8064
6.24 55.7244
6.25 56.1809
6.26 56.4011
6.27 56.5495
6.28 57.0345
6.29 57.0911
6.3 57.1112
6.31 57.0715
6.32 57.2582
6.33 57.3868
6.34 57.515
6.35 57.7599
6.36 57.6326
6.37 57.7519
6.38 57.938
6.39 58.2889
6.4 58.5637
6.41 58.7741
6.42 59.0126
6.43 59.0126
6.44 58.9952
6.45 59.3524
6.46 59.2496
6.47 59.4501
6.48 59.5274
6.49 59.7672
6.5 60.0506
6.51 60.1797
6.52 60.3649
6.53 60.3073
6.54 60.0584
6.55 60.0685
6.56 60.1746
6.57 60.306
6.58 60.1395
6.59 60.3154
6.6 60.2962
6.61 60.8337
6.62 60.9265
6.63 61.2232
6.64 61.7754
6.65 61.8885
6.66 62.1578
6.67 62.2961
6.68 63.0097
6.69 63.0097
6.7 62.9829
6.71 63.1002
6.72 62.9989
6.73 62.9675
6.74 63.2039
6.75 63.43
6.76 63.6976
6.77 63.8759
6.78 63.5636
6.79 63.5866
6.8 64.0758
6.81 64.4385
6.82 64.4385
6.83 64.6889
6.84 64.9376
6.85 65.097
6.86 65.4262
6.87 65.5274
6.88 65.3885
6.89 65.2166
6.9 65.33
6.91 65.9514
6.92 66.2344
6.93 66.3468
6.94 66.3075
6.95 66.4705
6.96 66.5701
6.97 66.9825
6.98 67.2559
6.99 67.3234
7 67.0922
7.01 67.2484
7.02 67.2398
7.03 67.1904
7.04 67.0296
7.05 67.0564
7.06 67.3847
7.07 67.5824
7.08 67.975
7.09 68.2932
7.1 68.7207
7.11 68.7807
7.12 68.9626
7.13 69.1977
7.14 69.2461
7.15 69.808
7.16 70.4805
7.17 70.9514
7.18 71.2534
7.19 71.404
7.2 71.8799
7.21 72.1546
7.22 72.2828
7.23 72.4894
7.24 72.8167
7.25 73.3235
7.26 73.7551
7.27 73.7551
7.28 73.9823
7.29 74.2548
7.3 75.0174
7.31 75.6989
7.32 76.4026
7.33 76.3806
7.34 76.36
7.35 76.3434
7.36 76.7649
7.37 76.5958
7.38 76.5188
7.39 76.9388
7.4 76.9278
7.41 77.0436
7.42 77.3646
7.43 77.929
7.44 78.2231
7.45 78.4615
7.46 79.1314
7.47 79.1314
7.48 79.2823
7.49 79.5519
7.5 80.003
7.51 80.3108
7.52 80.8264
7.53 80.991
7.54 80.9568
7.55 81.3819
7.56 81.423
7.57 81.6471
7.58 81.6471
7.59 82.1206
7.6 82.6121
7.61 82.7046
7.62 82.647
7.63 82.7143
7.64 82.8052
7.65 83.3329
7.66 83.6658
7.67 84.1543
7.68 84.3871
7.69 84.543
7.7 84.9522
7.71 85.5265
7.72 86.2914
7.73 86.4612
7.74 86.5713
7.75 86.8156
7.76 87.2585
7.77 87.754
7.78 87.6313
7.79 87.8056
7.8 87.944
7.81 88.2611
7.82 88.4123
7.83 88.3835
7.84 88.6898
7.85 88.8922
7.86 88.8112
7.87 88.9472
7.88 90.1599
7.89 90.2239
7.9 90.4716
7.91 90.3327
7.92 90.4711
7.93 90.6475
7.94 90.7994
7.95 90.9889
7.96 91.3994
7.97 91.3043
7.98 91.0466
7.99 91.1034
8 91.0557
8.01 91.0557
8.02 91.5936
8.03 92.1771
8.04 92.1084
8.05 92.2902
8.06 92.5801
8.07 92.9541
8.08 93.8787
8.09 93.8043
8.1 93.7415
8.11 93.7935
8.12 94.2597
8.13 94.394
8.14 94.7966
8.15 94.9978
8.16 95.3391
8.17 95.1999
8.18 95.4063
8.19 95.6075
8.2 95.7645
8.21 95.7659
8.22 95.3566
8.23 95.2406
8.24 94.9073
8.25 94.9863
8.26 95.0492
8.27 95.3579
8.28 95.4358
8.29 95.6382
8.3 95.8
8.31 95.895
8.32 96.4679
8.33 97.3146
8.34 98.0175
8.35 98.9885
8.36 99.4964
8.37 99.6732
8.38 99.6767
8.39 99.6767
8.4 99.9687
8.41 100.329
8.42 100.75
8.43 101.341
8.44 101.463
8.45 101.416
8.46 101.658
8.47 101.678
8.48 101.942
8.49 102.216
8.5 102.387
8.51 102.835
8.52 103.315
8.53 103.924
8.54 104.519
8.55 104.729
8.56 104.969
8.57 104.866
8.58 105.192
8.59 105.242
8.6 105.526
8.61 105.377
8.62 105.651
8.63 106.107
8.64 106.236
8.65 106.377
8.66 106.569
8.67 107.231
8.68 108.03
8.69 108.345
8.7 108.482
8.71 108.608
8.72 108.774
8.73 108.88
8.74 109.275
8.75 109.456
8.76 109.688
8.77 110.052
8.78 110.052
8.79 110.297
8.8 110.228
8.81 110.358
8.82 110.58
8.83 110.986
8.84 110.879
8.85 110.914
8.86 111.202
8.87 111.282
8.88 111.509
8.89 111.561
8.9 111.415
8.91 111.397
8.92 111.741
8.93 112.195
8.94 113.032
8.95 114.204
8.96 114.546
8.97 114.832
8.98 115.269
8.99 115.289
9 115.239
9.01 115.041
9.02 115.242
9.03 115.361
9.04 115.727
9.05 115.906
9.06 116.337
9.07 117.073
9.08 117.604
9.09 117.749
9.1 118.009
9.11 118.475
9.12 119.054
9.13 119.322
9.14 119.322
9.15 119.955
9.16 120.011
9.17 120.011
9.18 119.887
9.19 120.014
9.2 120.23
9.21 120.202
9.22 120.269
9.23 119.972
9.24 120.311
9.25 120.59
9.26 120.729
9.27 120.853
9.28 121.25
9.29 121.944
9.3 122.031
9.31 122.508
9.32 122.666
9.33 123.144
9.34 123.177
9.35 123.274
9.36 123.552
9.37 123.655
9.38 124.106
9.39 124.759
9.4 125.276
9.41 125.482
9.42 125.721
9.43 125.659
9.44 126.239
9.45 126.475
9.46 126.307
9.47 126.68
9.48 126.895
9.49 127.315
9.5 127.316
9.51 127.579
9.52 127.999
9.53 128.383
9.54 129.125
9.55 129.253
9.56 129.515
9.57 129.984
9.58 130.469
9.59 130.626
9.6 130.959
9.61 131.185
9.62 132.351
9.63 132.903
9.64 133.073
9.65 133.382
9.66 133.607
9.67 134.005
9.68 134.421
9.69 134.504
9.7 135.048
9.71 135.494
9.72 135.523
9.73 135.694
9.74 135.869
9.75 135.949
9.76 136.013
9.77 136.186
9.78 136.44
9.79 136.333
9.8 136.799
9.81 137.329
9.82 138.673
9.83 138.883
9.84 138.995
9.85 138.778
9.86 139.422
9.87 139.358
9.88 139.612
9.89 140.009
9.9 140.303
9.91 140.386
9.92 140.57
9.93 140.655
9.94 140.702
9.95 140.571
9.96 140.796
9.97 140.808
9.98 140.977
9.99 141.612
