0 0.00911366
0.01 0.0265892
0.02 0.0521372
0.03 0.0809534
0.04 0.110487
0.05 0.141028
0.06 0.191087
0.07 0.215613
0.08 0.2233
0.09 0.253542
0.1 0.265438
0.11 0.290311
0.12 0.32435
0.13 0.353623
0.14 0.395373
0.15 0.435839
0.16 0.488594
0.17 0.497504
0.18 0.513887
0.19 0.532029
0.2 0.530555
0.21 0.541784
0.22 0.561903
0.23 0.599775
0.24 0.619408
0.25 0.65618
0.26 0.697522
0.27 0.756641
0.28 0.774201
0.29 0.8175
0.3 0.856835
0.31 0.895882
0.32 0.925225
0.33 0.933057
0.34 0.990518
0.35 1.02624
0.36 1.03285
0.37 1.09216
0.38 1.16687
0.39 1.23319
0.4 1.26063
0.41 1.31708
0.42 1.38054
0.43 1.42601
0.44 1.48104
0.45 1.55415
0.46 1.59617
0.47 1.65222
0.48 1.71715
0.49 1.73822
0.5 1.82024
0.51 1.84961
0.52 1.85403
0.53 1.9454
0.54 2.05119
0.55 2.11359
0.56 2.12259
0.57 2.17437
0.58 2.26952
0.59 2.3924
0.6 2.47305
0.61 2.56408
0.62 2.59864
0.63 2.66388
0.64 2.72844
0.65 2.75061
0.66 2.79676
0.67 2.8315
0.68 2.9011
0.69 3.01645
0.7 3.16055
0.71 3.17489
0.72 3.2003
0.73 3.22026
0.74 3.22212
0.75 3.21666
0.76 3.20081
0.77 3.22481
0.78 3.28797
0.79 3.37079
0.8 3.38129
0.81 3.48337
0.82 3.50756
0.83 3.59092
0.84 3.61928
0.85 3.68479
0.86 3.73691
0.87 3.80604
0.88 3.85469
0.89 3.86479
0.9 3.86248
0.91 3.7891
0.92 3.89353
0.93 3.93898
0.94 4.04236
0.95 4.18617
0.96 4.37955
0.97 4.49955
0.98 4.58703
0.99 4.63443
1 4.70611
1.01 4.75484
1.02 4.85414
1.03 4.90309
1.04 4.9877
1.05 5.10031
1.06 5.26978
1.07 5.31168
1.08 5.45006
1.09 5.48344
1.1 5.51171
1.11 5.50586
1.12 5.58093
1.13 5.60368
1.14 5.70737
1.15 5.77725
1.16 5.85048
1.17 5.91195
1.18 6.0754
1.19 6.13287
1.2 6.20909
1.21 6.23166
1.22 6.3745
1.23 6.44441
1.24 6.52232
1.25 6.48974
1.26 6.62381
1.27 6.75853
1.28 6.84798
1.29 7.00927
1.3 7.09172
1.31 7.14453
1.32 7.30325
1.33 7.35394
1.34 7.45891
1.35 7.59046
1.36 7.55441
1.37 7.71457
1.38 7.8705
1.39 8.02741
1.4 8.10796
1.41 8.20089
1.42 8.45816
1.43 8.69263
1.44 8.86491
1.45 8.98842
1.46 9.10154
1.47 9.20265
1.48 9.27964
1.49 9.31141
1.5 9.38265
1.51 9.55164
1.52 9.68317
1.53 9.74206
1.54 9.88025
1.55 10.0239
1.56 10.2486
1.57 10.4402
1.58 10.7007
1.59 10.8265
1.6 11.0185
1.61 11.1463
1.62 11.1934
1.63 11.2479
1.64 11.3867
1.65 11.5133
1.66 11.6376
1.67 11.8524
1.68 12.0687
1.69 12.2338
1.7 12.4552
1.71 12.6272
1.72 12.7702
1.73 12.8799
1.74 12.9276
1.75 12.9138
1.76 12.9287
1.77 13.0073
1.78 13.1736
1.79 13.3219
1.8 13.4805
1.81 13.57
1.82 13.6844
1.83 13.7284
1.84 13.7723
1.85 13.7817
1.86 13.7853
1.87 13.8872
1.88 14.0358
1.89 14.171
1.9 14.3308
1.91 14.5432
1.92 14.6596
1.93 14.8054
1.94 14.9692
1.95 15.1145
1.96 15.2717
1.97 15.4332
1.98 15.6452
1.99 15.925
2 16.0699
2.01 16.251
2.02 16.6149
2.03 16.9152
2.04 17.095
2.05 17.2428
2.06 17.4349
2.07 17.5888
2.08 17.813
2.09 18.0749
2.1 18.446
2.11 18.7911
2.12 18.8691
2.13 19.0472
2.14 19.3787
2.15 19.5198
2.16 19.6746
2.17 19.8042
2.18 19.9311
2.19 20.0862
2.2 20.3504
2.21 20.5429
2.22 20.826
2.23 21.0399
2.24 21.3753
2.25 21.6207
2.26 21.7096
2.27 21.7205
2.28 21.6438
2.29 21.7593
2.3 21.7272
2.31 21.7805
2.32 21.8914
2.33 22.0869
2.34 22.0659
2.35 22.0127
2.36 22.0985
2.37 22.3143
2.38 22.5005
2.39 22.5851
2.4 22.8404
2.41 23.047
2.42 23.3866
2.43 23.5914
2.44 23.7962
2.45 24.0029
2.46 24.1636
2.47 24.4434
2.48 24.5761
2.49 24.6227
2.5 24.8313
2.51 25.0236
2.52 25.213
2.53 25.4611
2.54 25.7352
2.55 25.938
2.56 26.1342
2.57 26.2283
2.58 26.3775
2.59 26.596
2.6 26.7569
2.61 26.8655
2.62 27.079
2.63 27.1986
2.64 27.3699
2.65 27.5079
2.66 27.6281
2.67 27.7102
2.68 27.7999
2.69 27.8606
2.7 27.95
2.71 28.1975
2.72 28.3126
2.73 28.6502
2.74 28.8228
2.75 29.0892
2.76 29.1995
2.77 29.5171
2.78 29.6411
2.79 29.7318
2.8 29.9318
2.81 30.1215
2.82 30.3986
2.83 30.5348
2.84 30.6733
2.85 30.8253
2.86 30.9286
2.87 31.1084
2.88 31.2601
2.89 31.4885
2.9 31.6476
2.91 31.6909
2.92 31.8198
2.93 31.8166
2.94 32.0488
2.95 32.3963
2.96 32.6864
2.97 32.8872
2.98 33.0161
2.99 33.1547
3 33.3749
3.01 33.6762
3.02 33.8084
3.03 33.9608
3.04 34.1523
3.05 34.3952
3.06 34.4781
3.07 34.7528
3.08 35.0632
3.09 35.3253
3.1 35.7792
3.11 35.8997
3.12 35.9923
3.13 36.1098
3.14 36.1823
3.15 36.1624
3.16 36.1888
3.17 36.362
3.18 36.3974
3.19 36.5746
3.2 36.6871
3.21 36.8597
3.22 37.0527
3.23 37.3919
3.24 37.6896
3.25 38.127
3.26 38.2959
3.27 38.5866
3.28 38.7121
3.29 38.9474
3.3 39.0286
3.31 39.172
3.32 39.5389
3.33 39.5722
3.34 39.8835
3.35 39.9867
3.36 40.133
3.37 40.1736
3.38 40.2244
3.39 40.2676
3.4 40.4467
3.41 40.7389
3.42 40.9598
3.43 41.0099
3.44 41.0975
3.45 41.4007
3.46 41.7642
3.47 42.1509
3.48 42.5113
3.49 42.5398
3.5 42.6159
3.51 42.8524
3.52 43.107
3.53 43.0976
3.54 43.4281
3.55 44.0051
3.56 44.1968
3.57 44.2591
3.58 44.2683
3.59 44.4835
3.6 44.7283
3.61 44.8539
3.62 45.0035
3.63 45.2244
3.64 45.303
3.65 45.3016
3.66 45.592
3.67 45.8065
3.68 46.0396
3.69 46.4239
3.7 46.9262
3.71 47.3755
3.72 47.7396
3.73 47.8377
3.74 48.1433
3.75 48.2921
3.76 48.5594
3.77 48.6825
3.78 48.8766
3.79 49.2394
3.8 49.5492
3.81 49.9702
3.82 50.3086
3.83 50.5444
3.84 50.6377
3.85 50.8272
3.86 50.9353
3.87 51.0319
3.88 50.9689
3.89 51.152
3.9 51.4958
3.91 51.4328
3.92 51.501
3.93 51.5793
3.94 51.6675
3.95 51.9493
3.96 52.2332
3.97 52.4835
3.98 52.6275
3.99 53.0389
4 53.2643
4.01 53.2184
4.02 53.309
4.03 53.6745
4.04 53.7409
4.05 53.8705
4.06 53.7929
4.07 53.9449
4.08 53.9753
4.09 53.8154
4.1 53.9459
4.11 54.1638
4.12 54.2007
4.13 54.2724
4.14 54.7243
4.15 54.7564
4.16 55.1702
4.17 55.4927
4.18 55.9211
4.19 56.1583
4.2 56.5097
4.21 56.7972
4.22 57.1772
4.23 57.5012
4.24 57.7347
4.25 58.0778
4.26 58.1924
4.27 58.3019
4.28 58.226
4.29 58.4653
4.3 58.7524
4.31 59.276
4.32 59.3785
4.33 59.8382
4.34 60.2311
4.35 60.4374
4.36 60.6297
4.37 60.9752
4.38 61.1625
4.39 61.5585
4.4 61.8648
4.41 61.9245
4.42 62.3595
4.43 62.4479
4.44 62.7391
4.45 63.1541
4.46 63.5982
4.47 63.959
4.48 64.2778
4.49 64.4432
4.5 64.7258
4.51 65.0094
4.52 65.2885
4.53 65.2903
4.54 65.3181
4.55 65.4932
4.56 65.6705
4.57 65.7494
4.58 65.8373
4.59 66.0822
4.6 66.3715
4.61 66.759
4.62 66.7049
4.63 66.798
4.64 67.1798
4.65 67.1835
4.66 67.3222
4.67 67.3514
4.68 67.4959
4.69 67.5489
4.7 67.9176
4.71 68.3296
4.72 68.6281
4.73 69.0035
4.74 69.0106
4.75 69.1817
4.76 69.4995
4.77 69.8084
4.78 69.9965
4.79 70.4156
4.8 70.5294
4.81 70.8192
4.82 71.3548
4.83 71.7483
4.84 72.0534
4.85 72.562
4.86 72.8739
4.87 73.3271
4.88 73.5753
4.89 74.0979
4.9 74.313
4.91 74.8408
4.92 74.9185
4.93 75.3181
4.94 75.5386
4.95 75.677
4.96 75.6835
4.97 75.6635
4.98 75.5294
4.99 75.9619
5 76.6434
5.01 77.3608
5.02 77.6977
5.03 77.9983
5.04 78.1893
5.05 78.3399
5.06 78.7161
5.07 78.6383
5.08 78.7955
5.09 79.0007
5.1 79.3769
5.11 79.7467
5.12 80.0972
5.13 80.0264
5.14 79.9277
5.15 79.9481
5.16 80.0621
5.17 79.9592
5.18 80.0196
5.19 80.1975
5.2 80.5887
5.21 81.0021
5.22 81.3652
5.23 81.6749
5.24 81.8954
5.25 82.1073
5.26 82.5242
5.27 82.8497
5.28 83.2463
5.29 83.4211
5.3 83.9496
5.31 84.23
5.32 84.3134
5.33 84.7559
5.34 84.8608
5.35 85.4807
5.36 86.0028
5.37 86.4028
5.38 86.4932
5.39 86.7062
5.4 87.0529
5.41 87.1887
5.42 87.4828
5.43 87.6193
5.44 87.8151
5.45 87.9665
5.46 88.0685
5.47 88.2989
5.48 88.7997
5.49 89.071
5.5 89.3842
5.51 89.5425
5.52 89.8342
5.53 90.1032
5.54 90.0486
5.55 90.3882
5.56 90.3234
5.57 90.6447
5.58 91.0606
5.59 91.6269
5.6 91.9413
5.61 92.0784
5.62 92.5225
5.63 93.0614
5.64 93.7506
5.65 94.2351
5.66 94.3486
5.67 94.7955
5.68 94.8777
5.69 95.0022
5.7 95.0718
5.71 95.0534
5.72 95.0155
5.73 95.1654
5.74 95.3606
5.75 95.4756
5.76 95.7464
5.77 96.229
5.78 96.5965
5.79 97.0696
5.8 97.122
5.81 97.3081
5.82 97.621
5.83 97.9764
5.84 98.7157
5.85 99.0605
5.86 99.0764
5.87 98.8681
5.88 98.9748
5.89 99.3445
5.9 99.6783
5.91 99.8671
5.92 99.8739
5.93 99.8747
5.94 100.325
5.95 100.606
5.96 100.762
5.97 101.195
5.98 101.65
5.99 101.815
6 101.57
6.01 101.553
6.02 101.851
6.03 102.008
6.04 102.015
6.05 101.885
6.06 102.248
6.07 102.64
6.08 103.353
6.09 103.893
6.1 104.105
6.11 104.09
6.12 104.396
6.13 104.787
6.14 104.992
6.15 105.099
6.16 105.376
6.17 105.549
6.18 106.254
6.19 106.875
6.2 107.26
6.21 107.535
6.22 108.184
6.23 108.591
6.24 109.075
6.25 109.398
6.26 109.68
6.27 109.976
6.28 110.183
6.29 110.48
6.3 110.846
6.31 111.25
6.32 111.325
6.33 111.366
6.34 111.362
6.35 111.413
6.36 111.805
6.37 111.791
6.38 112.196
6.39 112.711
6.4 113.072
6.41 113.354
6.42 113.735
6.43 113.752
6.44 114.025
6.45 114.364
6.46 114.826
6.47 115.483
6.48 115.977
6.49 116.502
6.5 116.752
6.51 117.198
6.52 117.19
6.53 117.449
6.54 117.805
6.55 118.31
6.56 118.803
6.57 119.356
6.58 119.993
6.59 120.527
6.6 120.584
6.61 120.507
6.62 120.451
6.63 121.096
6.64 121.306
6.65 121.931
6.66 122.268
6.67 122.692
6.68 123.47
6.69 123.963
6.7 124.531
6.71 124.751
6.72 124.804
6.73 125.122
6.74 125.496
6.75 125.9
6.76 126.16
6.77 126.715
6.78 127.162
6.79 127.374
6.8 127.934
6.81 128.366
6.82 128.841
6.83 129.057
6.84 129.261
6.85 129.734
6.86 129.83
6.87 130.299
6.88 130.529
6.89 130.953
6.9 131.311
6.91 131.524
6.92 132.039
6.93 132.526
6.94 133.101
6.95 133.735
6.96 134.455
6.97 134.962
6.98 135.408
6.99 135.667
7 136.188
7.01 136.34
7.02 136.782
7.03 137.013
7.04 137.308
7.05 137.496
7.06 137.887
7.07 137.9
7.08 138.194
7.09 138.329
7.1 138.987
7.11 139.434
7.12 139.758
7.13 139.658
7.14 139.931
7.15 140.192
7.16 140.772
7.17 140.962
7.18 141.106
7.19 141.154
7.2 141.681
7.21 142.195
7.22 142.503
7.23 142.906
7.24 143.571
7.25 143.569
7.26 144.196
7.27 144.502
7.28 144.436
7.29 144.612
7.3 144.623
7.31 144.939
7.32 145.416
7.33 146.135
7.34 146.489
7.35 147.167
7.36 147.359
7.37 147.836
7.38 148.293
7.39 148.797
7.4 149.504
7.41 149.648
7.42 149.248
7.43 149.35
7.44 149.383
7.45 149.646
7.46 149.992
7.47 149.84
7.48 150.007
7.49 150.018
7.5 150.454
7.51 150.931
7.52 151.371
7.53 151.755
7.54 152.48
7.55 152.749
7.56 153.384
7.57 153.912
7.58 154.822
7.59 155.497
7.6 156
7.61 156.127
7.62 156.483
7.63 156.545
7.64 156.965
7.65 157.489
7.66 157.761
7.67 157.957
7.68 158.359
7.69 158.533
7.7 158.843
7.71 159.548
7.72 159.982
7.73 160.26
7.74 160.556
7.75 161.141
7.76 161.32
7.77 161.229
7.78 161.664
7.79 161.942
7.8 162.3
7.81 162.542
7.82 162.922
7.83 163.33
7.84 163.629
7.85 164.15
7.86 164.293
7.87 164.831
7.88 165.532
7.89 166.283
7.9 166.593
7.91 166.759
7.92 166.961
7.93 167.34
7.94 167.738
7.95 167.911
7.96 167.968
7.97 167.964
7.98 168.749
7.99 169.534
8 170.257
8.01 170.671
8.02 171.474
8.03 172.115
8.04 172.595
8.05 173.036
8.06 173.404
8.07 173.215
8.08 172.994
8.09 172.628
8.1 172.843
8.11 173.182
8.12 173.594
8.13 173.857
8.14 173.9
8.15 173.789
8.16 173.744
8.17 174.246
8.18 174.443
8.19 174.531
8.2 174.754
8.21 174.886
8.22 175.367
8.23 175.37
8.24 175.767
8.25 175.886
8.26 176.3
8.27 176.632
8.28 176.335
8.29 176.244
8.3 176.308
8.31 176.393
8.32 176.898
8.33 177.465
8.34 177.924
8.35 178.634
8.36 178.627
8.37 179.004
8.38 179.151
8.39 179.638
8.4 180.167
8.41 180.854
8.42 181.265
8.43 181.807
8.44 182.389
8.45 182.761
8.46 183.084
8.47 183.485
8.48 184.101
8.49 184.209
8.5 184.261
8.51 184.646
8.52 185.16
8.53 185.451
8.54 185.688
8.55 185.79
8.56 186.223
8.57 186.29
8.58 186.398
8.59 186.559
8.6 186.675
8.61 186.496
8.62 186.496
8.63 186.957
8.64 187.121
8.65 187.551
8.66 188.025
8.67 188.699
8.68 188.918
8.69 189.675
8.7 190.21
8.71 190.766
8.72 191.052
8.73 191.509
8.74 191.873
8.75 192.751
8.76 193.631
8.77 194.078
8.78 194.4
8.79 195.122
8.8 195.476
8.81 195.438
8.82 195.905
8.83 196.266
8.84 196.811
8.85 196.866
8.86 197.026
8.87 197.406
8.88 198.566
8.89 199.856
8.9 200.573
8.91 200.683
8.92 200.988
8.93 201.822
8.94 202.17
8.95 202.729
8.96 203.322
8.97 203.899
8.98 204.632
8.99 204.852
9 205.274
9.01 205.773
9.02 206.25
9.03 206.421
9.04 206.961
9.05 207.452
9.06 208.438
9.07 208.613
9.08 209.62
9.09 209.749
9.1 209.617
9.11 209.85
9.12 210.78
9.13 211.43
9.14 212.319
9.15 213.132
9.16 213.823
9.17 214.173
9.18 214.813
9.19 215.655
9.2 216.078
9.21 216.579
9.22 216.657
9.23 217.433
9.24 218.195
9.25 218.94
9.26 219.309
9.27 219.611
9.28 220.715
9.29 221.111
9.3 221.733
9.31 222.46
9.32 222.831
9.33 223.145
9.34 223.766
9.35 224.363
9.36 224.796
9.37 225.001
9.38 225.405
9.39 226.185
9.4 226.775
9.41 227.025
9.42 227.212
9.43 226.96
9.44 227.008
9.45 227.453
9.46 227.868
9.47 227.957
9.48 228.125
9.49 228.563
9.5 229.263
9.51 229.661
9.52 229.523
9.53 229.863
9.54 230.406
9.55 230.725
9.56 231.012
9.57 231.662
9.58 232.139
9.59 232.48
9.6 232.951
9.61 233.305
9.62 233.446
9.63 233.754
9.64 234.548
9.65 235.252
9.66 236.087
9.67 236.892
9.68 237.323
9.69 237.672
9.7 238.591
9.71 239.278
9.72 239.832
9.73 240.36
9.74 241.413
9.75 241.978
9.76 242.726
9.77 243.277
9.78 243.357
9.79 244.482
9.8 245.215
9.81 245.566
9.82 245.912
9.83 246.319
9.84 246.736
9.85 247.466
9.86 248.321
9.87 248.755
9.88 249.659
9.89 250.704
9.9 251.591
9.91 252.014
9.92 252.382
9.93 253.237
9.94 254.343
9.95 255.129
9.96 256.128
9.97 257.125
9.98 257.147
9.99 257.027
10 257.137
10.01 257.871
10.02 258.55
10.03 259.148
10.04 259.834
10.05 260.034
10.06 260.202
10.07 260.764
10.08 261.135
10.09 261.65
10.1 262.501
10.11 263.183
10.12 263.344
10.13 263.288
10.14 263.652
10.15 264.375
10.16 264.89
10.17 265.2
10.18 265.545
10.19 266.124
10.2 266.944
10.21 268.265
10.22 269.235
10.23 269.991
10.24 270.623
10.25 271.256
10.26 271.976
10.27 272.296
10.28 273.118
10.29 273.533
10.3 274.033
10.31 274.352
10.32 274.636
10.33 275.184
10.34 275.337
10.35 275.761
10.36 275.914
10.37 276.001
10.38 276.407
10.39 277.237
10.4 278.065
10.41 278.564
10.42 278.692
10.43 279.403
10.44 279.758
10.45 280.165
10.46 280.72
10.47 281.031
10.48 281.973
10.49 282.996
10.5 283.448
10.51 284.084
10.52 284.427
10.53 285.096
10.54 285.788
10.55 285.873
10.56 286.23
10.57 286.437
10.58 287.004
10.59 288.067
10.6 288.615
10.61 288.787
10.62 289.269
10.63 290.38
10.64 290.671
10.65 290.81
10.66 291.272
10.67 291.975
10.68 292.701
10.69 293.201
10.7 293.734
10.71 294.062
10.72 294.203
10.73 294.238
10.74 294.276
10.75 295.075
10.76 295.904
10.77 296.28
10.78 296.058
10.79 296.095
10.8 296.04
10.81 296.334
10.82 296.927
10.83 297.065
10.84 297.004
10.85 297.081
10.86 297.162
10.87 297.835
10.88 298.817
10.89 299.752
10.9 300.404
10.91 301.47
10.92 302.22
10.93 302.483
10.94 302.616
10.95 303.073
10.96 303.684
10.97 304.282
10.98 304.765
10.99 305.572
11 305.917
11.01 306.507
11.02 307.19
11.03 307.417
11.04 307.426
11.05 307.213
11.06 307.266
11.07 307.517
11.08 307.821
11.09 308.447
11.1 308.849
11.11 309.178
11.12 308.934
11.13 309.116
11.14 309.176
11.15 309.197
11.16 309.62
11.17 309.903
11.18 310.078
11.19 310.505
11.2 311.278
11.21 311.699
11.22 312.325
11.23 312.75
11.24 313.075
11.25 312.8
11.26 313.307
11.27 313.74
11.28 314.208
11.29 314.401
11.3 314.169
11.31 314.206
11.32 314.089
11.33 313.913
11.34 314.651
11.35 315.756
11.36 316.343
11.37 316.977
11.38 317.743
11.39 318.952
11.4 319.853
11.41 320.904
11.42 321.517
11.43 322.097
11.44 322.818
11.45 323.862
11.46 324.312
11.47 324.403
11.48 324.931
11.49 325.484
11.5 326.283
11.51 326.52
11.52 326.965
11.53 327.292
11.54 328.201
11.55 329.832
11.56 331.153
11.57 332.001
11.58 332.612
11.59 333.258
11.6 333.59
11.61 333.955
11.62 334.325
11.63 334.694
11.64 334.83
11.65 334.811
11.66 335.142
11.67 335.403
11.68 335.272
11.69 335.637
11.7 335.57
11.71 335.603
11.72 335.995
11.73 336.625
11.74 337.761
11.75 338.272
11.76 338.797
11.77 339.095
11.78 339.4
11.79 339.057
11.8 340.042
11.81 340.947
11.82 342.296
11.83 342.914
11.84 343.613
11.85 343.602
11.86 343.602
11.87 343.888
11.88 343.571
11.89 344.072
11.9 344.612
11.91 345.181
11.92 345.347
11.93 345.583
11.94 345.807
11.95 345.777
11.96 346.25
11.97 346.846
11.98 348.223
11.99 349.045
12 349.315
12.01 349.718
12.02 350.654
12.03 350.978
12.04 351.769
12.05 352.614
12.06 352.139
12.07 352.618
12.08 353.561
12.09 354.213
12.1 354.544
12.11 354.953
12.12 355.83
12.13 356.429
12.14 356.814
12.15 357.151
12.16 357.899
12.17 358.371
12.18 358.788
12.19 359.31
12.2 360.046
12.21 361.018
12.22 361.636
12.23 362.223
12.24 362.908
12.25 363.877
12.26 364.509
12.27 365.465
12.28 365.952
12.29 366.675
12.3 367.693
12.31 368.622
12.32 368.973
12.33 369.914
12.34 370.324
12.35 370.786
12.36 371.065
12.37 371.641
12.38 372.137
12.39 372.624
12.4 372.691
12.41 372.948
12.42 374.671
12.43 375.76
12.44 376.211
12.45 376.862
12.46 377.122
12.47 377.149
12.48 377.257
12.49 378.439
12.5 378.995
12.51 379.333
12.52 379.581
12.53 380.578
12.54 381.154
12.55 381.31
12.56 381.79
12.57 382.242
12.58 382.337
12.59 382.605
12.6 382.802
12.61 383.294
12.62 384.118
12.63 384.35
12.64 385.499
12.65 386.033
12.66 386.793
12.67 387.939
12.68 388.692
12.69 388.943
12.7 389.44
12.71 390.261
12.72 391.079
12.73 392.272
12.74 392.884
12.75 393.094
12.76 394.093
12.77 394.955
12.78 395.614
12.79 395.892
12.8 396.035
12.81 396.043
12.82 396.37
12.83 396.565
12.84 396.905
12.85 397.22
12.86 397.133
12.87 397.655
12.88 398.307
12.89 398.434
12.9 398.825
12.91 398.304
12.92 398.973
12.93 399.435
12.94 399.883
12.95 400.989
12.96 402.066
12.97 402.851
12.98 402.753
12.99 403.052
13 404.026
13.01 404.945
13.02 405.405
13.03 406.14
13.04 406.507
13.05 407.07
13.06 406.948
13.07 407.176
13.08 407.644
13.09 408.29
13.1 408.429
13.11 408.4
13.12 408.709
13.13 408.918
13.14 409.062
13.15 409.303
13.16 409.949
13.17 410.641
13.18 410.908
13.19 410.503
13.2 410.704
13.21 410.923
13.22 410.925
13.23 411.428
13.24 412.109
13.25 413.001
13.26 413.579
13.27 414.589
13.28 414.96
13.29 416.081
13.3 416.518
13.31 417.178
13.32 417.603
13.33 418.204
13.34 419.05
13.35 419.671
13.36 420.31
13.37 420.827
13.38 420.632
13.39 421.479
13.4 421.807
13.41 422.77
13.42 423.821
13.43 424.833
13.44 424.421
13.45 425.02
13.46 425.104
13.47 425.438
13.48 426.392
13.49 426.733
13.5 426.646
13.51 426.947
13.52 427.519
13.53 428.432
13.54 429.744
13.55 430.755
13.56 430.844
13.57 431.164
13.58 431.643
13.59 432.479
13.6 432.868
13.61 433.845
13.62 435.138
13.63 435.341
13.64 435.354
13.65 435.732
13.66 435.984
13.67 436.412
13.68 437.092
13.69 437.995
13.7 438.447
13.71 438.259
13.72 438.734
13.73 438.989
13.74 439.532
13.75 439.912
13.76 440.779
13.77 441.35
13.78 441.652
13.79 442.224
13.8 443.025
13.81 443.136
13.82 443.397
13.83 443.827
13.84 444.813
13.85 445.649
13.86 446.603
13.87 447.523
13.88 448.108
13.89 448.278
13.9 449.209
13.91 449.778
13.92 450.348
13.93 451.099
13.94 452.035
13.95 452.515
13.96 453.373
13.97 453.314
13.98 453.035
13.99 453.196
14 454.095
14.01 454.908
14.02 455.376
14.03 456.436
14.04 457.468
14.05 457.855
14.06 458.544
14.07 458.689
14.08 458.768
14.09 459.081
14.1 459.817
14.11 459.643
14.12 459.767
14.13 460.497
14.14 461.553
14.15 461.729
14.16 462.606
14.17 462.784
14.18 464.072
14.19 464.434
14.2 465.056
14.21 465.661
14.22 465.784
14.23 466.209
14.24 467.242
14.25 467.199
14.26 467.319
14.27 467.373
14.28 467.455
14.29 468.729
14.3 469.3
14.31 470.599
14.32 470.845
14.33 471.847
14.34 472.247
14.35 472.479
14.36 472.302
14.37 472.189
14.38 472.861
14.39 473.765
14.4 474.685
14.41 474.819
14.42 474.989
14.43 475.17
14.44 475.903
14.45 476.743
14.46 477.085
14.47 476.867
14.48 477.551
14.49 478.061
14.5 478.425
14.51 478.908
14.52 479.323
14.53 479.826
14.54 480.278
14.55 481.305
14.56 481.772
14.57 481.98
14.58 482.732
14.59 483.304
14.6 483.998
14.61 484.709
14.62 485.257
14.63 485.587
14.64 485.955
14.65 486.458
14.66 487.32
14.67 487.072
14.68 487.183
14.69 487.426
14.7 488.062
14.71 488.907
14.72 489.998
14.73 489.672
14.74 489.945
14.75 490.223
14.76 490.906
14.77 490.848
14.78 491.595
14.79 491.716
14.8 492.732
14.81 493.003
14.82 493.006
14.83 493.153
14.84 493.41
14.85 493.739
14.86 494.076
14.87 494.292
14.88 495.121
14.89 496.04
14.9 496.807
14.91 497.445
14.92 497.455
14.93 498.43
14.94 498.897
14.95 499.349
14.96 499.988
14.97 500.477
14.98 501.021
14.99 502.196
15 502.935
15.01 503.546
15.02 504.166
15.03 504.264
15.04 504.712
15.05 505.435
15.06 506.805
15.07 507.337
15.08 507.925
15.09 508.331
15.1 508.778
15.11 508.757
15.12 509.305
15.13 510.14
15.14 511.037
15.15 511.837
15.16 512.178
15.17 512.682
15.18 513.333
15.19 514.03
15.2 514.504
15.21 515.087
15.22 516.083
15.23 516.312
15.24 516.962
15.25 517.135
15.26 517.418
15.27 517.127
15.28 517.012
15.29 517.98
15.3 518.707
15.31 519.189
15.32 519.26
15.33 519.783
15.34 520.639
15.35 521.427
15.36 521.898
15.37 522.984
15.38 524.164
15.39 523.981
15.4 524.181
15.41 524.099
15.42 523.993
15.43 523.761
15.44 523.647
15.45 524.21
15.46 524.737
15.47 525.423
15.48 525.566
15.49 525.882
15.5 526.513
15.51 527.288
15.52 527.626
15.53 527.567
15.54 527.924
15.55 529.098
15.56 529.53
15.57 529.948
15.58 530.741
15.59 530.741
15.6 531.113
15.61 532.199
15.62 532.348
15.63 532.85
15.64 532.43
15.65 532.714
15.66 533.296
15.67 533.689
15.68 534.226
15.69 535.03
15.7 535.858
15.71 537.063
15.72 537.24
15.73 537.117
15.74 537.934
15.75 538.134
15.76 538.555
15.77 539.366
15.78 539.991
15.79 540.744
15.8 541.323
15.81 541.95
15.82 541.824
15.83 541.908
15.84 542.485
15.85 543.274
15.86 544.846
15.87 545.656
15.88 546.63
15.89 547.818
15.9 549.292
15.91 550.17
15.92 551.002
15.93 551.209
15.94 551.097
15.95 550.843
15.96 551.78
15.97 552.827
15.98 553.083
15.99 553.704
16 553.77
16.01 553.868
16.02 554.73
16.03 555.678
16.04 555.828
16.05 556.035
16.06 556.883
16.07 557.638
16.08 557.687
16.09 557.767
16.1 558.061
16.11 558.823
16.12 559.554
16.13 559.736
16.14 560.286
16.15 560.428
16.16 560.712
16.17 561.544
16.18 562.657
16.19 563.414
16.2 564.754
16.21 565.304
16.22 565.751
16.23 565.958
16.24 566.312
16.25 566.14
16.26 566.482
16.27 566.592
16.28 566.597
16.29 567.547
16.3 567.7
16.31 567.698
16.32 568.361
16.33 568.82
16.34 568.453
16.35 569.338
16.36 569.957
16.37 570.756
16.38 570.951
16.39 571.888
16.4 573.223
16.41 574.23
16.42 574.971
16.43 575.344
16.44 576.111
16.45 576.674
16.46 577.847
16.47 577.618
16.48 578.305
16.49 578.487
16.5 579.301
16.51 579.518
16.52 579.865
16.53 579.954
16.54 579.818
16.55 580.333
16.56 581.543
16.57 582.554
16.58 581.895
16.59 581.977
16.6 582.497
16.61 583.311
16.62 584.212
16.63 584.759
16.64 585.364
16.65 585.267
16.66 585.518
16.67 585.788
16.68 586.591
16.69 586.826
16.7 586.88
16.71 587.157
16.72 587.659
16.73 588.241
16.74 589.181
16.75 589.79
16.76 590.515
16.77 590.842
16.78 591.677
16.79 592.428
16.8 592.392
16.81 592.512
16.82 592.694
16.83 592.958
16.84 593.281
16.85 593.932
16.86 594.476
16.87 595.265
16.88 594.861
16.89 595.107
16.9 595.554
16.91 596.655
16.92 597.974
16.93 598.385
16.94 598.927
16.95 598.228
16.96 598.779
16.97 599.193
16.98 599.699
16.99 600.054
17 600.858
17.01 601.529
17.02 603.216
17.03 604.127
17.04 605.096
17.05 606.243
17.06 606.833
17.07 607.581
17.08 608.717
17.09 609.916
17.1 610.28
17.11 610.83
17.12 611.251
17.13 611.881
17.14 611.699
17.15 611.495
17.16 611.776
17.17 612.399
17.18 612.697
17.19 613.099
17.2 613.291
17.21 614.06
17.22 615.07
17.23 615.776
17.24 616.497
17.25 617.044
17.26 616.567
17.27 617.576
17.28 618.268
17.29 618.756
17.3 619.398
17.31 619.483
17.32 619.757
17.33 620.393
17.34 620.619
17.35 620.982
17.36 620.803
17.37 620.576
17.38 620.976
17.39 621.044
17.4 622.004
17.41 623.368
17.42 624.714
17.43 625.361
17.44 626.031
17.45 627.388
17.46 627.281
17.47 627.325
17.48 627.703
17.49 628.196
17.5 628.717
17.51 629.428
17.52 630.244
17.53 631.163
17.54 631.471
17.55 632.282
17.56 633.088
17.57 633.663
17.58 634.505
17.59 635.125
17.6 636.424
17.61 637.225
17.62 637.601
17.63 638.602
17.64 640.024
17.65 640.193
17.66 640.841
17.67 641.652
17.68 643.021
17.69 644.566
17.7 646.144
17.71 646.918
17.72 647.81
17.73 648.416
17.74 649.118
17.75 649.645
17.76 650.305
17.77 650.335
17.78 651.592
17.79 652.424
17.8 652.654
17.81 652.565
17.82 652.331
17.83 652.545
17.84 652.422
17.85 652.823
17.86 652.935
17.87 653.423
17.88 654.171
17.89 655.303
17.9 656.01
17.91 656.899
17.92 657.379
17.93 656.75
17.94 657.254
17.95 658.47
17.96 659.639
17.97 660.241
17.98 660.441
17.99 661.081
18 661.5
18.01 662.581
18.02 664.461
18.03 665.736
18.04 666.896
18.05 667.669
18.06 667.972
18.07 668.204
18.08 669.35
18.09 669.663
18.1 670.02
18.11 670.425
18.12 670.987
18.13 672.034
18.14 673.088
18.15 673.33
18.16 673.936
18.17 674.675
18.18 675.021
18.19 676.119
18.2 676.107
18.21 677.104
18.22 677.692
18.23 678.209
18.24 678.439
18.25 678.713
18.26 678.875
18.27 678.387
18.28 678.225
18.29 678.413
18.3 678.952
18.31 679.61
18.32 679.649
18.33 680.349
18.34 680.124
18.35 680.562
18.36 682.162
18.37 682.578
18.38 682.645
18.39 683.182
18.4 683.802
18.41 683.844
18.42 684.661
18.43 685.677
18.44 685.851
18.45 687.031
18.46 688.557
18.47 689.467
18.48 690.156
18.49 690.039
18.5 691.005
18.51 692.146
18.52 692.842
18.53 693.423
18.54 693.231
18.55 693.581
18.56 694.034
18.57 693.526
18.58 693.625
18.59 694.07
18.6 695.227
18.61 695.629
18.62 696.082
18.63 696.547
18.64 697.592
18.65 697.648
18.66 697.565
18.67 697.684
18.68 697.743
18.69 698.368
18.7 698.857
18.71 698.371
18.72 697.629
18.73 697.648
18.74 697.287
18.75 697.938
18.76 698.419
18.77 698.765
18.78 699.46
18.79 699.996
18.8 700.207
18.81 700.675
18.82 701.327
18.83 702.182
18.84 702.161
18.85 702.461
18.86 702.991
18.87 703.235
18.88 703.362
18.89 703.887
18.9 704.681
18.91 704.906
18.92 705.193
18.93 705.551
18.94 706.107
18.95 706.665
18.96 707.491
18.97 709.128
18.98 709.944
18.99 710.195
19 710.664
19.01 711.504
19.02 712.082
19.03 712.543
19.04 713.339
19.05 714.508
19.06 715.026
19.07 715.787
19.08 716.249
19.09 716.985
19.1 717.321
19.11 717.431
19.12 718.463
19.13 719.363
19.14 719.294
19.15 718.798
19.16 719.577
19.17 719.709
19.18 720.323
19.19 720.714
19.2 720.934
19.21 720.85
19.22 721.626
19.23 722.186
19.24 722.919
19.25 723.152
19.26 723.688
19.27 724.885
19.28 725.402
19.29 726.206
19.3 727.198
19.31 727.609
19.32 728.205
19.33 729.72
19.34 730.68
19.35 731.777
19.36 732.69
19.37 733.742
19.38 734.355
19.39 734.044
19.4 733.487
19.41 733.891
19.42 734.587
19.43 734.939
19.44 735.691
19.45 735.47
19.46 735.481
19.47 735.39
19.48 735.961
19.49 736.519
19.5 736.868
19.51 737.701
19.52 737.992
19.53 738.839
19.54 739.934
19.55 741.492
19.56 742.745
19.57 742.974
19.58 744.191
19.59 744.902
19.6 744.599
19.61 745.386
19.62 745.861
19.63 746.58
19.64 746.624
19.65 747.605
19.66 748.123
19.67 748.525
19.68 748.861
19.69 748.887
19.7 749.478
19.71 750.075
19.72 750.577
19.73 750.61
19.74 751.288
19.75 752.137
19.76 752.972
19.77 753.706
19.78 754.306
19.79 754.883
19.8 755.23
19.81 756.826
19.82 757.202
19.83 758.102
19.84 758.415
19.85 759.119
19.86 759.818
19.87 759.286
19.88 759.091
19.89 758.393
19.9 759.471
19.91 760.487
19.92 760.979
19.93 761.265
19.94 761.694
19.95 762.346
19.96 762.578
19.97 763.011
19.98 762.772
19.99 762.591
