0.0000 35.6482
3.3360 35.8294
6.6710 35.9379
10.0070 35.9636
13.3430 35.9492
16.6780 35.8228
20.0140 35.7699
23.3500 35.7699
26.6850 35.5660
30.0210 35.5660
33.3570 35.8099
36.6930 35.9057
40.0280 35.9567
43.3640 35.6330
46.7000 35.6288
50.0350 35.7729
53.3710 35.8399
56.7070 35.7105
60.0420 35.7164
63.3780 35.7414
66.7140 35.8013
70.0490 35.7514
73.3850 35.7514
76.7210 35.7514
80.0560 35.7015
83.3920 35.7454
86.7280 35.7225
90.0630 35.6065
93.3990 35.5816
96.7350 35.6362
100.0710 35.6362
103.4060 35.6362
106.7420 35.5326
110.0780 35.5158
113.4130 35.4992
116.7490 35.5231
120.0850 35.5231
123.4200 35.5725
126.7560 35.5656
130.0920 35.5656
133.4270 35.5656
136.7630 35.5656
140.0990 35.5656
143.4340 35.5524
146.7700 35.5524
150.1060 35.6022
153.4410 35.6022
156.7770 35.6022
160.1130 35.6022
163.4490 35.6022
166.7840 35.6022
170.1200 35.5630
173.4560 35.5630
176.7910 35.5706
180.1270 35.6660
183.4630 35.7218
186.7980 35.7218
190.1340 35.7726
193.4700 35.6549
196.8050 35.7972
200.1410 35.6993
203.4770 35.8541
206.8120 35.8521
210.1480 35.9039
213.4840 35.9505
216.8190 35.9328
220.1550 35.9328
223.4910 35.9461
226.8270 35.9802
230.1620 35.7813
233.4980 35.7581
236.8340 35.6377
240.1690 35.6445
243.5050 35.5219
246.8410 35.4823
250.1760 35.4665
253.5120 35.5223
256.8480 35.4615
260.1830 35.5249
263.5190 35.4123
266.8550 35.4123
270.1900 35.3764
273.5260 35.3327
276.8620 35.1910
280.1970 35.0522
283.5330 35.0522
286.8690 35.0388
290.2050 35.0388
293.5400 35.0388
296.8760 35.0388
300.2120 35.0388
303.5470 35.0303
306.8830 35.0631
310.2190 35.0412
313.5540 34.9920
316.8900 35.0061
320.2260 35.0404
323.5610 34.9152
326.8970 35.0050
330.2330 35.0050
333.5680 34.9376
336.9040 35.0084
340.2400 34.9343
343.5750 34.9372
346.9110 35.1091
350.2470 34.9390
353.5830 34.7847
356.9180 34.8066
360.2540 34.8482
363.5900 35.0809
366.9250 35.0815
370.2610 35.0243
373.5970 34.8041
376.9320 34.9082
380.2680 34.9750
383.6040 34.9188
386.9390 34.9188
390.2750 34.7092
393.6110 34.6813
396.9460 34.5571
400.2820 34.5575
403.6180 34.4176
406.9530 34.3510
410.2890 34.3171
413.6250 34.3171
416.9610 34.3171
420.2960 34.1436
423.6320 34.1032
426.9680 33.9521
430.3030 33.8678
433.6390 33.7923
436.9750 33.5734
440.3100 33.5734
443.6460 33.4713
446.9820 33.1888
450.3170 32.9928
453.6530 32.9800
456.9890 32.9800
460.3240 32.9678
463.6600 32.7760
466.9960 32.7760
470.3310 32.5295
473.6670 32.5295
477.0030 32.5295
480.3390 32.4091
483.6740 32.0856
487.0100 32.0172
490.3460 31.6106
493.6810 31.2362
497.0170 31.0156
500.3530 31.0156
503.6880 30.8178
507.0240 30.7140
510.3600 30.7140
513.6950 30.9327
517.0310 30.9327
520.3670 30.9327
523.7020 30.9327
527.0380 30.9098
530.3740 30.8650
533.7090 30.8650
537.0450 30.5822
540.3810 30.5822
543.7170 30.7931
547.0520 30.7931
550.3880 30.6751
553.7240 30.6751
557.0590 30.6051
560.3950 30.5021
563.7310 30.5699
567.0660 30.5699
570.4020 30.5699
573.7380 30.5454
577.0730 30.9050
580.4090 30.9050
583.7450 30.9050
587.0800 30.7684
590.4160 30.7226
593.7520 30.6997
597.0870 30.6997
600.4230 30.6997
603.7590 30.6997
607.0950 30.7438
610.4300 30.6587
613.7660 30.6587
617.1020 30.7632
620.4370 30.7182
623.7730 30.7182
627.1090 30.7182
630.4440 30.7182
633.7800 30.7182
637.1160 30.7182
640.4510 30.8591
643.7870 30.8591
647.1230 31.0784
650.4580 31.1136
653.7940 31.2188
657.1300 31.4906
660.4650 31.5259
663.8010 31.8971
667.1370 32.5446
670.4730 32.7673
673.8080 32.9248
677.1440 32.9248
680.4800 32.9731
683.8150 32.9731
687.1510 32.9731
690.4870 32.8025
693.8220 32.9186
697.1580 32.7422
700.4940 32.6911
703.8290 32.4394
707.1650 32.4840
710.5010 32.4966
713.8360 32.4966
717.1720 32.2859
720.5080 32.3314
723.8430 32.3087
727.1790 32.3087
730.5150 32.3087
733.8510 32.1460
737.1860 31.8649
740.5220 31.2362
743.8580 31.1624
747.1930 30.8627
750.5290 30.8627
753.8650 30.8855
757.2000 30.8855
760.5360 30.8855
763.8720 30.8855
767.2070 30.8133
770.5430 30.8714
773.8790 30.8714
777.2140 30.8714
780.5500 30.9542
783.8860 31.0796
787.2210 31.0118
790.5570 30.9432
793.8930 30.8526
797.2290 30.8526
800.5640 30.7950
803.9000 30.7950
807.2360 30.9313
810.5710 30.8855
813.9070 30.7597
817.2430 30.8054
820.5780 30.8407
823.9140 30.9098
827.2500 30.9098
830.5850 30.9098
833.9210 30.9098
837.2570 30.8526
840.5920 30.8526
843.9280 30.8974
847.2640 30.8746
850.5990 30.7841
853.9350 30.7841
857.2710 30.7841
860.6070 30.7841
863.9420 30.7841
867.2780 30.7384
870.6140 30.6588
873.9490 30.7721
877.2850 30.7721
880.6210 30.7721
883.9560 30.7264
887.2920 30.7264
890.6280 30.7036
893.9630 30.7036
897.2990 30.6683
900.6350 30.5779
903.9700 30.6236
907.3060 30.6236
910.6420 30.6236
913.9770 30.6588
917.3130 30.6588
920.6490 30.6808
923.9850 30.7036
927.3200 30.7036
930.6560 30.8069
933.9920 30.8069
937.3270 30.7052
940.6630 30.7052
943.9990 30.7052
947.3340 30.7530
950.6700 30.7758
954.0060 30.7758
957.3410 30.7758
960.6770 30.7083
964.0130 30.6627
967.3480 30.6627
970.6840 30.6855
974.0200 30.6855
977.3550 30.6855
980.6910 30.6855
984.0270 30.6855
987.3630 30.6855
990.6980 30.8920
994.0340 31.0177
997.3700 30.9273
1000.7050 30.9045
1004.0410 30.8134
1007.3770 30.7678
1010.7120 30.7459
1014.0480 30.7459
1017.3840 30.7459
1020.7190 30.7459
1024.0550 30.7459
1027.3910 30.7459
1030.7260 30.7459
1034.0620 30.7459
1037.3980 30.7906
1040.7330 30.7906
1044.0690 30.6777
1047.4050 30.6777
1050.7410 30.5868
1054.0760 30.7232
1057.4120 30.8134
1060.7480 30.8134
1064.0830 30.8134
1067.4190 30.8134
1070.7550 30.7232
1074.0900 30.7232
1077.4260 30.7232
1080.7620 30.7232
1084.0970 30.7232
1087.4330 30.7232
1090.7690 30.6686
1094.1040 30.6686
1097.4400 30.6686
1100.7760 30.7942
1104.1110 30.7794
1107.4470 30.6715
1110.7830 30.6715
1114.1190 30.6715
1117.4540 30.6715
1120.7900 30.6715
1124.1260 30.6715
1127.4610 30.6715
1130.7970 30.7126
1134.1330 30.6820
1137.4680 30.7318
1140.8040 30.7400
1144.1400 30.7653
1147.4750 30.8256
1150.8110 30.8256
1154.1470 30.8256
1157.4820 30.8256
1160.8180 30.8256
1164.1540 30.8256
1167.4890 30.8405
1170.8250 30.8405
1174.1610 30.8107
1177.4970 30.6902
1180.8320 30.6902
1184.1680 30.6902
1187.5040 30.6902
1190.8390 30.7356
1194.1750 30.7356
1197.5110 30.7356
1200.8460 30.7356
1204.1820 30.7356
1207.5180 30.7356
1210.8530 30.7356
1214.1890 30.7356
1217.5250 30.7356
1220.8600 30.7356
1224.1960 30.7356
1227.5320 30.7356
1230.8670 30.7356
1234.2030 30.7356
1237.5390 30.7356
1240.8750 30.7356
1244.2100 30.7356
1247.5460 30.7356
1250.8820 30.7356
1254.2170 30.7356
1257.5530 30.7356
1260.8890 30.7356
1264.2240 30.7356
1267.5600 30.7356
1270.8960 30.7356
1274.2310 30.6754
1277.5670 30.6754
1280.9030 30.6754
1284.2380 30.6754
1287.5740 30.6754
1290.9100 30.6754
1294.2450 30.6754
1297.5810 30.6754
1300.9170 30.6754
1304.2530 30.6754
1307.5880 30.6754
1310.9240 30.7841
1314.2600 30.7841
1317.5950 30.7841
1320.9310 30.7841
1324.2670 30.7841
1327.6020 30.7824
1330.9380 30.8322
