0.0000 111.7987
3.3360 112.1729
6.6710 112.3743
10.0070 112.4604
13.3430 112.4604
16.6780 112.4509
20.0140 112.4509
23.3500 112.4509
26.6850 112.4509
30.0210 112.4509
33.3570 112.4509
36.6930 112.3446
40.0280 111.8335
43.3640 111.8335
46.7000 111.9189
50.0350 112.1871
53.3710 112.4511
56.7070 112.6922
60.0420 112.6922
63.3780 112.6438
66.7140 112.6438
70.0490 112.6438
73.3850 112.6438
76.7210 112.6628
80.0560 112.6291
83.3920 112.7112
86.7280 112.7877
90.0630 112.6101
93.3990 112.7017
96.7350 112.7017
100.0710 112.7017
103.4060 112.7449
106.7420 112.7449
110.0780 112.8119
113.4130 112.9320
116.7490 113.2544
120.0850 113.3849
123.4200 113.5577
126.7560 113.4133
130.0920 113.6384
133.4270 114.0994
136.7630 114.5890
140.0990 115.5191
143.4340 115.6157
146.7700 115.4336
150.1060 115.4336
153.4410 115.3707
156.7770 115.3707
160.1130 115.1883
163.4490 115.0629
166.7840 115.4525
170.1200 115.5578
173.4560 115.5479
176.7910 115.5820
180.1270 115.5916
183.4630 115.8025
186.7980 115.8025
190.1340 115.6058
193.4700 115.2413
196.8050 115.0155
200.1410 114.1460
203.4770 113.5805
206.8120 113.4846
210.1480 113.4846
213.4840 113.3636
216.8190 113.2773
220.1550 113.0796
223.4910 112.9734
226.8270 112.9251
230.1620 112.9251
233.4980 112.9251
236.8340 112.9251
240.1690 113.3636
243.5050 113.3636
246.8410 113.4204
250.1760 113.5891
253.5120 113.6133
256.8480 113.6133
260.1830 113.6365
263.5190 113.6365
266.8550 113.6365
270.1900 113.6365
273.5260 113.6365
276.8620 113.6079
280.1970 113.8038
283.5330 114.1024
286.8690 114.1024
290.2050 114.3183
293.5400 114.4864
296.8760 114.4864
300.2120 114.7126
303.5470 113.9816
306.8830 114.0782
310.2190 113.6359
313.5540 113.5446
316.8900 113.5407
320.2260 113.5407
323.5610 113.5649
326.8970 113.5649
330.2330 113.5077
333.5680 113.5560
336.9040 113.7384
340.2400 113.9052
343.5750 113.9535
346.9110 113.8094
350.2470 113.7853
353.5830 113.7757
356.9180 113.6744
360.2540 113.3291
363.5900 113.4733
366.9250 113.6174
370.2610 113.8100
373.5970 113.9552
376.9320 113.6225
380.2680 113.8532
383.6040 113.7953
386.9390 113.7953
390.2750 113.6703
393.6110 113.6703
396.9460 113.6703
400.2820 113.6703
403.6180 113.7032
406.9530 113.7032
410.2890 113.7515
413.6250 113.7903
416.9610 113.7903
420.2960 113.7903
423.6320 113.6220
426.9680 113.6220
430.3030 113.7177
433.6390 113.6607
436.9750 113.6607
440.3100 113.7333
443.6460 113.8058
446.9820 113.8533
450.3170 113.8533
453.6530 113.8533
456.9890 113.8533
460.3240 113.9016
463.6600 113.9016
466.9960 113.9016
470.3310 113.9016
473.6670 113.7816
477.0030 113.7816
480.3390 113.7816
483.6740 113.9500
487.0100 113.9500
490.3460 113.8291
493.6810 113.8291
497.0170 113.8291
500.3530 113.6553
503.6880 113.7469
507.0240 113.7469
510.3600 113.7469
513.6950 113.9354
517.0310 113.9112
520.3670 113.9112
523.7020 113.9112
527.0380 113.6174
530.3740 113.7132
533.7090 113.7374
537.0450 113.8099
540.3810 113.6648
543.7170 113.8341
547.0520 113.7616
550.3880 113.7616
553.7240 113.7616
557.0590 113.7616
560.3950 113.7616
563.7310 113.7374
567.0660 113.7515
570.4020 113.7515
573.7380 113.7515
577.0730 113.7515
580.4090 113.7515
583.7450 113.7515
587.0800 113.7515
590.4160 113.7515
593.7520 113.7515
597.0870 113.7515
600.4230 113.7515
603.7590 113.7515
607.0950 113.7515
610.4300 113.7273
613.7660 113.7273
617.1020 113.7273
620.4370 113.7998
623.7730 113.8724
627.1090 113.8724
630.4440 113.8724
633.7800 113.7707
637.1160 113.8432
640.4510 113.8432
643.7870 113.8432
647.1230 113.8432
650.4580 113.8432
653.7940 113.8432
657.1300 113.8144
660.4650 113.7177
663.8010 113.7998
667.1370 113.7998
670.4730 113.7998
673.8080 113.7515
677.1440 113.7515
680.4800 113.8240
683.8150 113.8240
687.1510 113.8240
690.4870 113.8240
693.8220 113.8724
697.1580 113.8724
700.4940 113.8482
703.8290 113.8482
707.1650 113.8482
710.5010 113.8482
713.8360 113.8482
717.1720 113.8482
720.5080 113.8482
723.8430 113.8482
727.1790 113.8482
730.5150 113.8482
733.8510 113.8482
737.1860 113.9102
740.5220 113.8628
743.8580 113.8628
747.1930 113.8628
750.5290 113.8628
753.8650 113.8628
757.2000 113.8478
760.5360 113.8195
763.8720 113.8195
767.2070 113.6648
770.5430 113.6648
773.8790 113.6648
777.2140 113.6648
780.5500 113.6648
783.8860 113.6648
787.2210 113.6648
790.5570 113.6648
793.8930 113.6648
797.2290 113.6648
800.5640 113.6648
803.9000 113.6648
807.2360 113.6648
810.5710 113.6648
813.9070 113.6416
817.2430 113.6416
820.5780 113.6416
823.9140 113.6648
827.2500 113.6648
830.5850 113.6890
833.9210 113.7616
837.2570 113.6648
840.5920 113.6648
843.9280 113.6944
847.2640 113.6944
850.5990 113.6944
853.9350 113.7670
857.2710 113.7670
860.6070 113.7616
863.9420 113.8195
867.2780 113.8099
870.6140 113.7816
873.9490 113.7816
877.2850 113.7816
880.6210 113.7816
883.9560 113.7816
887.2920 113.7574
890.6280 113.7574
893.9630 113.7091
897.2990 113.7721
900.6350 113.7288
903.9700 113.7288
907.3060 113.7288
910.6420 113.8005
913.9770 113.8005
917.3130 113.8005
920.6490 113.8489
923.9850 113.7530
927.3200 113.7721
930.6560 113.7721
933.9920 113.7721
937.3270 113.7530
940.6630 113.7530
943.9990 113.7046
947.3340 113.6805
950.6700 113.6805
954.0060 113.6805
957.3410 113.6130
960.6770 113.6130
964.0130 113.6130
967.3480 113.6372
970.6840 113.6372
974.0200 113.6372
977.3550 113.6372
980.6910 113.6130
984.0270 113.6225
987.3630 113.6130
990.6980 113.6709
994.0340 113.6709
997.3700 113.6709
1000.7050 113.7530
1004.0410 113.8005
1007.3770 113.9742
1010.7120 113.9889
1014.0480 113.7533
1017.3840 113.5511
1020.7190 113.5511
1024.0550 113.4311
1027.3910 113.4795
1030.7260 113.4795
1034.0620 113.7438
1037.3980 113.7205
1040.7330 113.7205
1044.0690 113.9365
1047.4050 113.7680
1050.7410 113.5995
1054.0760 113.8152
1057.4120 113.8152
1060.7480 113.8056
1064.0830 113.8782
1067.4190 113.8782
1070.7550 113.8540
1074.0900 113.8540
1077.4260 113.8540
1080.7620 113.8540
1084.0970 113.8540
1087.4330 113.8782
1090.7690 113.9741
1094.1040 114.1383
1097.4400 114.1383
1100.7760 114.1383
1104.1110 114.1383
1107.4470 114.0966
1110.7830 114.7303
1114.1190 114.4228
1117.4540 115.2910
1120.7900 115.4500
1124.1260 116.1025
1127.4610 116.5100
1130.7970 116.8478
1134.1330 116.1406
1137.4680 115.9392
1140.8040 116.1931
1144.1400 116.3710
1147.4750 115.7521
1150.8110 115.2397
1154.1470 115.1091
1157.4820 115.2302
1160.8180 115.3058
1164.1540 115.3489
1167.4890 115.6553
1170.8250 115.2574
1174.1610 114.8705
1177.4970 114.6630
1180.8320 114.2508
1184.1680 113.7410
1187.5040 113.7043
1190.8390 113.4413
1194.1750 113.2668
1197.5110 113.1606
1200.8460 113.2226
1204.1820 113.1361
1207.5180 113.0043
1210.8530 112.5753
1214.1890 112.3329
1217.5250 112.3329
1220.8600 112.3109
1224.1960 112.1710
1227.5320 112.2116
1230.8670 112.0037
1234.2030 111.8774
1237.5390 112.1229
1240.8750 112.3660
1244.2100 112.2635
1247.5460 112.1378
1250.8820 112.0063
1254.2170 111.9644
1257.5530 111.9889
1260.8890 111.8025
1264.2240 111.7081
1267.5600 111.6741
1270.8960 111.6741
1274.2310 111.8716
1277.5670 111.9734
1280.9030 112.0418
1284.2380 112.1366
1287.5740 112.1452
1290.9100 112.4839
1294.2450 112.1943
1297.5810 112.1943
1300.9170 112.1034
1304.2530 112.0790
1307.5880 112.1813
1310.9240 112.6651
1314.2600 112.8446
1317.5950 113.1020
1320.9310 113.5970
1324.2670 113.6859
1327.6020 113.4086
1330.9380 113.4329
