0.0000 63.0511
3.3360 63.0021
6.6710 62.8940
10.0070 62.8413
13.3430 62.8413
16.6780 63.0235
20.0140 63.0319
23.3500 63.0336
26.6850 62.8510
30.0210 62.8718
33.3570 62.8549
36.6930 62.7315
40.0280 62.7315
43.3640 62.7365
46.7000 62.5505
50.0350 62.2205
53.3710 61.9677
56.7070 61.5206
60.0420 61.0869
63.3780 61.0642
66.7140 60.7728
70.0490 60.7425
73.3850 60.7425
76.7210 60.7034
80.0560 60.4862
83.3920 60.1756
86.7280 59.9659
90.0630 59.7730
93.3990 59.5142
96.7350 59.4656
100.0710 59.2607
103.4060 59.2025
106.7420 59.1121
110.0780 58.7711
113.4130 58.7693
116.7490 58.5089
120.0850 58.3700
123.4200 58.3700
126.7560 58.3700
130.0920 58.2065
133.4270 58.0015
136.7630 57.1898
140.0990 56.6376
143.4340 56.7862
146.7700 57.2647
150.1060 57.6574
153.4410 57.7405
156.7770 57.8357
160.1130 57.9017
163.4490 57.9017
166.7840 57.8836
170.1200 57.9797
173.4560 57.9797
176.7910 57.9797
180.1270 57.8046
183.4630 57.8149
186.7980 57.8256
190.1340 57.9107
193.4700 57.8330
196.8050 57.9978
200.1410 57.9547
203.4770 57.6647
206.8120 57.7129
210.1480 57.5666
213.4840 57.5944
216.8190 57.5015
220.1550 57.4372
223.4910 57.3577
226.8270 57.4893
230.1620 57.4575
233.4980 57.1827
236.8340 57.1218
240.1690 56.9110
243.5050 56.9110
246.8410 56.9425
250.1760 56.9687
253.5120 57.0066
256.8480 57.0391
260.1830 56.9429
263.5190 56.9035
266.8550 57.1751
270.1900 57.1751
273.5260 57.1751
276.8620 57.2068
280.1970 57.2313
283.5330 57.2313
286.8690 57.2411
290.2050 57.2452
293.5400 57.0708
296.8760 56.8804
300.2120 56.8820
303.5470 56.8592
306.8830 56.8701
310.2190 56.9119
313.5540 57.0134
316.8900 57.1259
320.2260 57.1468
323.5610 57.0567
326.8970 57.1625
330.2330 57.0697
333.5680 57.0697
336.9040 56.9541
340.2400 56.9975
343.5750 57.0264
346.9110 57.1863
350.2470 57.4535
353.5830 57.7143
356.9180 57.8650
360.2540 58.0791
363.5900 58.5107
366.9250 58.6962
370.2610 59.0514
373.5970 59.5346
376.9320 59.5346
380.2680 59.5982
383.6040 59.5982
386.9390 59.7388
390.2750 59.7708
393.6110 59.7206
396.9460 60.1222
400.2820 60.3860
403.6180 60.5904
406.9530 60.8370
410.2890 61.5160
413.6250 61.6519
416.9610 61.8705
420.2960 62.0074
423.6320 62.0982
426.9680 62.1976
430.3030 62.4105
433.6390 62.6407
436.9750 62.6885
440.3100 62.6545
443.6460 62.6256
446.9820 62.8087
450.3170 62.9561
453.6530 62.9613
456.9890 62.8037
460.3240 62.7905
463.6600 63.0069
466.9960 62.7221
470.3310 62.5069
473.6670 62.3932
477.0030 62.2752
480.3390 62.2304
483.6740 62.2931
487.0100 62.3244
490.3460 62.7815
493.6810 62.7173
497.0170 62.7371
500.3530 62.6497
503.6880 62.6739
507.0240 62.5839
510.3600 62.5971
513.6950 62.5971
517.0310 62.7061
520.3670 62.7262
523.7020 62.3864
527.0380 62.7751
530.3740 62.4960
533.7090 62.2888
537.0450 62.5802
540.3810 62.3232
543.7170 62.1574
547.0520 61.8540
550.3880 61.5620
553.7240 61.4566
557.0590 61.0110
560.3950 60.8518
563.7310 60.7663
567.0660 60.6629
570.4020 60.4534
573.7380 60.6895
577.0730 60.8090
580.4090 60.6895
583.7450 60.5552
587.0800 60.4153
590.4160 60.1307
593.7520 60.1564
597.0870 59.9737
600.4230 59.9622
603.7590 59.9622
607.0950 59.9098
610.4300 59.9098
613.7660 59.9098
617.1020 59.8877
620.4370 59.8985
623.7730 59.8985
627.1090 59.9212
630.4440 59.8953
633.7800 59.9174
637.1160 59.9432
640.4510 60.0329
643.7870 60.0557
647.1230 59.9584
650.4580 59.9926
653.7940 60.0299
657.1300 59.9997
660.4650 59.9547
663.8010 59.9805
667.1370 59.9805
670.4730 59.8136
673.8080 59.7190
677.1440 59.7871
680.4800 59.8302
683.8150 60.0837
687.1510 59.9759
690.4870 60.0318
693.8220 60.0070
697.1580 60.0025
700.4940 59.9658
703.8290 59.8090
707.1650 59.8051
710.5010 59.8089
713.8360 59.7598
717.1720 59.7929
720.5080 59.7249
723.8430 59.8145
727.1790 59.8145
730.5150 59.9392
733.8510 59.8925
737.1860 59.8448
740.5220 59.8448
743.8580 59.8448
747.1930 59.9365
750.5290 59.9104
753.8650 59.7422
757.2000 59.8381
760.5360 59.8373
763.8720 59.8373
767.2070 59.7665
770.5430 59.7665
773.8790 59.7665
777.2140 59.8662
780.5500 59.6626
783.8860 59.5900
787.2210 59.6031
790.5570 59.6879
793.8930 59.8280
797.2290 60.0037
800.5640 59.9980
803.9000 59.9754
807.2360 60.2448
810.5710 60.4438
813.9070 60.7398
817.2430 61.0987
820.5780 61.5799
823.9140 62.4368
827.2500 62.7626
830.5850 63.0962
833.9210 63.3204
837.2570 63.7190
840.5920 63.7190
843.9280 63.8288
847.2640 63.6705
850.5990 63.6705
853.9350 63.7587
857.2710 63.4899
860.6070 63.2985
863.9420 63.4215
867.2780 63.2282
870.6140 63.2224
873.9490 63.2436
877.2850 63.2436
880.6210 63.2076
883.9560 63.2076
887.2920 63.4142
890.6280 63.5937
893.9630 63.6984
897.2990 63.8632
900.6350 63.8632
903.9700 63.6904
907.3060 63.6904
910.6420 63.6904
913.9770 63.7104
917.3130 63.7104
920.6490 63.7104
923.9850 63.7104
927.3200 63.2969
930.6560 63.3248
933.9920 63.4069
937.3270 63.4069
940.6630 63.4549
943.9990 63.7994
947.3340 64.4105
950.6700 64.6417
954.0060 65.1340
957.3410 65.2929
960.6770 65.7391
964.0130 66.2808
967.3480 66.6533
970.6840 66.7788
974.0200 67.1842
977.3550 67.4739
980.6910 67.7851
984.0270 68.0974
987.3630 68.4182
990.6980 68.6913
994.0340 68.8249
997.3700 68.9842
1000.7050 69.0435
1004.0410 69.0727
1007.3770 69.3084
1010.7120 69.3463
1014.0480 69.4063
1017.3840 69.5525
1020.7190 69.5377
1024.0550 69.6665
1027.3910 69.8242
1030.7260 70.0118
1034.0620 70.4182
1037.3980 70.5993
1040.7330 70.7204
1044.0690 70.7934
1047.4050 71.2394
1050.7410 71.3632
1054.0760 71.5334
1057.4120 71.5499
1060.7480 71.8780
1064.0830 71.8833
1067.4190 72.2332
1070.7550 72.3228
1074.0900 72.4124
1077.4260 72.4124
1080.7620 72.3713
1084.0970 72.4342
1087.4330 72.4653
1090.7690 72.5913
1094.1040 72.6052
1097.4400 72.6052
1100.7760 72.6052
1104.1110 72.5901
1107.4470 72.6347
1110.7830 72.8168
1114.1190 72.7776
1117.4540 72.8728
1120.7900 73.1411
1124.1260 73.1411
1127.4610 73.1149
1130.7970 73.1149
1134.1330 73.1149
1137.4680 73.1473
1140.8040 73.1788
1144.1400 73.2411
1147.4750 73.2925
1150.8110 73.2549
1154.1470 73.3223
1157.4820 73.3472
1160.8180 73.2016
1164.1540 73.1404
1167.4890 73.0005
1170.8250 72.9031
1174.1610 72.8681
1177.4970 72.5959
1180.8320 72.7517
1184.1680 72.6059
1187.5040 72.4620
1190.8390 72.3731
1194.1750 72.3731
1197.5110 72.3825
1200.8460 72.3710
1204.1820 72.3599
1207.5180 71.8753
1210.8530 71.6245
1214.1890 71.6245
1217.5250 71.1379
1220.8600 70.6964
1224.1960 70.6551
1227.5320 70.6141
1230.8670 70.5277
1234.2030 70.4668
1237.5390 70.2008
1240.8750 70.1214
1244.2100 70.1311
1247.5460 69.9716
1250.8820 69.7715
1254.2170 69.6008
1257.5530 69.3781
1260.8890 69.3453
1264.2240 69.1601
1267.5600 69.0937
1270.8960 68.9202
1274.2310 68.9867
1277.5670 68.9867
1280.9030 68.8558
1284.2380 68.0853
1287.5740 68.1318
1290.9100 67.8288
1294.2450 67.3319
1297.5810 67.1062
1300.9170 66.7965
1304.2530 66.7965
1307.5880 66.7223
1310.9240 66.6977
1314.2600 66.4295
1317.5950 66.4626
1320.9310 66.8799
1324.2670 66.8129
1327.6020 66.8129
1330.9380 66.5799
