0.0000 170.0060
3.3360 169.9031
6.6710 169.8622
10.0070 169.8622
13.3430 169.8622
16.6780 169.8942
20.0140 169.8942
23.3500 169.7892
26.6850 169.7892
30.0210 169.7892
33.3570 169.7892
36.6930 169.7892
40.0280 169.7892
43.3640 169.7892
46.7000 169.7892
50.0350 169.7892
53.3710 169.7892
56.7070 169.7892
60.0420 170.0122
63.3780 170.5620
66.7140 170.4890
70.0490 170.4890
73.3850 170.0217
76.7210 170.2773
80.0560 170.2680
83.3920 170.3645
86.7280 170.3645
90.0630 170.3645
93.3990 170.4628
96.7350 169.6261
100.0710 169.6261
103.4060 169.8676
106.7420 169.4896
110.0780 168.3706
113.4130 168.2019
116.7490 167.7981
120.0850 167.1794
123.4200 165.8041
126.7560 165.6949
130.0920 165.6949
133.4270 165.0415
136.7630 163.9035
140.0990 162.7580
143.4340 161.8720
146.7700 161.5936
150.1060 161.3323
153.4410 161.1764
156.7770 160.8350
160.1130 160.8350
163.4490 159.8521
166.7840 159.5418
170.1200 159.5418
173.4560 158.9109
176.7910 158.6542
180.1270 158.3355
183.4630 157.7121
186.7980 157.7121
190.1340 157.9258
193.4700 158.2039
196.8050 158.1123
200.1410 158.1123
203.4770 157.8925
206.8120 157.6149
210.1480 157.6149
213.4840 157.7818
216.8190 157.4891
220.1550 157.4891
223.4910 157.7204
226.8270 157.5841
230.1620 158.2936
233.4980 158.4584
236.8340 158.6867
240.1690 159.4168
243.5050 159.7177
246.8410 160.4532
250.1760 161.7801
253.5120 162.1132
256.8480 162.1132
260.1830 161.9147
263.5190 161.9485
266.8550 162.0920
270.1900 162.4211
273.5260 162.2346
276.8620 161.9953
280.1970 162.0974
283.5330 162.2114
286.8690 162.1081
290.2050 161.5284
293.5400 161.1768
296.8760 160.1626
300.2120 158.7373
303.5470 158.2924
306.8830 158.0062
310.2190 156.6460
313.5540 156.4785
316.8900 156.4785
320.2260 155.1389
323.5610 155.6100
326.8970 155.7371
330.2330 156.3911
333.5680 156.5357
336.9040 156.5357
340.2400 155.5509
343.5750 154.9890
346.9110 154.7369
350.2470 154.7245
353.5830 153.9484
356.9180 153.3583
360.2540 152.2982
363.5900 151.6436
366.9250 152.1029
370.2610 150.8837
373.5970 150.2774
376.9320 150.2774
380.2680 149.8167
383.6040 149.4445
386.9390 148.7091
390.2750 148.3458
393.6110 147.7573
396.9460 147.3558
400.2820 147.3558
403.6180 147.3558
406.9530 146.9694
410.2890 146.9694
413.6250 147.1294
416.9610 147.5798
420.2960 147.5798
423.6320 147.1235
426.9680 146.9606
430.3030 147.2166
433.6390 147.5246
436.9750 147.5246
440.3100 147.5246
443.6460 147.7251
446.9820 147.7251
450.3170 147.5074
453.6530 147.6120
456.9890 147.4343
460.3240 147.4343
463.6600 147.4343
466.9960 147.4343
470.3310 147.4343
473.6670 147.6699
477.0030 147.6699
480.3390 147.2983
483.6740 147.2983
487.0100 147.2983
490.3460 147.2983
493.6810 147.2983
497.0170 147.2983
500.3530 147.5568
503.6880 147.2575
507.0240 147.2575
510.3600 146.9754
513.6950 146.0922
517.0310 145.2980
520.3670 144.5999
523.7020 144.4106
527.0380 143.9530
530.3740 143.6697
533.7090 143.2325
537.0450 143.0659
540.3810 142.4745
543.7170 141.9260
547.0520 141.6047
550.3880 141.4807
553.7240 141.4191
557.0590 141.1599
560.3950 140.9342
563.7310 140.7493
567.0660 140.6780
570.4020 140.6780
573.7380 140.6780
577.0730 140.9160
580.4090 140.9160
583.7450 140.8241
587.0800 140.6709
590.4160 140.1914
593.7520 140.6059
597.0870 139.8902
600.4230 139.4457
603.7590 139.5404
607.0950 139.3539
610.4300 138.1255
613.7660 138.1255
617.1020 138.1255
620.4370 138.2097
623.7730 138.2097
627.1090 138.2097
630.4440 138.2097
633.7800 137.8134
637.1160 137.4892
640.4510 137.6154
643.7870 136.8907
647.1230 136.8378
650.4580 136.8378
653.7940 136.5560
657.1300 136.2957
660.4650 136.3163
663.8010 136.3163
667.1370 136.6589
670.4730 136.6589
673.8080 136.4928
677.1440 137.0553
680.4800 137.0553
683.8150 138.2280
687.1510 138.2280
690.4870 137.5961
693.8220 136.7855
697.1580 136.1587
700.4940 135.5664
703.8290 134.3537
707.1650 133.8961
710.5010 133.6154
713.8360 133.5000
717.1720 134.5339
720.5080 134.4266
723.8430 134.7857
727.1790 134.9114
730.5150 134.9816
733.8510 134.9816
737.1860 134.3937
740.5220 134.3937
743.8580 134.9649
747.1930 134.5852
750.5290 134.5852
753.8650 134.6397
757.2000 134.6329
760.5360 134.5914
763.8720 134.4545
767.2070 134.0349
770.5430 133.8261
773.8790 133.2570
777.2140 133.1002
780.5500 133.2151
783.8860 133.4024
787.2210 133.3588
790.5570 133.2667
793.8930 133.0403
797.2290 133.2071
800.5640 132.8208
803.9000 132.0527
807.2360 131.2030
810.5710 130.7996
813.9070 130.3677
817.2430 129.8963
820.5780 129.0798
823.9140 128.9886
827.2500 128.6011
830.5850 128.0114
833.9210 128.0768
837.2570 127.8096
840.5920 127.5181
843.9280 127.5181
847.2640 127.5181
850.5990 127.5913
853.9350 127.4583
857.2710 127.4456
860.6070 126.6690
863.9420 126.7417
867.2780 126.0007
870.6140 125.5905
873.9490 125.6475
877.2850 125.0408
880.6210 124.6029
883.9560 124.5249
887.2920 123.5143
890.6280 122.7066
893.9630 121.8940
897.2990 121.4436
900.6350 120.7080
903.9700 120.3904
907.3060 120.3904
910.6420 120.2754
913.9770 119.3943
917.3130 119.2185
920.6490 119.4810
923.9850 119.2044
927.3200 118.9652
930.6560 119.2044
933.9920 118.9311
937.3270 118.7358
940.6630 118.2304
943.9990 118.2304
947.3340 118.5469
950.6700 118.0996
954.0060 117.9446
957.3410 117.6006
960.6770 117.0266
964.0130 116.3568
967.3480 115.9069
970.6840 115.6450
974.0200 115.1123
977.3550 114.0192
980.6910 113.1846
984.0270 112.8872
987.3630 111.9981
990.6980 111.1975
994.0340 110.2732
997.3700 110.2004
1000.7050 109.5773
1004.0410 108.3584
1007.3770 107.7689
1010.7120 107.6569
1014.0480 107.2891
1017.3840 106.7030
1020.7190 105.8934
1024.0550 105.3782
1027.3910 104.6802
1030.7260 103.9142
1034.0620 103.1857
1037.3980 102.8606
1040.7330 102.3098
1044.0690 101.5520
1047.4050 100.7532
1050.7410 99.8429
1054.0760 99.2520
1057.4120 98.6470
1060.7480 98.1060
1064.0830 97.6039
1067.4190 97.5789
1070.7550 97.1358
1074.0900 96.7723
1077.4260 96.4328
1080.7620 96.1555
1084.0970 95.7800
1087.4330 95.4371
1090.7690 95.3478
1094.1040 95.3185
1097.4400 95.0245
1100.7760 95.2211
1104.1110 94.7707
1107.4470 94.9771
1110.7830 95.0583
1114.1190 95.3616
1117.4540 95.3989
1120.7900 95.3561
1124.1260 95.2158
1127.4610 95.1239
1130.7970 95.1239
1134.1330 94.9857
1137.4680 94.7232
1140.8040 95.0617
1144.1400 94.9922
1147.4750 94.9922
1150.8110 94.9223
1154.1470 94.8340
1157.4820 94.6613
1160.8180 94.4790
1164.1540 94.3838
1167.4890 94.5284
1170.8250 94.4317
1174.1610 94.6069
1177.4970 94.7131
1180.8320 94.6057
1184.1680 94.7032
1187.5040 94.7224
1190.8390 94.3931
1194.1750 94.2404
1197.5110 94.3840
1200.8460 94.2072
1204.1820 94.2541
1207.5180 94.0855
1210.8530 94.0965
1214.1890 93.4882
1217.5250 93.4882
1220.8600 93.2356
1224.1960 93.4007
1227.5320 93.5299
1230.8670 93.6673
1234.2030 93.5692
1237.5390 93.3471
1240.8750 93.8278
1244.2100 94.3946
1247.5460 94.9120
1250.8820 95.1913
1254.2170 95.6714
1257.5530 95.7719
1260.8890 96.9171
1264.2240 96.9171
1267.5600 97.7744
1270.8960 98.1963
