0.000 -0.011
3.336 -0.011
6.671 -0.011
10.007 -0.012
13.343 -0.012
16.678 -0.012
20.014 -0.013
23.350 -0.013
26.685 -0.013
30.021 -0.014
33.357 -0.014
36.693 -0.014
40.028 -0.015
43.364 -0.015
46.700 -0.016
50.035 -0.016
53.371 -0.017
56.707 -0.022
60.042 -0.023
63.378 -0.023
66.714 -0.023
70.049 -0.024
73.385 -0.024
76.721 -0.024
80.056 -0.024
83.392 -0.024
86.728 -0.024
90.063 -0.024
93.399 -0.023
96.735 -0.022
100.071 -0.021
103.406 -0.019
106.742 -0.017
110.078 -0.015
113.413 -0.013
116.749 -0.011
120.085 -0.009
123.420 -0.007
126.756 -0.006
130.092 -0.005
133.427 -0.005
136.763 -0.004
140.099 -0.004
143.434 -0.003
146.770 -0.002
150.106 -0.002
153.441 -0.001
156.777 -0.001
160.113 -0.001
163.449 -0.000
166.784 -0.000
170.120 -0.000
173.456 0.000
176.791 0.000
180.127 0.001
183.463 0.001
186.798 0.001
190.134 0.001
193.470 0.001
196.805 0.001
200.141 0.001
203.477 0.002
206.812 0.002
210.148 0.002
213.484 0.003
216.819 0.003
220.155 0.003
223.491 0.004
226.827 0.004
230.162 0.004
233.498 0.004
236.834 0.004
240.169 0.004
243.505 0.003
246.841 0.003
250.176 0.003
253.512 0.002
256.848 0.001
260.183 0.001
263.519 0.000
266.855 -0.000
270.190 -0.001
273.526 -0.001
276.862 -0.001
280.197 -0.002
283.533 -0.002
286.869 -0.002
290.205 -0.003
293.540 -0.003
296.876 -0.003
300.212 -0.004
303.547 -0.004
306.883 -0.003
310.219 -0.003
313.554 -0.003
316.890 -0.002
320.226 -0.002
323.561 -0.001
326.897 -0.000
330.233 0.000
333.568 0.001
336.904 0.001
340.240 0.002
343.575 0.002
346.911 0.002
350.247 0.002
353.583 0.002
356.918 0.002
360.254 0.002
363.590 0.002
366.925 0.002
370.261 0.003
373.597 0.003
376.932 0.003
380.268 0.003
383.604 0.003
386.939 0.002
390.275 0.002
393.611 0.002
396.946 0.002
400.282 0.001
403.618 0.001
406.953 0.001
410.289 0.001
413.625 0.001
416.961 0.001
420.296 0.001
423.632 0.001
426.968 0.001
430.303 0.002
433.639 0.002
436.975 0.002
440.310 0.002
443.646 0.002
446.982 0.002
450.317 0.002
453.653 0.002
456.989 0.002
460.324 0.002
463.660 0.002
466.996 0.002
470.331 0.002
473.667 0.002
477.003 0.002
480.339 0.002
483.674 0.002
487.010 0.002
490.346 0.002
493.681 0.001
497.017 0.001
500.353 0.001
503.688 0.001
507.024 0.000
510.360 0.000
513.695 -0.000
517.031 -0.000
520.367 -0.001
523.702 -0.001
527.038 -0.001
530.374 -0.001
533.709 -0.001
537.045 -0.001
540.381 -0.001
543.717 -0.001
547.052 -0.001
550.388 -0.002
553.724 -0.002
557.059 -0.002
560.395 -0.002
563.731 -0.001
567.066 -0.000
570.402 0.001
573.738 0.002
577.073 0.004
580.409 0.005
583.745 0.005
587.080 0.005
590.416 0.005
593.752 0.005
597.087 0.005
600.423 0.005
603.759 0.005
607.095 0.005
610.430 0.005
613.766 0.005
617.102 0.006
620.437 0.007
623.773 0.007
627.109 0.008
630.444 0.009
633.780 0.009
637.116 0.010
640.451 0.010
643.787 0.010
647.123 0.009
650.458 0.009
653.794 0.010
657.130 0.010
660.465 0.011
663.801 0.011
667.137 0.010
670.473 0.007
673.808 0.002
677.144 -0.005
680.480 -0.012
683.815 -0.016
687.151 -0.018
690.487 -0.020
693.822 -0.021
697.158 -0.024
700.494 -0.027
703.829 -0.031
707.165 -0.035
710.501 -0.039
713.836 -0.042
717.172 -0.043
720.508 -0.044
723.843 -0.045
727.179 -0.046
730.515 -0.049
733.851 -0.052
737.186 -0.055
740.522 -0.057
743.858 -0.059
747.193 -0.060
750.529 -0.060
753.865 -0.059
757.200 -0.058
760.536 -0.058
763.872 -0.057
767.207 -0.056
770.543 -0.055
773.879 -0.054
777.214 -0.054
780.550 -0.054
783.886 -0.053
787.221 -0.052
790.557 -0.049
793.893 -0.046
797.229 -0.043
800.564 -0.040
803.900 -0.036
807.236 -0.033
810.571 -0.030
813.907 -0.026
817.243 -0.023
820.578 -0.020
823.914 -0.017
827.250 -0.014
830.585 -0.013
833.921 -0.012
837.257 -0.012
840.592 -0.012
843.928 -0.013
847.264 -0.013
850.599 -0.014
853.935 -0.014
857.271 -0.015
860.607 -0.016
863.942 -0.017
867.278 -0.019
870.614 -0.021
873.949 -0.024
877.285 -0.027
880.621 -0.030
883.956 -0.036
887.292 -0.048
890.628 -0.082
893.963 -0.136
897.299 -0.162
900.635 -0.141
903.970 -0.113
907.306 -0.099
910.642 -0.092
913.977 -0.090
917.313 -0.089
920.649 -0.091
923.985 -0.094
927.320 -0.099
930.656 -0.104
933.992 -0.113
937.327 -0.125
940.663 -0.131
943.999 -0.116
947.334 -0.088
950.670 -0.066
954.006 -0.057
957.341 -0.053
960.677 -0.051
964.013 -0.050
967.348 -0.049
970.684 -0.050
974.020 -0.050
977.355 -0.051
980.691 -0.051
984.027 -0.051
987.363 -0.050
990.698 -0.049
994.034 -0.047
997.370 -0.046
1000.705 -0.044
1004.041 -0.043
1007.377 -0.041
1010.712 -0.038
1014.048 -0.036
1017.384 -0.035
1020.719 -0.033
1024.055 -0.032
1027.391 -0.031
1030.726 -0.031
1034.062 -0.032
1037.398 -0.032
1040.733 -0.032
1044.069 -0.033
1047.405 -0.033
1050.741 -0.033
1054.076 -0.034
1057.412 -0.035
1060.748 -0.036
1064.083 -0.037
1067.419 -0.037
1070.755 -0.037
1074.090 -0.037
1077.426 -0.036
1080.762 -0.035
1084.097 -0.035
1087.433 -0.036
1090.769 -0.036
1094.104 -0.035
1097.440 -0.034
1100.776 -0.033
1104.111 -0.032
1107.447 -0.031
1110.783 -0.031
1114.119 -0.033
1117.454 -0.037
1120.790 -0.042
1124.126 -0.047
1127.461 -0.051
1130.797 -0.052
1134.133 -0.054
1137.468 -0.056
1140.804 -0.058
1144.140 -0.060
1147.475 -0.062
1150.811 -0.064
1154.147 -0.066
1157.482 -0.069
1160.818 -0.073
1164.154 -0.078
1167.489 -0.085
1170.825 -0.092
1174.161 -0.096
1177.497 -0.096
1180.832 -0.093
1184.168 -0.089
1187.504 -0.084
1190.839 -0.081
1194.175 -0.078
1197.511 -0.076
1200.846 -0.073
1204.182 -0.071
1207.518 -0.068
1210.853 -0.066
1214.189 -0.065
1217.525 -0.064
1220.860 -0.063
1224.196 -0.060
1227.532 -0.056
1230.867 -0.049
1234.203 -0.040
1237.539 -0.031
1240.875 -0.023
1244.210 -0.017
1247.546 -0.015
1250.882 -0.014
1254.217 -0.016
1257.553 -0.017
1260.889 -0.019
1264.224 -0.021
1267.560 -0.022
1270.896 -0.024
1274.231 -0.030
1277.567 -0.030
1280.903 -0.029
1284.238 -0.029
1287.574 -0.029
1290.910 -0.029
1294.245 -0.029
1297.581 -0.029
1300.917 -0.029
1304.253 -0.029
1307.588 -0.030
1310.924 -0.030
1314.260 -0.030
1317.595 -0.031
1320.931 -0.031
1324.267 -0.031
1327.602 -0.032
