0.000 -0.007
3.336 -0.007
6.671 -0.007
10.007 -0.007
13.343 -0.006
16.678 -0.006
20.014 -0.006
23.350 -0.005
26.685 -0.005
30.021 -0.005
33.357 -0.005
36.693 -0.004
40.028 -0.004
43.364 -0.004
46.700 -0.003
50.035 -0.003
53.371 -0.002
56.707 0.004
60.042 0.006
63.378 0.007
66.714 0.008
70.049 0.009
73.385 0.011
76.721 0.012
80.056 0.013
83.392 0.014
86.728 0.015
90.063 0.016
93.399 0.017
96.735 0.017
100.071 0.017
103.406 0.018
106.742 0.017
110.078 0.017
113.413 0.017
116.749 0.017
120.085 0.017
123.420 0.017
126.756 0.018
130.092 0.019
133.427 0.020
136.763 0.021
140.099 0.022
143.434 0.022
146.770 0.022
150.106 0.022
153.441 0.021
156.777 0.021
160.113 0.020
163.449 0.019
166.784 0.018
170.120 0.018
173.456 0.018
176.791 0.018
180.127 0.017
183.463 0.017
186.798 0.016
190.134 0.015
193.470 0.014
196.805 0.012
200.141 0.009
203.477 0.006
206.812 0.004
210.148 0.001
213.484 -0.001
216.819 -0.002
220.155 -0.003
223.491 -0.004
226.827 -0.005
230.162 -0.006
233.498 -0.008
236.834 -0.009
240.169 -0.011
243.505 -0.013
246.841 -0.014
250.176 -0.016
253.512 -0.017
256.848 -0.019
260.183 -0.020
263.519 -0.022
266.855 -0.022
270.190 -0.019
273.526 -0.014
276.862 -0.009
280.197 -0.004
283.533 0.000
286.869 0.002
290.205 0.002
293.540 0.000
296.876 -0.000
300.212 -0.001
303.547 -0.000
306.883 0.001
310.219 0.002
313.554 0.004
316.890 0.005
320.226 0.006
323.561 0.007
326.897 0.009
330.233 0.011
333.568 0.013
336.904 0.012
340.240 0.008
343.575 0.003
346.911 -0.000
350.247 -0.002
353.583 -0.003
356.918 -0.003
360.254 -0.003
363.590 -0.003
366.925 -0.004
370.261 -0.005
373.597 -0.006
376.932 -0.008
380.268 -0.009
383.604 -0.010
386.939 -0.011
390.275 -0.011
393.611 -0.010
396.946 -0.009
400.282 -0.008
403.618 -0.007
406.953 -0.006
410.289 -0.004
413.625 -0.003
416.961 -0.002
420.296 -0.001
423.632 -0.000
426.968 0.000
430.303 0.001
433.639 0.001
436.975 0.001
440.310 0.002
443.646 0.002
446.982 0.003
450.317 0.003
453.653 0.004
456.989 0.004
460.324 0.004
463.660 0.004
466.996 0.005
470.331 0.005
473.667 0.005
477.003 0.005
480.339 0.004
483.674 0.005
487.010 0.005
490.346 0.005
493.681 0.006
497.017 0.007
500.353 0.007
503.688 0.008
507.024 0.009
510.360 0.010
513.695 0.010
517.031 0.010
520.367 0.011
523.702 0.011
527.038 0.011
530.374 0.011
533.709 0.011
537.045 0.011
540.381 0.011
543.717 0.011
547.052 0.011
550.388 0.011
553.724 0.010
557.059 0.010
560.395 0.009
563.731 0.009
567.066 0.008
570.402 0.008
573.738 0.007
577.073 0.006
580.409 0.005
583.745 0.004
587.080 0.003
590.416 0.002
593.752 0.001
597.087 -0.001
600.423 -0.002
603.759 -0.003
607.095 -0.005
610.430 -0.006
613.766 -0.008
617.102 -0.009
620.437 -0.010
623.773 -0.011
627.109 -0.011
630.444 -0.010
633.780 -0.009
637.116 -0.008
640.451 -0.006
643.787 -0.005
647.123 -0.003
650.458 -0.002
653.794 -0.001
657.130 -0.000
660.465 0.000
663.801 0.001
667.137 0.001
670.473 0.002
673.808 0.003
677.144 0.005
680.480 0.006
683.815 0.008
687.151 0.009
690.487 0.011
693.822 0.011
697.158 0.012
700.494 0.011
703.829 0.010
707.165 0.009
710.501 0.007
713.836 0.005
717.172 0.004
720.508 0.002
723.843 0.000
727.179 -0.001
730.515 -0.002
733.851 -0.003
737.186 -0.003
740.522 -0.003
743.858 -0.002
747.193 -0.002
750.529 -0.001
753.865 -0.001
757.200 -0.000
760.536 0.000
763.872 0.000
767.207 0.001
770.543 0.001
773.879 0.001
777.214 0.001
780.550 0.001
783.886 0.002
787.221 0.002
790.557 0.003
793.893 0.003
797.229 0.003
800.564 0.004
803.900 0.004
807.236 0.003
810.571 0.003
813.907 0.003
817.243 0.002
820.578 0.002
823.914 0.001
827.250 0.001
830.585 0.000
833.921 -0.000
837.257 -0.000
840.592 -0.001
843.928 -0.001
847.264 -0.001
850.599 -0.001
853.935 -0.001
857.271 -0.001
860.607 -0.001
863.942 -0.002
867.278 -0.002
870.614 -0.003
873.949 -0.004
877.285 -0.004
880.621 -0.005
883.956 -0.006
887.292 -0.006
890.628 -0.007
893.963 -0.007
897.299 -0.007
900.635 -0.007
903.970 -0.006
907.306 -0.004
910.642 -0.003
913.977 -0.002
917.313 -0.001
920.649 -0.001
923.985 -0.000
927.320 -0.000
930.656 0.000
933.992 0.001
937.327 0.001
940.663 0.002
943.999 0.003
947.334 0.004
950.670 0.006
954.006 0.008
957.341 0.009
960.677 0.011
964.013 0.011
967.348 0.011
970.684 0.011
974.020 0.010
977.355 0.009
980.691 0.007
984.027 0.006
987.363 0.005
990.698 0.004
994.034 0.004
997.370 0.004
1000.705 0.005
1004.041 0.006
1007.377 0.006
1010.712 0.007
1014.048 0.007
1017.384 0.006
1020.719 0.006
1024.055 0.005
1027.391 0.004
1030.726 0.004
1034.062 0.003
1037.398 0.003
1040.733 0.003
1044.069 0.003
1047.405 0.003
1050.741 0.002
1054.076 0.002
1057.412 0.001
1060.748 0.001
1064.083 -0.000
1067.419 -0.002
1070.755 -0.003
1074.090 -0.004
1077.426 -0.005
1080.762 -0.006
1084.097 -0.006
1087.433 -0.007
1090.769 -0.007
1094.104 -0.007
1097.440 -0.006
1100.776 -0.005
1104.111 -0.004
1107.447 -0.002
1110.783 0.000
1114.119 0.002
1117.454 0.004
1120.790 0.006
1124.126 0.008
1127.461 0.011
1130.797 0.013
1134.133 0.015
1137.468 0.016
1140.804 0.017
1144.140 0.018
1147.475 0.018
1150.811 0.019
1154.147 0.019
1157.482 0.019
1160.818 0.019
1164.154 0.019
1167.489 0.018
1170.825 0.018
1174.161 0.017
1177.497 0.016
1180.832 0.015
1184.168 0.014
1187.504 0.012
1190.839 0.011
1194.175 0.011
1197.511 0.010
1200.846 0.010
1204.182 0.010
1207.518 0.010
1210.853 0.011
1214.189 0.012
1217.525 0.013
1220.860 0.014
1224.196 0.015
1227.532 0.016
1230.867 0.016
1234.203 0.017
1237.539 0.018
1240.875 0.018
1244.210 0.019
1247.546 0.019
1250.882 0.020
1254.217 0.021
1257.553 0.022
1260.889 0.023
1264.224 0.024
1267.560 0.025
1270.896 0.026
1274.231 0.028
1277.567 0.028
1280.903 0.027
1284.238 0.027
1287.574 0.027
1290.910 0.027
1294.245 0.027
1297.581 0.027
1300.917 0.027
1304.253 0.027
1307.588 0.027
1310.924 0.027
1314.260 0.027
1317.595 0.027
1320.931 0.027
1324.267 0.027
1327.602 0.028
