0.0000 27.9386
3.3360 28.0466
6.6710 27.4662
10.0070 27.1756
13.3430 26.9307
16.6780 26.2384
20.0140 26.8160
23.3500 26.5990
26.6850 25.6624
30.0210 25.5540
33.3570 25.3256
36.6930 25.0429
40.0280 24.5362
43.3640 24.7989
46.7000 24.8758
50.0350 24.8543
53.3710 24.6014
56.7070 24.4601
60.0420 24.5471
63.3780 24.5471
66.7140 24.5300
70.0490 24.7437
73.3850 25.0132
76.7210 25.7812
80.0560 26.5700
83.3920 26.5700
86.7280 27.1615
90.0630 27.5998
93.3990 27.7708
96.7350 27.7331
100.0710 28.2443
103.4060 28.5265
106.7420 28.5431
110.0780 28.0469
113.4130 28.1839
116.7490 28.1839
120.0850 28.2008
123.4200 28.5214
126.7560 28.6246
130.0920 29.2744
133.4270 29.1595
136.7630 29.6647
140.0990 30.4535
143.4340 31.1242
146.7700 31.4531
150.1060 31.7415
153.4410 32.2193
156.7770 32.4676
160.1130 33.0685
163.4490 33.1988
166.7840 33.4742
170.1200 34.1707
173.4560 34.5017
176.7910 34.6460
180.1270 34.7166
183.4630 34.7855
186.7980 34.7506
190.1340 34.6218
193.4700 34.5567
196.8050 33.7321
200.1410 33.8359
203.4770 33.7406
206.8120 32.6320
210.1480 32.5169
213.4840 32.7618
216.8190 32.2360
220.1550 31.9406
223.4910 31.1806
226.8270 30.3887
230.1620 29.7191
233.4980 29.4229
236.8340 28.5415
240.1690 27.6690
243.5050 27.5463
246.8410 27.1658
250.1760 26.7100
253.5120 26.4456
256.8480 26.6439
260.1830 26.4812
263.5190 26.1961
266.8550 25.9326
270.1900 25.6580
273.5260 25.5840
276.8620 25.4457
280.1970 24.9934
283.5330 24.7107
286.8690 24.5482
290.2050 23.8057
293.5400 23.6053
296.8760 23.4661
300.2120 23.9365
303.5470 23.9365
306.8830 23.8171
310.2190 23.8171
313.5540 23.8005
316.8900 23.8578
320.2260 24.0244
323.5610 24.0244
326.8970 24.0244
330.2330 23.9754
333.5680 23.9756
336.9040 23.9443
340.2400 23.8065
343.5750 23.6707
346.9110 23.6707
350.2470 23.7422
353.5830 23.6597
356.9180 23.7249
360.2540 23.7033
363.5900 23.6746
366.9250 23.6919
370.2610 23.7192
373.5970 23.8491
376.9320 23.9363
380.2680 23.9776
383.6040 23.9650
386.9390 23.8510
390.2750 23.8936
393.6110 23.8514
396.9460 23.8488
400.2820 23.8865
403.6180 23.6234
406.9530 23.4988
410.2890 23.8341
413.6250 23.8255
416.9610 23.6748
420.2960 23.6316
423.6320 23.6706
426.9680 23.7717
430.3030 23.9240
433.6390 24.2470
436.9750 24.4809
440.3100 24.5095
443.6460 24.5333
446.9820 24.6743
450.3170 24.9553
453.6530 24.8851
456.9890 24.9330
460.3240 25.1490
463.6600 25.3935
466.9960 26.6510
470.3310 27.1694
473.6670 27.5129
477.0030 27.9986
480.3390 27.9986
483.6740 28.1063
487.0100 28.1869
490.3460 28.3493
493.6810 28.4795
497.0170 28.5338
500.3530 28.6459
503.6880 29.2071
507.0240 29.5149
510.3600 30.5080
513.6950 31.5688
517.0310 32.2188
520.3670 32.8286
523.7020 33.2661
527.0380 33.2661
530.3740 33.2494
533.7090 33.2332
537.0450 33.2079
540.3810 33.2079
543.7170 32.7893
547.0520 33.2661
550.3880 33.2793
553.7240 33.1418
557.0590 32.8927
560.3950 33.1418
563.7310 33.1418
567.0660 33.1282
570.4020 33.2186
573.7380 32.6744
577.0730 32.4038
580.4090 32.3212
583.7450 32.3496
587.0800 33.0461
590.4160 33.6421
593.7520 33.6421
597.0870 33.3501
600.4230 33.6549
603.7590 34.9319
607.0950 35.7620
610.4300 35.9614
613.7660 36.2848
617.1020 36.5171
620.4370 36.9997
623.7730 37.8148
627.1090 38.5773
630.4440 39.1539
633.7800 39.8572
637.1160 40.1359
640.4510 40.5826
643.7870 40.7547
647.1230 40.5126
650.4580 41.5739
653.7940 41.6380
657.1300 41.7534
660.4650 40.7365
663.8010 40.5893
667.1370 40.7679
670.4730 40.7871
673.8080 40.7104
677.1440 40.3666
680.4800 39.6708
683.8150 39.7570
687.1510 39.7840
690.4870 39.9745
693.8220 40.8957
697.1580 41.0301
700.4940 41.7859
703.8290 42.6443
707.1650 43.1129
710.5010 43.5216
713.8360 43.5216
717.1720 43.6754
720.5080 44.0602
723.8430 43.6959
727.1790 44.1633
730.5150 44.4768
733.8510 44.9442
737.1860 45.4178
740.5220 45.5143
743.8580 45.3738
747.1930 46.0718
750.5290 46.5140
753.8650 46.4242
757.2000 46.6483
760.5360 46.7451
763.8720 46.7451
767.2070 46.9052
770.5430 46.6612
773.8790 46.9052
777.2140 46.5400
780.5500 46.5400
783.8860 47.0540
787.2210 46.3601
790.5570 46.3476
793.8930 46.3476
797.2290 46.7125
800.5640 46.9963
803.9000 46.3538
807.2360 46.3730
810.5710 46.7254
813.9070 47.2393
817.2430 46.6612
820.5780 46.8538
823.9140 46.8538
827.2500 46.8538
830.5850 46.4046
833.9210 46.7896
837.2570 46.7767
840.5920 46.6432
843.9280 46.8988
847.2640 46.9116
850.5990 46.9897
853.9350 46.9897
857.2710 46.9897
860.6070 46.6550
863.9420 46.5965
867.2780 46.3730
870.6140 46.6612
873.9490 46.6612
877.2850 46.7379
880.6210 46.7254
883.9560 46.7254
887.2920 46.6684
890.6280 46.7062
893.9630 46.7062
897.2990 46.7062
900.6350 46.7062
903.9700 46.6937
907.3060 46.5212
910.6420 46.4712
913.9770 46.5038
917.3130 46.4395
920.6490 46.7340
923.9850 46.7340
927.3200 47.0358
930.6560 47.3094
933.9920 47.4180
937.3270 47.4180
940.6630 47.4053
943.9990 47.4053
947.3340 47.7254
950.6700 47.9116
954.0060 48.0401
957.3410 48.5641
960.6770 49.0516
964.0130 49.6022
967.3480 49.8852
970.6840 50.1492
974.0200 50.1492
977.3550 50.1492
980.6910 50.2177
984.0270 49.5948
987.3630 49.5948
990.6980 49.5948
994.0340 49.4795
997.3700 49.6913
1000.7050 49.2109
1004.0410 49.0909
1007.3770 49.2815
1010.7120 49.9231
1014.0480 49.7746
1017.3840 49.9356
1020.7190 50.0388
1024.0550 50.0388
1027.3910 50.1174
1030.7260 50.1174
1034.0620 50.4025
1037.3980 50.4025
1040.7330 50.4025
1044.0690 50.4025
1047.4050 50.4025
1050.7410 50.4025
1054.0760 50.3901
1057.4120 50.0657
1060.7480 50.0657
1064.0830 50.0657
1067.4190 49.9045
1070.7550 49.9045
1074.0900 49.8728
1077.4260 49.7443
1080.7620 49.5893
1084.0970 49.6535
1087.4330 49.7177
1090.7690 49.7430
1094.1040 49.8085
1097.4400 49.8461
1100.7760 49.5567
1104.1110 49.5951
1107.4470 49.4284
1110.7830 49.2264
1114.1190 49.7651
1117.4540 49.9578
1120.7900 49.9610
1124.1260 49.9610
1127.4610 49.9610
1130.7970 49.9389
1134.1330 50.1802
1137.4680 50.1618
1140.8040 50.1618
1144.1400 50.1729
1147.4750 50.0805
1150.8110 50.0945
1154.1470 49.9500
1157.4820 49.9500
1160.8180 49.9312
1164.1540 49.9312
1167.4890 49.9312
1170.8250 50.1729
1174.1610 50.1729
1177.4970 50.1729
1180.8320 50.1729
1184.1680 50.1729
1187.5040 50.1729
1190.8390 50.2103
1194.1750 49.6400
1197.5110 50.0173
1200.8460 50.1243
1204.1820 50.4147
1207.5180 50.3780
1210.8530 49.8728
1214.1890 50.2103
1217.5250 50.1729
1220.8600 50.1729
1224.1960 49.9873
1227.5320 49.9873
1230.8670 49.9873
1234.2030 49.8135
1237.5390 49.9389
1240.8750 49.9688
1244.2100 50.0252
1247.5460 50.0252
1250.8820 50.0945
1254.2170 50.0945
1257.5530 50.1729
1260.8890 50.1729
1264.2240 50.1729
1267.5600 50.1318
1270.8960 50.3064
1274.2310 50.3064
1277.5670 50.3064
1280.9030 50.3064
1284.2380 50.3549
1287.5740 50.2623
1290.9100 50.2103
1294.2450 50.2103
1297.5810 50.2103
1300.9170 50.1618
1304.2530 50.1618
1307.5880 50.0571
1310.9240 50.0736
1314.2600 50.2588
1317.5950 49.9873
1320.9310 49.9873
1324.2670 49.9873
1327.6020 49.9873
1330.9380 49.9500
