0.000 0.002
3.336 0.002
6.671 0.002
10.007 0.002
13.343 0.002
16.678 0.002
20.014 0.002
23.350 0.002
26.685 0.002
30.021 0.002
33.357 0.002
36.693 0.002
40.028 0.002
43.364 0.002
46.700 0.002
50.035 0.002
53.371 0.002
56.707 0.002
60.042 0.001
63.378 0.001
66.714 0.001
70.049 0.001
73.385 0.001
76.721 0.001
80.056 0.001
83.392 0.001
86.728 0.002
90.063 0.002
93.399 0.002
96.735 0.002
100.071 0.002
103.406 0.003
106.742 0.003
110.078 0.003
113.413 0.003
116.749 0.003
120.085 0.003
123.420 0.003
126.756 0.003
130.092 0.003
133.427 0.003
136.763 0.003
140.099 0.003
143.434 0.003
146.770 0.003
150.106 0.003
153.441 0.003
156.777 0.002
160.113 0.002
163.449 0.002
166.784 0.001
170.120 0.001
173.456 0.001
176.791 0.001
180.127 0.001
183.463 0.001
186.798 0.001
190.134 0.002
193.470 0.002
196.805 0.002
200.141 0.002
203.477 0.002
206.812 0.002
210.148 0.001
213.484 0.001
216.819 0.001
220.155 0.001
223.491 0.001
226.827 0.001
230.162 0.001
233.498 0.001
236.834 0.001
240.169 0.001
243.505 0.001
246.841 0.001
250.176 0.001
253.512 0.001
256.848 0.000
260.183 0.000
263.519 0.000
266.855 -0.000
270.190 -0.000
273.526 -0.000
276.862 -0.000
280.197 0.000
283.533 0.001
286.869 0.001
290.205 0.001
293.540 0.002
296.876 0.002
300.212 0.003
303.547 0.003
306.883 0.003
310.219 0.003
313.554 0.003
316.890 0.003
320.226 0.003
323.561 0.003
326.897 0.003
330.233 0.002
333.568 0.002
336.904 0.002
340.240 0.002
343.575 0.002
346.911 0.002
350.247 0.002
353.583 0.001
356.918 0.001
360.254 0.001
363.590 0.000
366.925 0.000
370.261 -0.000
373.597 -0.000
376.932 -0.001
380.268 -0.001
383.604 -0.001
386.939 -0.001
390.275 -0.001
393.611 -0.001
396.946 -0.001
400.282 -0.001
403.618 -0.001
406.953 -0.002
410.289 -0.002
413.625 -0.002
416.961 -0.002
420.296 -0.002
423.632 -0.002
426.968 -0.002
430.303 -0.002
433.639 -0.002
436.975 -0.002
440.310 -0.002
443.646 -0.002
446.982 -0.002
450.317 -0.002
453.653 -0.002
456.989 -0.002
460.324 -0.002
463.660 -0.002
466.996 -0.002
470.331 -0.001
473.667 -0.001
477.003 -0.000
480.339 0.000
483.674 0.001
487.010 0.001
490.346 0.002
493.681 0.002
497.017 0.002
500.353 0.002
503.688 0.002
507.024 0.003
510.360 0.003
513.695 0.003
517.031 0.004
520.367 0.004
523.702 0.004
527.038 0.004
530.374 0.004
533.709 0.004
537.045 0.004
540.381 0.004
543.717 0.004
547.052 0.004
550.388 0.004
553.724 0.004
557.059 0.003
560.395 0.003
563.731 0.003
567.066 0.002
570.402 0.002
573.738 0.002
577.073 0.002
580.409 0.002
583.745 0.001
587.080 0.001
590.416 0.001
593.752 0.000
597.087 0.000
600.423 -0.000
603.759 -0.001
607.095 -0.001
610.430 -0.002
613.766 -0.002
617.102 -0.002
620.437 -0.002
623.773 -0.002
627.109 -0.002
630.444 -0.002
633.780 -0.002
637.116 -0.002
640.451 -0.002
643.787 -0.002
647.123 -0.002
650.458 -0.002
653.794 -0.002
657.130 -0.002
660.465 -0.002
663.801 -0.003
667.137 -0.003
670.473 -0.002
673.808 -0.002
677.144 -0.002
680.480 -0.002
683.815 -0.002
687.151 -0.002
690.487 -0.002
693.822 -0.002
697.158 -0.002
700.494 -0.002
703.829 -0.003
707.165 -0.003
710.501 -0.003
713.836 -0.004
717.172 -0.004
720.508 -0.004
723.843 -0.003
727.179 -0.003
730.515 -0.003
733.851 -0.003
737.186 -0.003
740.522 -0.003
743.858 -0.003
747.193 -0.003
750.529 -0.003
753.865 -0.003
757.200 -0.002
760.536 -0.002
763.872 -0.002
767.207 -0.002
770.543 -0.001
773.879 -0.001
777.214 -0.001
780.550 -0.000
783.886 0.000
787.221 0.000
790.557 0.000
793.893 0.000
797.229 0.000
800.564 0.000
803.900 0.000
807.236 0.000
810.571 0.000
813.907 0.000
817.243 0.000
820.578 0.000
823.914 0.000
827.250 0.000
830.585 0.000
833.921 0.000
837.257 0.000
840.592 0.000
843.928 0.000
847.264 0.000
850.599 -0.000
853.935 -0.000
857.271 -0.000
860.607 -0.000
863.942 -0.000
867.278 -0.000
870.614 -0.000
873.949 -0.000
877.285 -0.000
880.621 -0.000
883.956 -0.000
887.292 -0.000
890.628 -0.000
893.963 -0.000
897.299 -0.000
900.635 -0.000
903.970 -0.000
907.306 -0.000
910.642 -0.000
913.977 -0.002
917.313 -0.008
920.649 -0.020
923.985 -0.032
927.320 -0.034
930.656 -0.028
933.992 -0.021
937.327 -0.017
940.663 -0.014
943.999 -0.013
947.334 -0.013
950.670 -0.014
954.006 -0.016
957.341 -0.020
960.677 -0.026
964.013 -0.033
967.348 -0.033
970.684 -0.023
974.020 -0.010
977.355 -0.003
980.691 -0.001
984.027 -0.001
987.363 -0.002
990.698 -0.002
994.034 -0.002
997.370 -0.002
1000.705 -0.002
1004.041 -0.002
1007.377 -0.002
1010.712 -0.002
1014.048 -0.002
1017.384 -0.002
1020.719 -0.002
1024.055 -0.003
1027.391 -0.003
1030.726 -0.003
1034.062 -0.003
1037.398 -0.003
1040.733 -0.003
1044.069 -0.003
1047.405 -0.003
1050.741 -0.000
1054.076 0.004
1057.412 0.010
1060.748 0.014
1064.083 0.018
1067.419 0.020
1070.755 0.021
1074.090 0.022
1077.426 0.023
1080.762 0.022
1084.097 0.021
1087.433 0.020
1090.769 0.018
1094.104 0.016
1097.440 0.015
1100.776 0.015
1104.111 0.017
1107.447 0.021
1110.783 0.026
1114.119 0.027
1117.454 0.022
1120.790 0.015
1124.126 0.009
1127.461 0.007
1130.797 0.005
1134.133 0.005
1137.468 0.004
1140.804 0.004
1144.140 0.003
1147.475 0.002
1150.811 0.001
1154.147 -0.001
1157.482 -0.002
1160.818 -0.004
1164.154 -0.004
1167.489 -0.005
1170.825 -0.005
1174.161 -0.006
1177.497 -0.011
1180.832 -0.020
1184.168 -0.030
1187.504 -0.034
1190.839 -0.034
1194.175 -0.032
1197.511 -0.031
1200.846 -0.030
1204.182 -0.032
1207.518 -0.036
1210.853 -0.039
1214.189 -0.040
1217.525 -0.041
1220.860 -0.044
1224.196 -0.047
1227.532 -0.049
1230.867 -0.049
1234.203 -0.047
1237.539 -0.046
1240.875 -0.047
1244.210 -0.050
1247.546 -0.052
1250.882 -0.052
1254.217 -0.051
1257.553 -0.050
1260.889 -0.049
1264.224 -0.047
1267.560 -0.045
1270.896 -0.042
1274.231 -0.033
1277.567 -0.034
1280.903 -0.034
1284.238 -0.034
1287.574 -0.034
1290.910 -0.034
1294.245 -0.033
1297.581 -0.033
1300.917 -0.033
1304.253 -0.032
1307.588 -0.032
1310.924 -0.032
1314.260 -0.031
1317.595 -0.031
1320.931 -0.031
1324.267 -0.030
1327.602 -0.030
