0.0000 111.5400
3.3360 111.3321
6.6710 111.2274
10.0070 111.2008
13.3430 111.2073
16.6780 111.0924
20.0140 110.8033
23.3500 110.5706
26.6850 110.6592
30.0210 110.6100
33.3570 110.3366
36.6930 110.1316
40.0280 110.1680
43.3640 110.0963
46.7000 109.9961
50.0350 109.3911
53.3710 109.1709
56.7070 109.1709
60.0420 109.1677
63.3780 109.1165
66.7140 108.9980
70.0490 109.0715
73.3850 109.1023
76.7210 109.1023
80.0560 108.8948
83.3920 108.5304
86.7280 108.5304
90.0630 108.5304
93.3990 108.4284
96.7350 108.0580
100.0710 108.0006
103.4060 107.9495
106.7420 107.8978
110.0780 107.6793
113.4130 107.4947
116.7490 107.6579
120.0850 107.9127
123.4200 107.8469
126.7560 107.7848
130.0920 107.6616
133.4270 107.5605
136.7630 107.3522
140.0990 107.1995
143.4340 107.5644
146.7700 107.3211
150.1060 107.1596
153.4410 106.6135
156.7770 106.7400
160.1130 106.5938
163.4490 106.5938
166.7840 106.6960
170.1200 106.6960
173.4560 106.6194
176.7910 106.4672
180.1270 106.4332
183.4630 106.2968
186.7980 106.2265
190.1340 106.1913
193.4700 106.1817
196.8050 105.9753
200.1410 105.8655
203.4770 105.7898
206.8120 105.7387
210.1480 105.7387
213.4840 105.7036
216.8190 105.5069
220.1550 105.3836
223.4910 105.2499
226.8270 105.2566
230.1620 105.2473
233.4980 105.1036
236.8340 104.9447
240.1690 104.7972
243.5050 104.4395
246.8410 104.2425
250.1760 104.9959
253.5120 104.7292
256.8480 104.6780
260.1830 104.4818
263.5190 104.3316
266.8550 104.0679
270.1900 104.0547
273.5260 103.9005
276.8620 103.7476
280.1970 103.7476
283.5330 103.3813
286.8690 103.3477
290.2050 103.1359
293.5400 103.0909
296.8760 102.6612
300.2120 102.0892
303.5470 101.9835
306.8830 101.4802
310.2190 101.4802
313.5540 101.4802
316.8900 101.4545
320.2260 101.3195
323.5610 101.2568
326.8970 101.2568
330.2330 101.1143
333.5680 101.0336
336.9040 100.9159
340.2400 100.8730
343.5750 100.8838
346.9110 100.8838
350.2470 100.4449
353.5830 99.9698
356.9180 99.8937
360.2540 99.8937
363.5900 99.6640
366.9250 99.5001
370.2610 99.2004
373.5970 98.8658
376.9320 98.6943
380.2680 99.1800
383.6040 99.0521
386.9390 98.6977
390.2750 98.3063
393.6110 98.5015
396.9460 98.3253
400.2820 98.0012
403.6180 97.9365
406.9530 97.6954
410.2890 97.4865
413.6250 97.0725
416.9610 96.9122
420.2960 97.1264
423.6320 96.9726
426.9680 96.9790
430.3030 96.9790
433.6390 96.9790
436.9750 96.9790
440.3100 96.9790
443.6460 96.9532
446.9820 96.9532
450.3170 96.9026
453.6530 96.8768
456.9890 97.0564
460.3240 97.1328
463.6600 97.1328
466.9960 97.0564
470.3310 96.9532
473.6670 97.1080
477.0030 97.1080
480.3390 97.0048
483.6740 96.9274
487.0100 96.9532
490.3460 97.2360
493.6810 97.2360
497.0170 97.1844
500.3530 97.1586
503.6880 96.9026
507.0240 96.9026
510.3600 97.2360
513.6950 97.2360
517.0310 97.2360
520.3670 97.2360
523.7020 97.1328
527.0380 97.1328
530.3740 97.2618
533.7090 97.1011
537.0450 97.1043
540.3810 97.1043
543.7170 97.1043
547.0520 96.8545
550.3880 96.7255
553.7240 96.6749
557.0590 96.6491
560.3950 96.8287
563.7310 96.7255
567.0660 97.0084
570.4020 97.2396
573.7380 97.0858
577.0730 97.0858
580.4090 97.0342
583.7450 97.0342
587.0800 96.8803
590.4160 96.8803
593.7520 96.8803
597.0870 96.7513
600.4230 96.8803
603.7590 97.1622
607.0950 97.1622
610.4300 97.2138
613.7660 97.2138
617.1020 97.1364
620.4370 97.1364
623.7730 97.1364
627.1090 97.1364
630.4440 97.0858
633.7800 97.0858
637.1160 96.9051
640.4510 97.0600
643.7870 97.0600
647.1230 97.0600
650.4580 97.0600
653.7940 97.0600
657.1300 97.0600
660.4650 97.3997
663.8010 97.3160
667.1370 97.2396
670.4730 97.0858
673.8080 97.0858
677.1440 97.0858
680.4800 96.9826
683.8150 96.8287
687.1510 96.7771
690.4870 97.0505
693.8220 97.0505
697.1580 97.0505
700.4940 96.9989
703.8290 96.6902
707.1650 96.5536
710.5010 96.5112
713.8360 96.3831
717.1720 96.2709
720.5080 96.1985
723.8430 96.1670
727.1790 96.1670
730.5150 96.3026
733.8510 96.3026
737.1860 96.2163
740.5220 96.2133
743.8580 96.2133
747.1930 96.2133
750.5290 96.1670
753.8650 96.1670
757.2000 96.2531
760.5360 96.2531
763.8720 96.2760
767.2070 96.2760
770.5430 96.3985
773.8790 96.3985
777.2140 96.4014
780.5500 96.4160
783.8860 96.2445
787.2210 96.2531
790.5570 96.2531
793.8930 96.2531
797.2290 96.2531
800.5640 96.2531
803.9000 96.2531
807.2360 96.2531
810.5710 96.2531
813.9070 96.2531
817.2430 96.1957
820.5780 96.1957
823.9140 96.2819
827.2500 96.2502
830.5850 96.2502
833.9210 96.2502
837.2570 96.2502
840.5920 96.2502
843.9280 96.2502
847.2640 96.2590
850.5990 96.2332
853.9350 96.2332
857.2710 96.2332
860.6070 96.2590
863.9420 96.2332
867.2780 96.2332
870.6140 96.2332
873.9490 96.2332
877.2850 96.1597
880.6210 96.1597
883.9560 96.1597
887.2920 96.1597
890.6280 96.1597
893.9630 96.2103
897.2990 96.2570
900.6350 96.2570
903.9700 96.2540
907.3060 96.1715
910.6420 96.1715
913.9770 96.1715
917.3130 96.1715
920.6490 96.1715
923.9850 96.1715
927.3200 96.2221
930.6560 96.1963
933.9920 96.2221
937.3270 96.2221
940.6630 96.2221
943.9990 96.2221
947.3340 96.2251
950.6700 96.2798
954.0060 96.2798
957.3410 96.2540
960.6770 96.2540
964.0130 96.2540
967.3480 96.2828
970.6840 96.4578
974.0200 96.4837
977.3550 96.6870
980.6910 96.7871
984.0270 96.9404
987.3630 96.9662
990.6980 97.0210
994.0340 96.5476
997.3700 96.2858
1000.7050 96.2311
1004.0410 96.3783
1007.3770 96.3783
1010.7120 96.3783
1014.0480 96.3783
1017.3840 96.3783
1020.7190 96.3783
1024.0550 96.1865
1027.3910 96.1865
1030.7260 96.2174
1034.0620 96.2888
1037.3980 96.2083
1040.7330 96.1805
1044.0690 96.2691
1047.4050 96.2691
1050.7410 96.2691
1054.0760 96.2691
1057.4120 96.2083
1060.7480 96.2083
1064.0830 96.2083
1067.4190 96.2083
1070.7550 96.2083
1074.0900 96.2083
1077.4260 96.2083
1080.7620 96.2083
1084.0970 96.2083
1087.4330 96.2083
1090.7690 96.2083
1094.1040 96.2083
1097.4400 96.2083
1100.7760 96.2083
1104.1110 96.2083
1107.4470 96.3207
1110.7830 96.3039
1114.1190 96.2016
1117.4540 96.1896
1120.7900 96.1896
1124.1260 96.1896
1127.4610 96.1896
1130.7970 96.1896
1134.1330 96.1896
1137.4680 96.1896
1140.8040 96.1896
1144.1400 96.1896
1147.4750 96.1896
1150.8110 96.1896
1154.1470 96.1896
1157.4820 96.1896
1160.8180 96.1896
1164.1540 96.1896
1167.4890 96.1896
1170.8250 96.1896
1174.1610 96.1896
1177.4970 96.1896
1180.8320 96.1896
1184.1680 96.1896
1187.5040 96.1896
1190.8390 96.1896
1194.1750 96.1896
1197.5110 96.1896
1200.8460 96.1896
1204.1820 96.1896
1207.5180 96.1896
1210.8530 96.1896
1214.1890 96.1896
1217.5250 96.1896
1220.8600 96.1896
1224.1960 96.1896
1227.5320 96.1896
1230.8670 96.1896
1234.2030 96.1896
1237.5390 96.2078
1240.8750 96.2078
1244.2100 96.2078
1247.5460 96.2078
1250.8820 96.2078
1254.2170 96.2078
1257.5530 96.2078
1260.8890 96.2078
1264.2240 96.2078
1267.5600 96.2078
1270.8960 96.2078
1274.2310 96.2078
1277.5670 96.2078
1280.9030 96.2078
1284.2380 96.2078
1287.5740 96.2078
1290.9100 96.2078
1294.2450 96.2078
1297.5810 96.2078
1300.9170 96.2078
1304.2530 96.2078
1307.5880 96.2078
1310.9240 96.2078
1314.2600 96.2078
1317.5950 96.2078
1320.9310 96.2078
1324.2670 96.2078
1327.6020 96.2078
1330.9380 96.2078
