0.0000 101.4746
3.3360 101.4345
6.6710 101.3527
10.0070 101.3527
13.3430 101.3527
16.6780 101.6346
20.0140 101.4345
23.3500 101.4399
26.6850 101.3590
30.0210 101.3998
33.3570 101.5282
36.6930 101.7540
40.0280 101.4305
43.3640 101.4305
46.7000 101.4305
50.0350 101.4784
53.3710 101.7932
56.7070 101.6493
60.0420 101.6493
63.3780 101.6493
66.7140 101.6493
70.0490 101.6493
73.3850 101.4789
76.7210 101.4138
80.0560 101.4151
83.3920 101.4151
86.7280 101.4151
90.0630 101.4151
93.3990 101.4384
96.7350 101.3812
100.0710 101.3812
103.4060 101.3812
106.7420 101.3812
110.0780 101.3407
113.4130 101.3407
116.7490 101.4624
120.0850 101.4624
123.4200 101.5347
126.7560 101.3191
130.0920 101.4799
133.4270 101.3824
136.7630 101.3824
140.0990 101.6565
143.4340 101.5521
146.7700 101.9112
150.1060 102.3481
153.4410 102.4492
156.7770 102.7476
160.1130 103.1903
163.4490 103.1393
166.7840 103.3483
170.1200 103.2871
173.4560 103.5313
176.7910 103.9963
180.1270 103.8662
183.4630 103.3675
186.7980 103.6114
190.1340 103.5694
193.4700 103.0453
196.8050 102.7868
200.1410 102.7868
203.4770 102.5486
206.8120 102.0632
210.1480 101.4534
213.4840 101.2263
216.8190 101.1435
220.1550 101.2450
223.4910 101.5551
226.8270 101.5551
230.1620 101.5046
233.4980 101.3759
236.8340 101.2795
240.1690 101.1613
243.5050 100.5362
246.8410 100.3974
250.1760 100.1943
253.5120 100.5771
256.8480 100.4296
260.1830 100.1206
263.5190 100.1206
266.8550 100.1206
270.1900 100.2343
273.5260 100.0884
276.8620 100.0166
280.1970 100.1141
283.5330 99.8659
286.8690 99.3451
290.2050 99.3041
293.5400 99.2441
296.8760 99.3241
300.2120 99.2117
303.5470 99.1384
306.8830 99.0261
310.2190 99.1657
313.5540 98.9012
316.8900 99.1532
320.2260 99.1532
323.5610 99.1532
326.8970 99.1532
330.2330 99.1470
333.5680 99.2185
336.9040 98.7696
340.2400 98.0737
343.5750 98.1077
346.9110 97.4438
350.2470 96.5690
353.5830 96.5472
356.9180 97.0890
360.2540 97.5655
363.5900 97.0008
366.9250 97.0008
370.2610 96.6554
373.5970 96.4314
376.9320 96.2363
380.2680 96.2363
383.6040 96.2021
386.9390 96.1287
390.2750 96.1287
393.6110 96.2128
396.9460 96.0952
400.2820 96.2905
403.6180 96.4860
406.9530 96.4860
410.2890 96.4573
413.6250 96.4573
416.9610 96.4573
420.2960 96.4573
423.6320 96.2413
426.9680 96.2413
430.3030 96.2413
433.6390 96.2413
436.9750 96.2021
440.3100 96.1027
443.6460 96.0247
446.9820 95.9459
450.3170 95.8841
453.6530 95.6200
456.9890 95.6200
460.3240 95.5527
463.6600 95.5314
466.9960 95.4802
470.3310 95.4408
473.6670 95.5582
477.0030 95.5582
480.3390 95.5582
483.6740 95.3620
487.0100 95.3620
490.3460 95.5582
493.6810 95.5188
497.0170 95.3620
500.3530 95.3234
503.6880 95.3335
507.0240 94.9921
510.3600 94.6400
513.6950 94.1723
517.0310 93.9090
520.3670 93.3895
523.7020 92.8554
527.0380 92.2321
530.3740 91.7421
533.7090 91.4844
537.0450 91.5572
540.3810 91.8155
543.7170 91.8155
547.0520 90.4412
550.3880 89.5876
553.7240 88.6333
557.0590 88.2682
560.3950 87.7874
563.7310 87.3766
567.0660 87.3381
570.4020 86.8576
573.7380 86.8232
577.0730 86.6386
580.4090 86.0538
583.7450 86.4473
587.0800 85.5283
590.4160 85.2616
593.7520 85.4140
597.0870 85.7963
600.4230 85.7991
603.7590 85.8411
607.0950 85.4717
610.4300 85.6151
613.7660 84.9953
617.1020 84.7829
620.4370 84.6374
623.7730 83.9792
627.1090 82.8402
630.4440 82.5449
633.7800 82.3498
637.1160 82.1652
640.4510 82.1267
643.7870 82.1267
647.1230 82.2737
650.4580 82.2353
653.7940 80.9096
657.1300 80.5819
660.4650 80.5819
663.8010 81.0001
667.1370 79.8773
670.4730 79.4734
673.8080 79.5098
677.1440 79.4178
680.4800 79.0221
683.8150 78.8719
687.1510 78.4230
690.4870 77.7401
693.8220 77.7879
697.1580 77.8836
700.4940 77.5015
703.8290 77.2965
707.1650 76.9047
710.5010 76.7080
713.8360 76.6085
717.1720 76.6632
720.5080 76.3763
723.8430 76.5334
727.1790 76.5759
730.5150 76.5759
733.8510 76.5237
737.1860 76.8209
740.5220 76.6212
743.8580 76.6212
747.1930 76.6212
750.5290 76.6172
753.8650 76.6172
757.2000 76.4240
760.5360 76.4240
763.8720 76.6153
767.2070 76.2617
770.5430 75.9196
773.8790 76.0195
777.2140 76.0214
780.5500 75.6829
783.8860 75.5461
787.2210 75.0761
790.5570 75.0792
793.8930 74.6594
797.2290 74.4343
800.5640 74.2484
803.9000 74.2903
807.2360 74.1332
810.5710 74.3878
813.9070 74.1841
817.2430 74.2774
820.5780 74.1418
823.9140 74.0400
827.2500 74.1928
830.5850 74.5191
833.9210 74.1375
837.2570 74.0909
840.5920 74.0909
843.9280 73.8075
847.2640 73.2036
850.5990 73.4312
853.9350 73.5996
857.2710 73.0770
860.6070 73.1386
863.9420 73.1122
867.2780 72.9895
870.6140 72.3153
873.9490 72.6982
877.2850 72.1315
880.6210 71.7972
883.9560 71.5705
887.2920 71.2365
890.6280 70.8194
893.9630 70.2742
897.2990 70.0929
900.6350 69.7436
903.9700 69.7017
907.3060 69.2712
910.6420 69.0641
913.9770 68.8849
917.3130 68.9675
920.6490 69.1061
923.9850 68.9128
927.3200 68.3468
930.6560 68.1969
933.9920 68.5274
937.3270 68.6918
940.6630 68.9872
943.9990 69.1209
947.3340 68.8849
950.6700 69.2712
954.0060 69.0781
957.3410 69.2174
960.6770 69.4235
964.0130 69.2101
967.3480 68.9163
970.6840 68.8348
974.0200 69.9059
977.3550 69.9472
980.6910 69.4504
984.0270 70.0593
987.3630 70.2791
990.6980 70.1818
994.0340 70.3062
997.3700 69.9895
1000.7050 70.4722
1004.0410 70.5959
1007.3770 71.2053
1010.7120 70.0860
1014.0480 69.9559
1017.3840 69.5099
1020.7190 69.5551
1024.0550 69.5551
1027.3910 69.7478
1030.7260 69.9154
1034.0620 69.7478
1037.3980 69.4691
1040.7330 69.4435
1044.0690 69.4435
1047.4050 69.3529
1050.7410 69.4336
1054.0760 69.9074
1057.4120 69.7436
1060.7480 69.3373
1064.0830 68.9754
1067.4190 69.1760
1070.7550 69.0317
1074.0900 68.1279
1077.4260 67.9966
1080.7620 67.9929
1084.0970 67.9929
1087.4330 68.0498
1090.7690 68.1429
1094.1040 67.7189
1097.4400 67.7767
1100.7760 67.6615
1104.1110 67.4164
1107.4470 67.7574
1110.7830 67.5296
1114.1190 67.3036
1117.4540 67.1853
1120.7900 67.2231
1124.1260 67.2989
1127.4610 67.6041
1130.7970 67.2808
1134.1330 67.3945
1137.4680 67.4142
1140.8040 67.1837
1144.1400 67.4130
1147.4750 67.5087
1150.8110 67.6425
1154.1470 67.8554
1157.4820 67.6066
1160.8180 67.8923
1164.1540 67.9677
1167.4890 67.8725
1170.8250 67.9106
1174.1610 67.9581
1177.4970 67.6460
1180.8320 67.2310
1184.1680 67.3107
1187.5040 67.1926
1190.8390 67.0275
1194.1750 66.1887
1197.5110 65.7015
1200.8460 65.2506
1204.1820 65.1526
1207.5180 64.9010
1210.8530 64.1549
1214.1890 63.8143
1217.5250 63.5057
1220.8600 63.4071
1224.1960 63.0985
1227.5320 62.9718
1230.8670 63.3417
1234.2030 62.9088
1237.5390 62.9378
1240.8750 62.6292
1244.2100 62.4431
1247.5460 62.2584
1250.8820 61.8578
1254.2170 61.2407
1257.5530 61.0854
1260.8890 61.0855
1264.2240 61.2708
1267.5600 60.5648
1270.8960 59.7918
1274.2310 59.4820
1277.5670 58.9565
1280.9030 58.5859
1284.2380 58.3391
1287.5740 58.0666
1290.9100 58.0425
1294.2450 57.7737
1297.5810 57.8954
1300.9170 57.3718
1304.2530 57.3202
1307.5880 57.0288
1310.9240 56.6667
1314.2600 56.2114
1317.5950 56.0470
1320.9310 55.1954
1324.2670 54.6134
1327.6020 54.8264
1330.9380 54.6150
