0.000 0.009
3.336 0.009
6.671 0.009
10.007 0.010
13.343 0.010
16.678 0.010
20.014 0.011
23.350 0.011
26.685 0.011
30.021 0.011
33.357 0.012
36.693 0.012
40.028 0.012
43.364 0.012
46.700 0.012
50.035 0.012
53.371 0.013
56.707 0.018
60.042 0.019
63.378 0.019
66.714 0.019
70.049 0.018
73.385 0.018
76.721 0.017
80.056 0.016
83.392 0.015
86.728 0.014
90.063 0.013
93.399 0.012
96.735 0.011
100.071 0.010
103.406 0.009
106.742 0.007
110.078 0.006
113.413 0.004
116.749 0.003
120.085 0.002
123.420 0.001
126.756 0.000
130.092 -0.000
133.427 -0.000
136.763 -0.000
140.099 -0.000
143.434 0.000
146.770 0.000
150.106 0.001
153.441 0.001
156.777 0.001
160.113 0.001
163.449 0.001
166.784 0.001
170.120 0.001
173.456 0.000
176.791 -0.000
180.127 -0.001
183.463 -0.002
186.798 -0.003
190.134 -0.005
193.470 -0.006
196.805 -0.007
200.141 -0.008
203.477 -0.008
206.812 -0.007
210.148 -0.007
213.484 -0.006
216.819 -0.005
220.155 -0.004
223.491 -0.003
226.827 -0.003
230.162 -0.003
233.498 -0.003
236.834 -0.004
240.169 -0.004
243.505 -0.005
246.841 -0.005
250.176 -0.005
253.512 -0.005
256.848 -0.005
260.183 -0.004
263.519 -0.003
266.855 -0.003
270.190 -0.002
273.526 -0.002
276.862 -0.002
280.197 -0.003
283.533 -0.004
286.869 -0.005
290.205 -0.006
293.540 -0.008
296.876 -0.009
300.212 -0.009
303.547 -0.010
306.883 -0.011
310.219 -0.011
313.554 -0.011
316.890 -0.012
320.226 -0.013
323.561 -0.013
326.897 -0.014
330.233 -0.015
333.568 -0.016
336.904 -0.017
340.240 -0.019
343.575 -0.020
346.911 -0.021
350.247 -0.022
353.583 -0.023
356.918 -0.024
360.254 -0.025
363.590 -0.026
366.925 -0.027
370.261 -0.027
373.597 -0.027
376.932 -0.027
380.268 -0.026
383.604 -0.026
386.939 -0.026
390.275 -0.026
393.611 -0.026
396.946 -0.027
400.282 -0.027
403.618 -0.028
406.953 -0.029
410.289 -0.029
413.625 -0.029
416.961 -0.029
420.296 -0.030
423.632 -0.030
426.968 -0.030
430.303 -0.030
433.639 -0.031
436.975 -0.031
440.310 -0.031
443.646 -0.032
446.982 -0.032
450.317 -0.033
453.653 -0.032
456.989 -0.030
460.324 -0.028
463.660 -0.025
466.996 -0.022
470.331 -0.018
473.667 -0.015
477.003 -0.012
480.339 -0.009
483.674 -0.006
487.010 -0.004
490.346 -0.002
493.681 -0.001
497.017 0.001
500.353 0.002
503.688 0.003
507.024 0.003
510.360 0.004
513.695 0.004
517.031 0.005
520.367 0.005
523.702 0.005
527.038 0.003
530.374 0.001
533.709 -0.002
537.045 -0.004
540.381 -0.006
543.717 -0.006
547.052 -0.006
550.388 -0.006
553.724 -0.006
557.059 -0.006
560.395 -0.007
563.731 -0.006
567.066 -0.006
570.402 -0.004
573.738 -0.003
577.073 -0.003
580.409 -0.005
583.745 -0.009
587.080 -0.015
590.416 -0.019
593.752 -0.022
597.087 -0.024
600.423 -0.025
603.759 -0.025
607.095 -0.025
610.430 -0.027
613.766 -0.029
617.102 -0.033
620.437 -0.037
623.773 -0.041
627.109 -0.045
630.444 -0.049
633.780 -0.054
637.116 -0.061
640.451 -0.072
643.787 -0.086
647.123 -0.100
650.458 -0.109
653.794 -0.115
657.130 -0.118
660.465 -0.119
663.801 -0.120
667.137 -0.121
670.473 -0.121
673.808 -0.121
677.144 -0.120
680.480 -0.119
683.815 -0.117
687.151 -0.115
690.487 -0.113
693.822 -0.110
697.158 -0.107
700.494 -0.103
703.829 -0.100
707.165 -0.097
710.501 -0.093
713.836 -0.089
717.172 -0.084
720.508 -0.079
723.843 -0.074
727.179 -0.069
730.515 -0.064
733.851 -0.059
737.186 -0.054
740.522 -0.048
743.858 -0.042
747.193 -0.036
750.529 -0.028
753.865 -0.022
757.200 -0.016
760.536 -0.012
763.872 -0.009
767.207 -0.006
770.543 -0.004
773.879 -0.002
777.214 0.001
780.550 0.004
783.886 0.008
787.221 0.012
790.557 0.016
793.893 0.021
797.229 0.027
800.564 0.032
803.900 0.036
807.236 0.040
810.571 0.043
813.907 0.047
817.243 0.050
820.578 0.053
823.914 0.056
827.250 0.058
830.585 0.061
833.921 0.062
837.257 0.063
840.592 0.064
843.928 0.066
847.264 0.067
850.599 0.069
853.935 0.070
857.271 0.071
860.607 0.072
863.942 0.073
867.278 0.073
870.614 0.074
873.949 0.075
877.285 0.075
880.621 0.076
883.956 0.077
887.292 0.078
890.628 0.080
893.963 0.081
897.299 0.082
900.635 0.084
903.970 0.086
907.306 0.088
910.642 0.091
913.977 0.093
917.313 0.095
920.649 0.098
923.985 0.101
927.320 0.104
930.656 0.107
933.992 0.109
937.327 0.111
940.663 0.112
943.999 0.113
947.334 0.113
950.670 0.112
954.006 0.112
957.341 0.111
960.677 0.109
964.013 0.108
967.348 0.107
970.684 0.105
974.020 0.103
977.355 0.102
980.691 0.100
984.027 0.099
987.363 0.097
990.698 0.096
994.034 0.095
997.370 0.094
1000.705 0.092
1004.041 0.091
1007.377 0.090
1010.712 0.089
1014.048 0.088
1017.384 0.088
1020.719 0.088
1024.055 0.089
1027.391 0.091
1030.726 0.092
1034.062 0.095
1037.398 0.097
1040.733 0.100
1044.069 0.103
1047.405 0.106
1050.741 0.110
1054.076 0.113
1057.412 0.116
1060.748 0.120
1064.083 0.123
1067.419 0.126
1070.755 0.130
1074.090 0.133
1077.426 0.136
1080.762 0.139
1084.097 0.141
1087.433 0.144
1090.769 0.146
1094.104 0.149
1097.440 0.151
1100.776 0.153
1104.111 0.155
1107.447 0.157
1110.783 0.158
1114.119 0.160
1117.454 0.162
1120.790 0.163
1124.126 0.164
1127.461 0.165
1130.797 0.165
1134.133 0.166
1137.468 0.166
1140.804 0.167
1144.140 0.168
1147.475 0.168
1150.811 0.170
1154.147 0.171
1157.482 0.172
1160.818 0.173
1164.154 0.175
1167.489 0.176
1170.825 0.176
1174.161 0.177
1177.497 0.177
1180.832 0.177
1184.168 0.177
1187.504 0.176
1190.839 0.173
1194.175 0.166
1197.511 0.153
1200.846 0.138
1204.182 0.124
1207.518 0.115
1210.853 0.110
1214.189 0.108
1217.525 0.107
1220.860 0.105
1224.196 0.102
1227.532 0.099
1230.867 0.095
1234.203 0.092
1237.539 0.088
1240.875 0.085
1244.210 0.081
1247.546 0.076
1250.882 0.070
1254.217 0.064
1257.553 0.056
1260.889 0.049
1264.224 0.044
1267.560 0.041
1270.896 0.041
1274.231 0.044
1277.567 0.045
1280.903 0.046
1284.238 0.047
1287.574 0.048
1290.910 0.048
1294.245 0.048
1297.581 0.049
1300.917 0.049
1304.253 0.049
1307.588 0.049
1310.924 0.050
1314.260 0.050
1317.595 0.050
1320.931 0.050
1324.267 0.051
1327.602 0.051
