0.000 -0.017
3.336 -0.017
6.671 -0.016
10.007 -0.016
13.343 -0.015
16.678 -0.015
20.014 -0.014
23.350 -0.014
26.685 -0.014
30.021 -0.013
33.357 -0.013
36.693 -0.013
40.028 -0.013
43.364 -0.013
46.700 -0.012
50.035 -0.011
53.371 -0.008
56.707 0.001
60.042 0.004
63.378 0.007
66.714 0.009
70.049 0.010
73.385 0.011
76.721 0.012
80.056 0.012
83.392 0.012
86.728 0.011
90.063 0.010
93.399 0.008
96.735 0.006
100.071 0.004
103.406 0.001
106.742 -0.001
110.078 -0.003
113.413 -0.006
116.749 -0.008
120.085 -0.011
123.420 -0.015
126.756 -0.020
130.092 -0.026
133.427 -0.033
136.763 -0.041
140.099 -0.049
143.434 -0.056
146.770 -0.064
150.106 -0.070
153.441 -0.076
156.777 -0.081
160.113 -0.085
163.449 -0.090
166.784 -0.094
170.120 -0.098
173.456 -0.101
176.791 -0.105
180.127 -0.109
183.463 -0.114
186.798 -0.118
190.134 -0.124
193.470 -0.129
196.805 -0.133
200.141 -0.137
203.477 -0.141
206.812 -0.144
210.148 -0.147
213.484 -0.149
216.819 -0.153
220.155 -0.156
223.491 -0.160
226.827 -0.164
230.162 -0.169
233.498 -0.174
236.834 -0.179
240.169 -0.183
243.505 -0.187
246.841 -0.190
250.176 -0.192
253.512 -0.195
256.848 -0.197
260.183 -0.199
263.519 -0.201
266.855 -0.203
270.190 -0.206
273.526 -0.207
276.862 -0.208
280.197 -0.208
283.533 -0.207
286.869 -0.204
290.205 -0.200
293.540 -0.194
296.876 -0.187
300.212 -0.180
303.547 -0.172
306.883 -0.165
310.219 -0.158
313.554 -0.151
316.890 -0.144
320.226 -0.138
323.561 -0.132
326.897 -0.127
330.233 -0.122
333.568 -0.116
336.904 -0.110
340.240 -0.103
343.575 -0.094
346.911 -0.083
350.247 -0.070
353.583 -0.057
356.918 -0.044
360.254 -0.033
363.590 -0.026
366.925 -0.020
370.261 -0.017
373.597 -0.014
376.932 -0.011
380.268 -0.008
383.604 -0.005
386.939 -0.003
390.275 -0.000
393.611 0.002
396.946 0.003
400.282 0.005
403.618 0.006
406.953 0.007
410.289 0.007
413.625 0.007
416.961 0.007
420.296 0.006
423.632 0.005
426.968 0.004
430.303 0.003
433.639 0.002
436.975 0.001
440.310 0.001
443.646 -0.000
446.982 -0.001
450.317 -0.002
453.653 -0.003
456.989 -0.004
460.324 -0.006
463.660 -0.007
466.996 -0.008
470.331 -0.008
473.667 -0.008
477.003 -0.008
480.339 -0.007
483.674 -0.005
487.010 -0.004
490.346 -0.003
493.681 -0.003
497.017 -0.002
500.353 -0.002
503.688 -0.002
507.024 -0.001
510.360 -0.001
513.695 -0.001
517.031 -0.000
520.367 0.000
523.702 0.001
527.038 0.002
530.374 0.002
533.709 0.003
537.045 0.004
540.381 0.006
543.717 0.008
547.052 0.010
550.388 0.012
553.724 0.013
557.059 0.015
560.395 0.017
563.731 0.018
567.066 0.021
570.402 0.024
573.738 0.028
577.073 0.033
580.409 0.038
583.745 0.044
587.080 0.049
590.416 0.055
593.752 0.060
597.087 0.066
600.423 0.071
603.759 0.076
607.095 0.081
610.430 0.086
613.766 0.091
617.102 0.094
620.437 0.096
623.773 0.096
627.109 0.095
630.444 0.093
633.780 0.090
637.116 0.088
640.451 0.086
643.787 0.085
647.123 0.085
650.458 0.084
653.794 0.082
657.130 0.079
660.465 0.074
663.801 0.068
667.137 0.062
670.473 0.055
673.808 0.048
677.144 0.040
680.480 0.031
683.815 0.018
687.151 0.001
690.487 -0.016
693.822 -0.031
697.158 -0.043
700.494 -0.051
703.829 -0.057
707.165 -0.059
710.501 -0.059
713.836 -0.056
717.172 -0.053
720.508 -0.053
723.843 -0.058
727.179 -0.068
730.515 -0.085
733.851 -0.107
737.186 -0.134
740.522 -0.160
743.858 -0.177
747.193 -0.183
750.529 -0.183
753.865 -0.182
757.200 -0.180
760.536 -0.178
763.872 -0.176
767.207 -0.173
770.543 -0.169
773.879 -0.164
777.214 -0.160
780.550 -0.156
783.886 -0.153
787.221 -0.150
790.557 -0.146
793.893 -0.143
797.229 -0.140
800.564 -0.137
803.900 -0.135
807.236 -0.133
810.571 -0.132
813.907 -0.130
817.243 -0.126
820.578 -0.118
823.914 -0.105
827.250 -0.087
830.585 -0.069
833.921 -0.054
837.257 -0.043
840.592 -0.036
843.928 -0.031
847.264 -0.027
850.599 -0.023
853.935 -0.019
857.271 -0.014
860.607 -0.010
863.942 -0.005
867.278 0.000
870.614 0.007
873.949 0.014
877.285 0.023
880.621 0.032
883.956 0.044
887.292 0.056
890.628 0.069
893.963 0.081
897.299 0.090
900.635 0.097
903.970 0.101
907.306 0.104
910.642 0.104
913.977 0.104
917.313 0.104
920.649 0.103
923.985 0.103
927.320 0.102
930.656 0.101
933.992 0.100
937.327 0.099
940.663 0.098
943.999 0.097
947.334 0.096
950.670 0.096
954.006 0.095
957.341 0.094
960.677 0.094
964.013 0.094
967.348 0.093
970.684 0.092
974.020 0.091
977.355 0.089
980.691 0.088
984.027 0.087
987.363 0.086
990.698 0.085
994.034 0.084
997.370 0.082
1000.705 0.080
1004.041 0.077
1007.377 0.074
1010.712 0.070
1014.048 0.066
1017.384 0.062
1020.719 0.058
1024.055 0.053
1027.391 0.048
1030.726 0.043
1034.062 0.038
1037.398 0.032
1040.733 0.027
1044.069 0.022
1047.405 0.016
1050.741 0.011
1054.076 0.006
1057.412 0.001
1060.748 -0.004
1064.083 -0.008
1067.419 -0.012
1070.755 -0.015
1074.090 -0.018
1077.426 -0.021
1080.762 -0.024
1084.097 -0.026
1087.433 -0.028
1090.769 -0.029
1094.104 -0.030
1097.440 -0.032
1100.776 -0.033
1104.111 -0.034
1107.447 -0.036
1110.783 -0.037
1114.119 -0.039
1117.454 -0.040
1120.790 -0.041
1124.126 -0.042
1127.461 -0.043
1130.797 -0.044
1134.133 -0.045
1137.468 -0.046
1140.804 -0.048
1144.140 -0.051
1147.475 -0.057
1150.811 -0.063
1154.147 -0.070
1157.482 -0.077
1160.818 -0.084
1164.154 -0.091
1167.489 -0.098
1170.825 -0.103
1174.161 -0.106
1177.497 -0.108
1180.832 -0.109
1184.168 -0.109
1187.504 -0.109
1190.839 -0.109
1194.175 -0.110
1197.511 -0.111
1200.846 -0.115
1204.182 -0.118
1207.518 -0.122
1210.853 -0.124
1214.189 -0.124
1217.525 -0.121
1220.860 -0.116
1224.196 -0.109
1227.532 -0.100
1230.867 -0.091
1234.203 -0.082
1237.539 -0.074
1240.875 -0.065
1244.210 -0.057
1247.546 -0.048
1250.882 -0.039
1254.217 -0.031
1257.553 -0.024
1260.889 -0.018
1264.224 -0.013
1267.560 -0.009
1270.896 -0.005
1274.231 0.020
1277.567 0.020
1280.903 0.019
1284.238 0.019
1287.574 0.019
1290.910 0.020
1294.245 0.021
1297.581 0.021
1300.917 0.023
1304.253 0.024
1307.588 0.025
1310.924 0.026
1314.260 0.026
1317.595 0.027
1320.931 0.028
1324.267 0.029
1327.602 0.029
