0.000 -0.033
3.336 -0.033
6.671 -0.033
10.007 -0.033
13.343 -0.032
16.678 -0.032
20.014 -0.032
23.350 -0.032
26.685 -0.032
30.021 -0.032
33.357 -0.032
36.693 -0.032
40.028 -0.032
43.364 -0.032
46.700 -0.032
50.035 -0.032
53.371 -0.032
56.707 -0.029
60.042 -0.028
63.378 -0.026
66.714 -0.025
70.049 -0.024
73.385 -0.023
76.721 -0.024
80.056 -0.024
83.392 -0.025
86.728 -0.026
90.063 -0.026
93.399 -0.027
96.735 -0.027
100.071 -0.027
103.406 -0.027
106.742 -0.027
110.078 -0.029
113.413 -0.030
116.749 -0.032
120.085 -0.034
123.420 -0.036
126.756 -0.039
130.092 -0.041
133.427 -0.046
136.763 -0.051
140.099 -0.058
143.434 -0.063
146.770 -0.064
150.106 -0.063
153.441 -0.060
156.777 -0.059
160.113 -0.058
163.449 -0.057
166.784 -0.057
170.120 -0.057
173.456 -0.058
176.791 -0.060
180.127 -0.062
183.463 -0.063
186.798 -0.063
190.134 -0.060
193.470 -0.054
196.805 -0.049
200.141 -0.045
203.477 -0.043
206.812 -0.040
210.148 -0.037
213.484 -0.033
216.819 -0.030
220.155 -0.028
223.491 -0.026
226.827 -0.025
230.162 -0.023
233.498 -0.022
236.834 -0.021
240.169 -0.020
243.505 -0.019
246.841 -0.018
250.176 -0.016
253.512 -0.014
256.848 -0.012
260.183 -0.010
263.519 -0.008
266.855 -0.006
270.190 -0.004
273.526 -0.002
276.862 -0.001
280.197 0.000
283.533 0.001
286.869 0.001
290.205 0.002
293.540 0.002
296.876 0.003
300.212 0.003
303.547 0.003
306.883 0.003
310.219 0.003
313.554 0.004
316.890 0.004
320.226 0.004
323.561 0.004
326.897 0.003
330.233 0.003
333.568 0.003
336.904 0.003
340.240 0.003
343.575 0.003
346.911 0.002
350.247 0.002
353.583 0.002
356.918 0.001
360.254 0.001
363.590 0.001
366.925 0.001
370.261 0.001
373.597 0.001
376.932 0.001
380.268 0.001
383.604 0.001
386.939 0.001
390.275 0.001
393.611 0.001
396.946 0.001
400.282 0.001
403.618 0.001
406.953 0.001
410.289 0.001
413.625 0.001
416.961 0.001
420.296 0.001
423.632 0.001
426.968 0.001
430.303 0.001
433.639 0.000
436.975 0.000
440.310 0.000
443.646 0.000
446.982 0.000
450.317 0.000
453.653 0.000
456.989 -0.000
460.324 -0.000
463.660 -0.001
466.996 -0.001
470.331 -0.001
473.667 -0.001
477.003 -0.001
480.339 -0.001
483.674 -0.001
487.010 -0.001
490.346 -0.001
493.681 -0.001
497.017 -0.001
500.353 -0.001
503.688 -0.001
507.024 -0.001
510.360 -0.000
513.695 -0.000
517.031 -0.000
520.367 0.000
523.702 0.000
527.038 0.000
530.374 0.000
533.709 0.001
537.045 0.001
540.381 0.001
543.717 0.001
547.052 0.002
550.388 0.002
553.724 0.003
557.059 0.004
560.395 0.005
563.731 0.006
567.066 0.008
570.402 0.009
573.738 0.011
577.073 0.012
580.409 0.013
583.745 0.014
587.080 0.015
590.416 0.016
593.752 0.017
597.087 0.019
600.423 0.021
603.759 0.025
607.095 0.029
610.430 0.034
613.766 0.039
617.102 0.042
620.437 0.045
623.773 0.048
627.109 0.050
630.444 0.052
633.780 0.054
637.116 0.056
640.451 0.058
643.787 0.059
647.123 0.060
650.458 0.060
653.794 0.060
657.130 0.059
660.465 0.059
663.801 0.060
667.137 0.060
670.473 0.061
673.808 0.061
677.144 0.060
680.480 0.058
683.815 0.056
687.151 0.053
690.487 0.052
693.822 0.051
697.158 0.050
700.494 0.050
703.829 0.050
707.165 0.049
710.501 0.046
713.836 0.043
717.172 0.040
720.508 0.038
723.843 0.037
727.179 0.036
730.515 0.035
733.851 0.034
737.186 0.033
740.522 0.031
743.858 0.028
747.193 0.024
750.529 0.021
753.865 0.018
757.200 0.015
760.536 0.013
763.872 0.011
767.207 0.010
770.543 0.009
773.879 0.008
777.214 0.008
780.550 0.007
783.886 0.006
787.221 0.006
790.557 0.005
793.893 0.004
797.229 0.003
800.564 0.002
803.900 0.002
807.236 0.001
810.571 0.001
813.907 0.001
817.243 0.000
820.578 0.000
823.914 -0.000
827.250 -0.000
830.585 -0.000
833.921 -0.000
837.257 -0.000
840.592 -0.001
843.928 -0.001
847.264 -0.001
850.599 -0.000
853.935 -0.000
857.271 0.000
860.607 0.000
863.942 0.000
867.278 -0.000
870.614 -0.001
873.949 -0.002
877.285 -0.003
880.621 -0.004
883.956 -0.005
887.292 -0.005
890.628 -0.006
893.963 -0.006
897.299 -0.006
900.635 -0.006
903.970 -0.006
907.306 -0.005
910.642 -0.005
913.977 -0.005
917.313 -0.005
920.649 -0.004
923.985 -0.004
927.320 -0.004
930.656 -0.004
933.992 -0.003
937.327 -0.003
940.663 -0.002
943.999 -0.002
947.334 -0.002
950.670 -0.002
954.006 -0.002
957.341 -0.002
960.677 -0.002
964.013 -0.002
967.348 -0.002
970.684 -0.003
974.020 -0.003
977.355 -0.003
980.691 -0.004
984.027 -0.004
987.363 -0.006
990.698 -0.007
994.034 -0.009
997.370 -0.010
1000.705 -0.011
1004.041 -0.013
1007.377 -0.014
1010.712 -0.015
1014.048 -0.016
1017.384 -0.017
1020.719 -0.018
1024.055 -0.020
1027.391 -0.021
1030.726 -0.022
1034.062 -0.023
1037.398 -0.024
1040.733 -0.024
1044.069 -0.025
1047.405 -0.024
1050.741 -0.024
1054.076 -0.023
1057.412 -0.022
1060.748 -0.021
1064.083 -0.020
1067.419 -0.019
1070.755 -0.017
1074.090 -0.016
1077.426 -0.015
1080.762 -0.013
1084.097 -0.012
1087.433 -0.011
1090.769 -0.010
1094.104 -0.009
1097.440 -0.008
1100.776 -0.007
1104.111 -0.005
1107.447 -0.004
1110.783 -0.002
1114.119 -0.001
1117.454 -0.001
1120.790 -0.000
1124.126 -0.000
1127.461 -0.000
1130.797 -0.000
1134.133 -0.000
1137.468 0.000
1140.804 0.000
1144.140 0.001
1147.475 0.001
1150.811 0.001
1154.147 0.002
1157.482 0.002
1160.818 0.003
1164.154 0.003
1167.489 0.003
1170.825 0.004
1174.161 0.004
1177.497 0.005
1180.832 0.005
1184.168 0.005
1187.504 0.005
1190.839 0.006
1194.175 0.005
1197.511 0.003
1200.846 -0.001
1204.182 -0.007
1207.518 -0.013
1210.853 -0.019
1214.189 -0.022
1217.525 -0.024
1220.860 -0.024
1224.196 -0.024
1227.532 -0.025
1230.867 -0.025
1234.203 -0.026
1237.539 -0.027
1240.875 -0.028
1244.210 -0.030
1247.546 -0.032
1250.882 -0.035
1254.217 -0.038
1257.553 -0.041
1260.889 -0.043
1264.224 -0.045
1267.560 -0.046
1270.896 -0.046
1274.231 -0.044
1277.567 -0.045
1280.903 -0.045
1284.238 -0.045
1287.574 -0.045
1290.910 -0.045
1294.245 -0.045
1297.581 -0.044
1300.917 -0.044
1304.253 -0.044
1307.588 -0.044
1310.924 -0.044
1314.260 -0.044
1317.595 -0.044
1320.931 -0.044
1324.267 -0.044
1327.602 -0.044
