0.000 -0.067
3.336 -0.066
6.671 -0.065
10.007 -0.065
13.343 -0.064
16.678 -0.063
20.014 -0.062
23.350 -0.062
26.685 -0.061
30.021 -0.061
33.357 -0.061
36.693 -0.061
40.028 -0.061
43.364 -0.062
46.700 -0.062
50.035 -0.063
53.371 -0.062
56.707 -0.044
60.042 -0.039
63.378 -0.034
66.714 -0.029
70.049 -0.025
73.385 -0.022
76.721 -0.019
80.056 -0.018
83.392 -0.017
86.728 -0.016
90.063 -0.015
93.399 -0.014
96.735 -0.013
100.071 -0.012
103.406 -0.011
106.742 -0.010
110.078 -0.009
113.413 -0.009
116.749 -0.008
120.085 -0.008
123.420 -0.007
126.756 -0.006
130.092 -0.004
133.427 -0.002
136.763 0.000
140.099 0.003
143.434 0.008
146.770 0.012
150.106 0.017
153.441 0.022
156.777 0.026
160.113 0.028
163.449 0.029
166.784 0.029
170.120 0.029
173.456 0.029
176.791 0.028
180.127 0.028
183.463 0.028
186.798 0.028
190.134 0.029
193.470 0.029
196.805 0.029
200.141 0.028
203.477 0.027
206.812 0.024
210.148 0.020
213.484 0.015
216.819 0.008
220.155 0.001
223.491 -0.007
226.827 -0.014
230.162 -0.021
233.498 -0.027
236.834 -0.032
240.169 -0.036
243.505 -0.040
246.841 -0.043
250.176 -0.046
253.512 -0.050
256.848 -0.053
260.183 -0.056
263.519 -0.059
266.855 -0.061
270.190 -0.062
273.526 -0.063
276.862 -0.063
280.197 -0.063
283.533 -0.063
286.869 -0.063
290.205 -0.061
293.540 -0.059
296.876 -0.056
300.212 -0.052
303.547 -0.048
306.883 -0.043
310.219 -0.039
313.554 -0.034
316.890 -0.029
320.226 -0.023
323.561 -0.017
326.897 -0.012
330.233 -0.006
333.568 -0.001
336.904 0.004
340.240 0.007
343.575 0.010
346.911 0.012
350.247 0.015
353.583 0.017
356.918 0.019
360.254 0.021
363.590 0.023
366.925 0.024
370.261 0.026
373.597 0.027
376.932 0.027
380.268 0.026
383.604 0.025
386.939 0.024
390.275 0.023
393.611 0.022
396.946 0.020
400.282 0.019
403.618 0.018
406.953 0.017
410.289 0.016
413.625 0.015
416.961 0.014
420.296 0.013
423.632 0.012
426.968 0.012
430.303 0.011
433.639 0.010
436.975 0.009
440.310 0.007
443.646 0.005
446.982 0.002
450.317 -0.002
453.653 -0.007
456.989 -0.012
460.324 -0.016
463.660 -0.021
466.996 -0.025
470.331 -0.030
473.667 -0.034
477.003 -0.038
480.339 -0.042
483.674 -0.046
487.010 -0.049
490.346 -0.051
493.681 -0.053
497.017 -0.054
500.353 -0.056
503.688 -0.057
507.024 -0.058
510.360 -0.058
513.695 -0.059
517.031 -0.058
520.367 -0.057
523.702 -0.055
527.038 -0.053
530.374 -0.050
533.709 -0.047
537.045 -0.044
540.381 -0.041
543.717 -0.038
547.052 -0.033
550.388 -0.029
553.724 -0.024
557.059 -0.021
560.395 -0.017
563.731 -0.015
567.066 -0.012
570.402 -0.010
573.738 -0.008
577.073 -0.007
580.409 -0.005
583.745 -0.005
587.080 -0.004
590.416 -0.003
593.752 -0.002
597.087 -0.002
600.423 -0.001
603.759 -0.000
607.095 0.001
610.430 0.002
613.766 0.003
617.102 0.005
620.437 0.009
623.773 0.012
627.109 0.016
630.444 0.020
633.780 0.023
637.116 0.026
640.451 0.030
643.787 0.033
647.123 0.036
650.458 0.038
653.794 0.040
657.130 0.041
660.465 0.041
663.801 0.041
667.137 0.041
670.473 0.042
673.808 0.043
677.144 0.044
680.480 0.045
683.815 0.045
687.151 0.045
690.487 0.043
693.822 0.040
697.158 0.037
700.494 0.033
703.829 0.029
707.165 0.026
710.501 0.025
713.836 0.024
717.172 0.025
720.508 0.026
723.843 0.028
727.179 0.030
730.515 0.033
733.851 0.036
737.186 0.039
740.522 0.041
743.858 0.043
747.193 0.045
750.529 0.046
753.865 0.047
757.200 0.048
760.536 0.049
763.872 0.050
767.207 0.051
770.543 0.053
773.879 0.054
777.214 0.054
780.550 0.053
783.886 0.051
787.221 0.049
790.557 0.045
793.893 0.042
797.229 0.038
800.564 0.035
803.900 0.031
807.236 0.028
810.571 0.025
813.907 0.023
817.243 0.020
820.578 0.018
823.914 0.016
827.250 0.015
830.585 0.013
833.921 0.012
837.257 0.011
840.592 0.009
843.928 0.008
847.264 0.006
850.599 0.005
853.935 0.003
857.271 0.002
860.607 0.001
863.942 0.000
867.278 -0.000
870.614 -0.000
873.949 -0.001
877.285 -0.001
880.621 -0.001
883.956 -0.001
887.292 -0.002
890.628 -0.003
893.963 -0.003
897.299 -0.004
900.635 -0.005
903.970 -0.005
907.306 -0.006
910.642 -0.007
913.977 -0.007
917.313 -0.008
920.649 -0.009
923.985 -0.009
927.320 -0.009
930.656 -0.009
933.992 -0.009
937.327 -0.008
940.663 -0.008
943.999 -0.007
947.334 -0.007
950.670 -0.007
954.006 -0.008
957.341 -0.009
960.677 -0.011
964.013 -0.012
967.348 -0.013
970.684 -0.015
974.020 -0.015
977.355 -0.016
980.691 -0.016
984.027 -0.015
987.363 -0.015
990.698 -0.014
994.034 -0.014
997.370 -0.014
1000.705 -0.014
1004.041 -0.014
1007.377 -0.014
1010.712 -0.016
1014.048 -0.017
1017.384 -0.017
1020.719 -0.017
1024.055 -0.016
1027.391 -0.014
1030.726 -0.012
1034.062 -0.009
1037.398 -0.005
1040.733 -0.003
1044.069 -0.000
1047.405 0.002
1050.741 0.003
1054.076 0.004
1057.412 0.004
1060.748 0.004
1064.083 0.003
1067.419 0.003
1070.755 0.003
1074.090 0.002
1077.426 0.002
1080.762 0.003
1084.097 0.003
1087.433 0.004
1090.769 0.004
1094.104 0.005
1097.440 0.005
1100.776 0.005
1104.111 0.005
1107.447 0.004
1110.783 0.003
1114.119 0.003
1117.454 0.002
1120.790 0.002
1124.126 0.003
1127.461 0.004
1130.797 0.006
1134.133 0.008
1137.468 0.010
1140.804 0.013
1144.140 0.016
1147.475 0.019
1150.811 0.021
1154.147 0.023
1157.482 0.024
1160.818 0.025
1164.154 0.026
1167.489 0.027
1170.825 0.029
1174.161 0.030
1177.497 0.032
1180.832 0.034
1184.168 0.036
1187.504 0.038
1190.839 0.041
1194.175 0.043
1197.511 0.045
1200.846 0.046
1204.182 0.046
1207.518 0.045
1210.853 0.043
1214.189 0.041
1217.525 0.038
1220.860 0.034
1224.196 0.031
1227.532 0.027
1230.867 0.024
1234.203 0.021
1237.539 0.018
1240.875 0.015
1244.210 0.013
1247.546 0.011
1250.882 0.009
1254.217 0.008
1257.553 0.006
1260.889 0.005
1264.224 0.003
1267.560 0.002
1270.896 0.002
1274.231 0.004
1277.567 0.004
1280.903 0.004
1284.238 0.004
1287.574 0.003
1290.910 0.004
1294.245 0.004
1297.581 0.004
1300.917 0.004
1304.253 0.004
1307.588 0.005
1310.924 0.005
1314.260 0.006
1317.595 0.006
1320.931 0.006
1324.267 0.007
1327.602 0.007
