0.000 0.098
3.336 0.097
6.671 0.097
10.007 0.096
13.343 0.096
16.678 0.095
20.014 0.095
23.350 0.094
26.685 0.094
30.021 0.093
33.357 0.093
36.693 0.093
40.028 0.093
43.364 0.093
46.700 0.094
50.035 0.094
53.371 0.094
56.707 0.078
60.042 0.073
63.378 0.069
66.714 0.064
70.049 0.060
73.385 0.056
76.721 0.053
80.056 0.050
83.392 0.047
86.728 0.044
90.063 0.041
93.399 0.038
96.735 0.035
100.071 0.033
103.406 0.031
106.742 0.029
110.078 0.027
113.413 0.025
116.749 0.024
120.085 0.024
123.420 0.024
126.756 0.025
130.092 0.027
133.427 0.028
136.763 0.030
140.099 0.031
143.434 0.032
146.770 0.034
150.106 0.035
153.441 0.035
156.777 0.036
160.113 0.037
163.449 0.038
166.784 0.038
170.120 0.038
173.456 0.037
176.791 0.036
180.127 0.035
183.463 0.032
186.798 0.030
190.134 0.028
193.470 0.025
196.805 0.023
200.141 0.020
203.477 0.018
206.812 0.015
210.148 0.012
213.484 0.009
216.819 0.006
220.155 0.004
223.491 0.002
226.827 0.001
230.162 -0.001
233.498 -0.001
236.834 -0.002
240.169 -0.002
243.505 -0.002
246.841 -0.002
250.176 -0.002
253.512 -0.002
256.848 -0.001
260.183 -0.001
263.519 -0.000
266.855 0.000
270.190 0.001
273.526 0.001
276.862 0.001
280.197 0.002
283.533 0.002
286.869 0.002
290.205 0.002
293.540 0.002
296.876 0.001
300.212 -0.001
303.547 -0.003
306.883 -0.006
310.219 -0.009
313.554 -0.013
316.890 -0.016
320.226 -0.020
323.561 -0.023
326.897 -0.026
330.233 -0.029
333.568 -0.032
336.904 -0.034
340.240 -0.036
343.575 -0.038
346.911 -0.039
350.247 -0.041
353.583 -0.042
356.918 -0.044
360.254 -0.045
363.590 -0.046
366.925 -0.047
370.261 -0.047
373.597 -0.046
376.932 -0.045
380.268 -0.044
383.604 -0.042
386.939 -0.039
390.275 -0.037
393.611 -0.035
396.946 -0.032
400.282 -0.030
403.618 -0.027
406.953 -0.024
410.289 -0.022
413.625 -0.019
416.961 -0.016
420.296 -0.014
423.632 -0.012
426.968 -0.010
430.303 -0.008
433.639 -0.007
436.975 -0.005
440.310 -0.003
443.646 -0.000
446.982 0.003
450.317 0.006
453.653 0.010
456.989 0.015
460.324 0.020
463.660 0.026
466.996 0.032
470.331 0.038
473.667 0.044
477.003 0.049
480.339 0.054
483.674 0.058
487.010 0.062
490.346 0.066
493.681 0.069
497.017 0.071
500.353 0.073
503.688 0.074
507.024 0.074
510.360 0.075
513.695 0.075
517.031 0.075
520.367 0.075
523.702 0.075
527.038 0.075
530.374 0.073
533.709 0.072
537.045 0.069
540.381 0.067
543.717 0.065
547.052 0.062
550.388 0.060
553.724 0.057
557.059 0.054
560.395 0.051
563.731 0.048
567.066 0.045
570.402 0.042
573.738 0.039
577.073 0.036
580.409 0.034
583.745 0.032
587.080 0.031
590.416 0.029
593.752 0.028
597.087 0.027
600.423 0.025
603.759 0.023
607.095 0.021
610.430 0.018
613.766 0.016
617.102 0.013
620.437 0.011
623.773 0.010
627.109 0.009
630.444 0.009
633.780 0.011
637.116 0.013
640.451 0.016
643.787 0.019
647.123 0.022
650.458 0.026
653.794 0.028
657.130 0.030
660.465 0.031
663.801 0.032
667.137 0.033
670.473 0.033
673.808 0.033
677.144 0.034
680.480 0.034
683.815 0.034
687.151 0.034
690.487 0.034
693.822 0.033
697.158 0.032
700.494 0.031
703.829 0.030
707.165 0.030
710.501 0.029
713.836 0.030
717.172 0.031
720.508 0.032
723.843 0.035
727.179 0.037
730.515 0.041
733.851 0.045
737.186 0.050
740.522 0.054
743.858 0.059
747.193 0.063
750.529 0.066
753.865 0.069
757.200 0.070
760.536 0.070
763.872 0.070
767.207 0.070
770.543 0.069
773.879 0.068
777.214 0.066
780.550 0.064
783.886 0.061
787.221 0.058
790.557 0.055
793.893 0.052
797.229 0.048
800.564 0.044
803.900 0.040
807.236 0.036
810.571 0.031
813.907 0.027
817.243 0.023
820.578 0.020
823.914 0.018
827.250 0.016
830.585 0.015
833.921 0.014
837.257 0.013
840.592 0.011
843.928 0.010
847.264 0.008
850.599 0.007
853.935 0.005
857.271 0.004
860.607 0.003
863.942 0.002
867.278 0.001
870.614 0.000
873.949 -0.000
877.285 -0.001
880.621 -0.002
883.956 -0.004
887.292 -0.005
890.628 -0.007
893.963 -0.008
897.299 -0.010
900.635 -0.011
903.970 -0.011
907.306 -0.012
910.642 -0.013
913.977 -0.013
917.313 -0.013
920.649 -0.013
923.985 -0.013
927.320 -0.012
930.656 -0.011
933.992 -0.009
937.327 -0.008
940.663 -0.006
943.999 -0.005
947.334 -0.004
950.670 -0.003
954.006 -0.002
957.341 -0.003
960.677 -0.004
964.013 -0.006
967.348 -0.008
970.684 -0.011
974.020 -0.014
977.355 -0.016
980.691 -0.019
984.027 -0.020
987.363 -0.021
990.698 -0.022
994.034 -0.022
997.370 -0.023
1000.705 -0.023
1004.041 -0.024
1007.377 -0.025
1010.712 -0.027
1014.048 -0.029
1017.384 -0.031
1020.719 -0.033
1024.055 -0.036
1027.391 -0.038
1030.726 -0.039
1034.062 -0.040
1037.398 -0.040
1040.733 -0.040
1044.069 -0.039
1047.405 -0.037
1050.741 -0.036
1054.076 -0.034
1057.412 -0.032
1060.748 -0.031
1064.083 -0.030
1067.419 -0.029
1070.755 -0.029
1074.090 -0.030
1077.426 -0.030
1080.762 -0.030
1084.097 -0.030
1087.433 -0.030
1090.769 -0.029
1094.104 -0.027
1097.440 -0.024
1100.776 -0.019
1104.111 -0.013
1107.447 -0.007
1110.783 0.000
1114.119 0.007
1117.454 0.014
1120.790 0.021
1124.126 0.027
1127.461 0.032
1130.797 0.036
1134.133 0.040
1137.468 0.043
1140.804 0.046
1144.140 0.049
1147.475 0.051
1150.811 0.054
1154.147 0.057
1157.482 0.059
1160.818 0.061
1164.154 0.062
1167.489 0.060
1170.825 0.057
1174.161 0.050
1177.497 0.041
1180.832 0.032
1184.168 0.023
1187.504 0.015
1190.839 0.007
1194.175 -0.002
1197.511 -0.011
1200.846 -0.021
1204.182 -0.030
1207.518 -0.040
1210.853 -0.046
1214.189 -0.050
1217.525 -0.049
1220.860 -0.047
1224.196 -0.043
1227.532 -0.041
1230.867 -0.041
1234.203 -0.042
1237.539 -0.043
1240.875 -0.044
1244.210 -0.043
1247.546 -0.041
1250.882 -0.037
1254.217 -0.033
1257.553 -0.029
1260.889 -0.024
1264.224 -0.020
1267.560 -0.014
1270.896 -0.007
1274.231 0.012
1277.567 0.012
1280.903 0.012
1284.238 0.013
1287.574 0.013
1290.910 0.013
1294.245 0.013
1297.581 0.014
1300.917 0.014
1304.253 0.014
1307.588 0.014
1310.924 0.013
1314.260 0.013
1317.595 0.013
1320.931 0.013
1324.267 0.012
1327.602 0.012
