0.0 0.0
3.331 0.0
6.662 1.9043999999999717
9.993 1.2807089999999812
13.323 1.2807089999999812
16.654 0.8807850000000412
19.985 0.4951439999999983
23.316 0.4951439999999983
26.647 1.2949920000000354
29.978 0.3094650000000215
33.309 0.21424500000001034
36.64 0.21424500000001034
39.97 0.21424500000001034
43.301 0.8569799999999708
46.632 5.046660000000006
49.963 11.045519999999895
53.294 20.75796000000002
56.625 29.789576999999934
59.956 39.90194099999995
63.287 55.19427299999973
66.617 69.93432900000002
69.948 77.49003599999978
73.279 77.49003599999978
76.61 77.49003599999978
79.941 77.49003599999978
83.272 92.34435599999972
86.603 103.18991399999977
89.934 103.18991399999977
93.264 92.34435599999972
96.595 111.20267699999984
99.926 135.29809799999958
103.257 137.62146599999983
106.588 147.21964199999985
109.919 147.21964199999985
113.25 131.11793999999966
116.581 129.58013699999992
119.911 127.06632899999975
123.242 127.23772499999968
126.573 127.23772499999968
129.904 127.23772499999968
133.235 127.23772499999968
136.566 127.23772499999968
139.897 142.37770499999968
143.228 155.02292099999974
146.558 155.02292099999974
149.889 164.73059999999955
153.22 164.73059999999955
156.551 164.73059999999955
159.882 164.73059999999955
163.213 164.73059999999955
166.544 164.73059999999955
169.875 164.73059999999955
173.205 168.6584249999996
176.536 168.6584249999996
179.867 176.01416999999987
183.198 176.01416999999987
186.529 168.5632049999997
189.86 144.54872099999983
193.191 144.54872099999983
196.522 144.54872099999983
199.852 144.54872099999983
203.183 144.54872099999983
206.514 138.3213329999997
209.845 138.3213329999997
213.176 139.86865799999975
216.507 139.86865799999975
219.838 139.86865799999975
223.169 127.76619599999952
226.499 127.2567689999998
229.83 112.28818499999984
233.161 125.5475699999997
236.492 153.8612369999998
239.823 153.8612369999998
243.154 153.8612369999998
246.485 162.2215529999998
249.816 142.37770499999982
253.146 164.17832399999972
256.477 164.17832399999972
259.808 184.51731599999943
263.139 206.22747599999948
266.47 233.28899999999967
269.801 238.66892999999962
273.132 273.5670599999995
276.463 302.4615689999995
279.793 302.4615689999995
283.124 311.6217329999998
286.455 318.57755399999957
289.786 335.93615999999963
293.117 334.35550799999953
296.448 350.50481999999965
299.779 362.9072249999996
303.11 362.9072249999996
306.44 370.64384999999953
309.771 376.3522889999997
313.102 368.10623699999945
316.433 370.46293199999934
319.764 412.8025049999993
323.095 463.8404249999997
326.426 514.9497599999994
329.757 533.9604329999995
333.087 587.9120849999993
336.418 619.9060049999991
339.749 640.8305999999999
343.08 640.8305999999999
346.411 640.8305999999999
349.742 718.872911999999
353.073 817.726409999999
356.404 900.5482179999988
359.734 935.4879759999997
363.065 935.4879759999997
366.396 961.7293449999991
369.727 933.1036289999995
373.058 903.9490719999997
376.389 895.8851289999989
379.72 850.447907999999
383.051 822.6434049999992
386.381 861.6886289999994
389.712 897.6625299999992
393.043 885.5932999999991
396.374 923.3859239999988
399.705 1021.5759939999992
403.036 1084.6601539999992
406.367 1191.979812999999
409.698 1191.979812999999
413.028 1191.979812999999
416.359 1200.8199849999987
419.69 1240.2498419999993
423.021 1265.8208489999997
426.352 1271.641929999999
429.683 1248.9011559999997
433.014 1248.9011559999997
436.345 1248.9011559999997
439.675 1274.472948999999
443.006 1299.9465759999991
446.337 1335.4655889999992
449.668 1370.581081999999
452.999 1352.438225999999
456.33 1347.113044
459.661 1348.1770449999988
462.992 1393.7099859999996
466.322 1393.5847119999987
469.653 1393.5847119999987
472.984 1437.255936999999
476.315 1446.0504839999994
479.646 1444.4688519999997
482.977 1463.9305219999992
486.308 1473.1563609999987
489.639 1496.8185999999987
492.969 1496.8185999999987
496.3 1536.4846479999994
499.631 1536.4846479999994
502.962 1579.9791249999985
506.293 1579.9791249999985
509.624 1590.370848999999
512.955 1591.0412049999995
516.286 1582.5428199999997
519.616 1582.5428199999997
522.947 1575.521000999999
526.278 1616.6408739999993
529.609 1625.8917249999995
532.94 1646.0648199999998
536.271 1669.360185999999
539.602 1669.360185999999
542.933 1676.1579279999996
546.263 1676.1579279999996
549.594 1676.1579279999996
552.925 1686.6342579999996
556.256 1702.0690019999988
559.587 1734.0819699999993
562.918 1749.7319939999993
566.249 1749.7319939999993
569.58 1749.7319939999993
572.91 1750.8893649999986
576.241 1761.9163929999984
579.572 1787.7918249999993
582.903 1805.307801999999
586.234 1811.8480499999987
589.565 1811.8480499999987
592.896 1811.8480499999987
596.227 1815.2717129999992
599.557 1795.4493759999998
602.888 1795.4493759999998
606.219 1777.4603859999995
609.55 1777.4603859999995
612.881 1775.9391079999982
616.212 1783.4811879999982
619.543 1848.0903249999985
622.874 1848.0903249999985
626.204 1846.9530499999987
629.535 1847.5437159999992
632.866 1820.5609599999996
636.197 1840.6222479999994
639.528 1840.6222479999994
642.859 1851.5312819999988
646.19 1873.189484999999
649.521 1873.189484999999
652.851 1873.189484999999
656.182 1873.189484999999
659.513 1866.2655289999989
662.844 1909.6623849999994
