0.0 0.0
3.331 0.0
6.662 0.0380879999999975
9.993 0.0380879999999975
13.323 0.0380879999999975
16.654 0.00476099999999987
19.985 0.09522000000000133
23.316 0.7617600000000048
26.647 2.0757959999999986
29.978 4.518189000000005
33.309 4.808610000000001
36.64 6.136929000000003
39.97 6.136929000000003
43.301 6.474960000000007
46.632 9.60293700000001
49.963 12.769002000000013
53.294 17.04914099999999
56.625 17.04914099999999
59.956 19.129697999999998
63.287 23.500296000000002
66.617 23.405076000000008
69.948 26.856800999999997
73.279 28.970685
76.61 28.970685
79.941 28.970685
83.272 28.970685
86.603 28.970685
89.934 34.517250000000004
93.264 34.517250000000004
96.595 38.68312499999999
99.926 38.68312499999999
103.257 38.68312499999999
106.588 39.73054499999999
109.919 41.41117799999999
113.25 49.37157
116.581 56.05125299999997
119.911 58.10800499999999
123.242 58.10800499999999
126.573 58.10800499999999
129.904 58.10800499999999
133.235 58.10800499999999
136.566 58.10800499999999
139.897 62.51192999999999
143.228 62.51192999999999
146.558 62.51192999999999
149.889 62.51192999999999
153.22 62.51192999999999
156.551 62.51192999999999
159.882 62.51192999999999
163.213 62.51192999999999
166.544 62.51192999999999
169.875 62.51192999999999
173.205 62.51192999999999
176.536 62.51192999999999
179.867 62.51192999999999
183.198 62.51192999999999
186.529 62.51192999999999
189.86 62.51192999999999
193.191 62.51192999999999
196.522 62.51192999999999
199.852 62.51192999999999
203.183 62.51192999999999
206.514 62.51192999999999
209.845 62.51192999999999
213.176 62.51192999999999
216.507 62.464319999999944
219.838 62.464319999999944
223.169 62.464319999999944
226.499 65.06382599999998
229.83 65.06382599999998
233.161 65.06382599999998
236.492 65.06382599999998
239.823 65.06382599999998
243.154 67.27293
246.485 67.27293
249.816 67.27293
253.146 67.27293
256.477 67.27293
259.808 71.805402
263.139 71.805402
266.47 71.805402
269.801 71.805402
273.132 71.805402
276.463 71.805402
279.793 71.805402
283.124 71.805402
286.455 71.805402
289.786 71.805402
293.117 71.805402
296.448 71.805402
299.779 71.805402
303.11 71.805402
306.44 71.805402
309.771 71.805402
313.102 71.805402
316.433 71.805402
319.764 71.805402
323.095 71.805402
326.426 71.805402
329.757 71.805402
333.087 71.805402
336.418 71.805402
339.749 71.805402
343.08 71.805402
346.411 71.805402
349.742 71.805402
353.073 71.805402
356.404 71.805402
359.734 71.805402
363.065 71.805402
366.396 71.805402
369.727 71.805402
373.058 71.805402
376.389 71.805402
379.72 71.805402
383.051 71.805402
386.381 71.805402
389.712 71.805402
393.043 71.805402
396.374 71.805402
399.705 71.805402
403.036 71.805402
406.367 71.805402
409.698 71.805402
413.028 71.805402
416.359 71.805402
419.69 71.805402
423.021 71.805402
426.352 71.805402
429.683 71.805402
433.014 71.805402
436.345 71.805402
439.675 71.805402
443.006 71.805402
446.337 71.805402
449.668 71.805402
452.999 71.805402
456.33 71.805402
459.661 71.805402
462.992 65.60657999999994
466.322 65.60657999999994
469.653 65.60657999999994
472.984 71.805402
476.315 71.805402
479.646 71.805402
482.977 71.805402
486.308 71.805402
489.639 71.805402
492.969 71.805402
496.3 71.805402
499.631 71.805402
502.962 71.805402
506.293 71.805402
509.624 71.805402
512.955 71.805402
516.286 71.805402
519.616 71.805402
522.947 71.805402
526.278 71.805402
529.609 71.805402
532.94 71.805402
536.271 71.805402
539.602 71.805402
542.933 71.805402
546.263 71.805402
549.594 71.805402
552.925 71.805402
556.256 71.805402
559.587 71.805402
562.918 71.805402
566.249 71.805402
569.58 66.89205
572.91 66.89205
576.241 66.89205
579.572 66.89205
582.903 66.89205
586.234 66.89205
589.565 66.89205
592.896 66.89205
596.227 66.89205
599.557 66.89205
602.888 66.89205
606.219 66.89205
609.55 66.89205
612.881 66.89205
616.212 66.89205
619.543 66.89205
622.874 66.89205
626.204 66.89205
629.535 66.89205
632.866 66.89205
636.197 66.89205
639.528 66.89205
642.859 58.10800499999999
646.19 48.18608099999998
649.521 39.73054499999999
652.851 39.73054499999999
656.182 45.10095299999996
659.513 45.10095299999996
662.844 45.10095299999996
