59
4
37
17
4
2
3
1
2
10
2
11
2
1
2
1
2
1
23
2
9
2
8
5
1
2
5
1
1
3
1
1
3
9
7
15
3
9
5
4
11
12
1
6
1
28
13
1
1
3
9
5
1
1
2
1
4
4
3
1
3
3
11
12
10
4
3
4
1
6
5
1
2
5
2
4
1
4
3
2
1
1
4
2
1
1
1
17
7
1
8
1
10
4
1
1
1
4
5
4
1
5
15
11
2
1
4
2
2
2
1
1
6
1
5
5
3
2
2
34
14
5
4
20
2
1
9
3
3
1
1
1
1
10
5
30
2
6
1
5
9
8
6
2
1
1
2
3
2
1
5
5
1
1
6
13
4
7
14
2
5
5
12
2
19
2
1
3
2
5
1
15
7
4
1
2
1
2
2
1
3
1
1
1
1
2
4
2
1
4
3
4
1
1
1
1
1
1
1
3
1
1
1
1
3
1
1
4
1
1
1
1
12
1
2
1
1
3
2
1
2
4
4
1
2
1
1
1
2
3
2
2
1
3
5
1
5
1
1
1
3
2
1
7
2
10
1
5
16
38
3
8
28
5
8
8
10
1
1
1
3
9
7
15
3
9
5
4
11
12
1
6
1
28
13
1
1
3
9
5
1
1
2
1
4
4
2
2
2
9
2
5
3
2
1
1
1
2
1
1
5
3
6
6
11
4
13
5
8
6
1
1
3
5
1
4
5
2
1
3
4
2
15
21
7
1
1
2
2
1
14
1
12
3
1
4
1
2
2
2
1
3
7
6
2
2
1
1
13
2
7
1
3
2
