0.000 54.792
3.336 54.779
6.671 54.779
10.007 54.992
13.343 55.094
16.678 55.274
20.014 55.498
23.350 55.724
26.685 55.968
30.021 55.937
33.357 55.953
36.693 55.933
40.028 55.998
43.364 55.852
46.700 55.852
50.035 55.860
53.371 55.856
56.707 55.779
60.042 55.536
63.378 55.262
66.714 54.961
70.049 54.594
73.385 54.145
76.721 54.145
80.056 54.143
83.392 54.143
86.728 53.821
90.063 53.759
93.399 53.747
96.735 53.814
100.071 53.476
103.406 53.441
106.742 53.441
110.078 53.439
113.413 53.431
116.749 53.264
120.085 53.277
123.420 53.158
126.756 53.205
130.092 53.071
133.427 52.869
136.763 52.857
140.099 52.968
143.434 52.850
146.770 52.729
150.106 52.554
153.441 52.390
156.777 52.166
160.113 51.988
163.449 51.995
166.784 51.980
170.120 51.988
173.456 51.995
176.791 51.840
180.127 51.853
183.463 51.988
186.798 52.007
190.134 51.906
193.470 51.906
196.805 52.060
200.141 51.927
203.477 51.939
206.812 51.961
210.148 51.988
213.484 52.034
216.819 52.034
220.155 52.034
223.491 52.153
226.827 52.483
230.162 52.639
233.498 52.661
236.834 52.661
240.169 52.563
243.505 52.453
246.841 52.118
250.176 52.027
253.512 52.027
256.848 52.027
260.183 52.027
263.519 52.027
266.855 52.019
270.190 52.019
273.526 52.019
276.862 52.019
280.197 52.025
283.533 52.071
286.869 52.092
290.205 52.092
293.540 52.039
296.876 51.985
300.212 51.985
303.547 51.985
306.883 51.985
310.219 51.985
313.554 52.066
316.890 52.080
320.226 51.952
323.561 51.959
326.897 51.959
330.233 51.959
333.568 51.959
336.904 51.938
340.240 51.945
343.575 51.959
346.911 51.906
350.247 51.838
353.583 51.559
356.918 51.559
360.254 51.419
363.590 51.352
366.925 51.368
370.261 51.373
373.597 51.120
376.932 50.968
380.268 51.045
383.604 51.045
386.939 51.173
390.275 51.237
393.611 51.188
396.946 50.730
400.282 50.461
403.618 50.087
406.953 49.384
410.289 47.749
413.625 47.693
416.961 47.367
420.296 47.171
423.632 45.899
426.968 45.650
430.303 44.383
433.639 44.143
436.975 43.983
440.310 43.566
443.646 43.566
446.982 42.960
450.317 42.670
453.653 42.384
456.989 42.099
460.324 41.529
463.660 41.307
466.996 40.802
470.331 40.450
473.667 39.904
477.003 39.500
480.339 39.064
483.674 38.847
487.010 38.446
490.346 37.197
493.681 36.538
497.017 35.515
500.353 35.093
503.688 34.203
507.024 33.419
510.360 33.098
513.695 32.949
517.031 32.872
520.367 32.110
523.702 31.990
527.038 31.617
530.374 31.335
533.709 31.235
537.045 30.615
540.381 29.745
543.717 29.421
547.052 29.072
550.388 28.729
553.724 28.070
557.059 27.747
560.395 27.617
563.731 27.211
567.066 26.732
570.402 26.739
573.738 26.678
577.073 25.966
580.409 25.362
583.745 25.033
587.080 24.702
590.416 24.220
593.752 23.211
597.087 22.970
600.423 21.989
603.759 21.519
607.095 21.163
610.430 20.936
613.766 20.860
617.102 20.791
620.437 20.800
623.773 20.800
627.109 20.800
630.444 20.734
633.780 20.794
637.116 20.894
640.451 20.676
643.787 20.649
647.123 20.649
650.458 20.649
653.794 20.658
657.130 20.658
660.465 20.658
663.801 20.552
667.137 20.420
670.473 19.766
673.808 19.700
677.144 19.567
680.480 19.567
683.815 19.633
687.151 18.669
690.487 18.576
693.822 18.386
697.158 18.338
700.494 17.904
703.829 17.588
707.165 17.507
710.501 17.179
713.836 17.192
717.172 17.126
720.508 17.165
723.843 17.110
727.179 17.058
730.515 17.389
733.851 17.416
737.186 17.724
740.522 17.695
743.858 17.618
747.193 17.478
750.529 17.767
753.865 17.743
757.200 17.480
760.536 17.398
763.872 17.242
767.207 17.175
770.543 17.175
773.879 17.383
777.214 17.430
780.550 17.478
783.886 17.782
787.221 17.902
790.557 18.031
793.893 18.003
797.229 18.255
800.564 18.752
803.900 18.635
807.236 18.755
810.571 18.849
813.907 18.982
817.243 19.015
820.578 19.029
823.914 19.029
827.250 18.797
830.585 18.486
833.921 18.823
837.257 18.861
840.592 18.625
843.928 18.548
847.264 18.400
850.599 18.203
853.935 18.336
857.271 18.336
860.607 18.336
863.942 18.336
867.278 18.362
870.614 18.200
873.949 18.013
877.285 17.493
880.621 16.574
883.956 16.039
887.292 15.643
890.628 15.423
893.963 15.352
897.299 15.019
900.635 15.000
903.970 14.569
907.306 14.507
910.642 14.526
913.977 14.287
917.313 14.123
920.649 14.411
923.985 13.964
927.320 14.365
930.656 14.387
933.992 14.363
937.327 14.411
940.663 14.589
943.999 14.242
947.334 15.162
950.670 15.265
954.006 15.318
957.341 15.632
960.677 15.740
964.013 15.768
967.348 15.747
970.684 15.805
974.020 15.639
977.355 15.049
980.691 15.286
984.027 15.557
987.363 15.662
990.698 15.925
994.034 15.990
997.370 16.187
1000.705 16.466
1004.041 17.124
1007.377 17.848
1010.712 18.408
1014.048 18.679
1017.384 19.068
1020.719 19.494
1024.055 19.705
1027.391 19.771
1030.726 20.255
1034.062 19.826
1037.398 20.422
1040.733 20.854
1044.069 21.038
1047.405 21.290
1050.741 21.691
1054.076 22.155
1057.412 22.214
1060.748 22.476
1064.083 22.746
1067.419 22.952
1070.755 23.383
1074.090 23.621
1077.426 23.862
1080.762 24.003
1084.097 24.003
1087.433 24.141
1090.769 24.176
1094.104 24.662
1097.440 24.946
1100.776 25.264
1104.111 25.023
1107.447 23.765
1110.783 23.246
1114.119 23.211
1117.454 22.624
1120.790 22.486
1124.126 22.486
1127.461 22.486
1130.797 22.731
1134.133 22.872
1137.468 23.010
1140.804 23.010
1144.140 23.493
1147.475 23.323
1150.811 23.779
1154.147 24.722
1157.482 25.560
1160.818 25.975
1164.154 26.369
1167.489 26.678
1170.825 27.243
1174.161 27.691
1177.497 28.143
1180.832 28.143
1184.168 28.640
1187.504 29.323
1190.839 29.358
1194.175 29.545
1197.511 29.872
1200.846 29.122
1204.182 29.064
1207.518 29.194
1210.853 29.485
1214.189 29.650
1217.525 30.069
1220.860 30.114
1224.196 30.233
1227.532 30.229
1230.867 30.822
1234.203 30.787
1237.539 31.151
1240.875 31.258
1244.210 31.524
1247.546 32.001
1250.882 32.001
1254.217 32.259
1257.553 32.259
1260.889 32.626
1264.224 33.144
1267.560 33.165
1270.896 33.489
1274.231 33.584
1277.567 34.141
1280.903 34.671
1284.238 35.307
1287.574 35.585
1290.910 35.724
1294.245 36.001
1297.581 36.511
1300.917 36.549
1304.253 36.691
1307.588 37.060
1310.924 37.297
1314.260 37.437
1317.595 37.594
1320.931 37.701
1324.267 37.974
1327.602 38.656
1330.938 38.847
